70.198875 -53.516689 4.390469 0.042978 1.000000
79.085938 -73.277504 12.104748 0.107000 1.000000
9.221259 -5.203789 0.075176 0.016037 1.000000
9.259105 -5.941189 0.052710 0.005398 1.000000
17.663616 -17.368610 -2.730413 -0.115232 1.000000
12.588692 8.070885 2.720033 0.186027 1.000000
22.691975 -28.729334 2.112757 0.063547 1.000000
22.691975 -28.729334 2.112757 0.063547 1.000000
12.552519 8.058599 2.820114 0.186853 1.000000
78.750526 -73.215561 13.718219 0.117097 1.000000
14.508767 8.420700 3.274688 0.180316 1.000000
9.252145 -5.208838 -0.695279 -0.065390 1.000000
8.686516 -3.919468 1.126798 0.107024 1.000000
25.383982 -29.564074 3.419053 0.092732 1.000000
44.313358 -16.270229 -1.791893 -0.042070 1.000000
25.231785 -31.675100 5.243116 0.128755 1.000000
12.612786 8.022346 2.344354 0.167438 1.000000
27.601824 -28.822178 3.912381 0.102801 1.000000
21.510216 -27.407455 2.893861 0.087895 1.000000
24.117661 -27.992477 6.157193 0.160764 1.000000
16.888195 7.445811 3.554446 0.190253 1.000000
17.784166 -17.137835 -3.782320 -0.146080 1.000000
44.313358 -16.270229 -1.791893 -0.042070 1.000000
69.183952 -53.439831 11.353077 0.129146 1.000000
55.695240 14.083707 10.559546 0.181780 1.000000
44.466599 -15.700711 -1.809978 -0.041246 1.000000
55.105885 13.728364 11.050223 0.188713 1.000000
25.375282 -29.826664 4.733155 0.116487 1.000000
16.875566 7.475467 3.517644 0.192818 1.000000
9.259105 -5.941189 0.052710 0.005398 1.000000
61.320690 -43.102787 4.507634 0.060066 1.000000
69.183952 -53.439831 11.353077 0.129146 1.000000
9.259105 -5.941189 0.052710 0.005398 1.000000
15.321511 7.632197 3.297612 0.178483 1.000000
26.709436 -28.780844 4.530658 0.114879 1.000000
27.050159 -28.528124 3.350330 0.090204 1.000000
15.314425 7.608167 3.188452 0.184341 1.000000
87.376442 -70.252083 13.441938 0.125888 1.000000
70.025627 -52.822613 5.205666 0.059278 1.000000
26.552433 -28.825201 4.724839 0.115123 1.000000
55.695240 14.083707 10.559546 0.181780 1.000000
9.259105 -5.941189 0.052710 0.005398 1.000000
13.970805 7.858589 3.340836 0.185757 1.000000
70.345535 -52.438213 4.156679 0.051872 1.000000
15.321511 7.632197 3.297612 0.178483 1.000000
70.231834 -52.476822 6.097468 0.065038 1.000000
71.710228 -50.323975 7.536348 0.077221 1.000000
17.663616 -17.368610 -2.730413 -0.115232 1.000000
66.235352 4.817733 10.323815 0.153816 1.000000
16.940928 7.411478 3.708566 0.187062 1.000000
18.395557 7.220228 3.682717 0.184242 1.000000
69.690918 -50.130634 4.269539 0.056284 1.000000
25.255066 -29.510925 3.320055 0.090496 1.000000
12.566706 8.088797 2.412649 0.178115 1.000000
71.710228 -50.323975 7.536348 0.077221 1.000000
69.690918 -50.130634 4.269539 0.056284 1.000000
9.322044 -5.970300 0.019933 0.005555 1.000000
22.691975 -28.729334 2.112757 0.063547 1.000000
87.574089 -69.733475 15.153010 0.134542 1.000000
25.231785 -31.675100 5.243116 0.128755 1.000000
78.753441 -73.703262 11.722333 0.108254 1.000000
66.492172 4.319610 9.608142 0.142742 1.000000
12.566706 8.088797 2.412649 0.178115 1.000000
54.982635 14.053171 11.145010 0.187271 1.000000
79.085938 -73.277504 12.104748 0.107000 1.000000
12.552519 8.058599 2.820114 0.186853 1.000000
15.154178 7.607155 3.125349 0.197839 1.000000
26.552433 -28.825201 4.724839 0.115123 1.000000
69.690918 -50.130634 4.269539 0.056284 1.000000
78.753441 -73.703262 11.722333 0.108254 1.000000
58.970280 -44.592735 4.989135 0.063110 1.000000
13.919161 7.811679 3.341578 0.193422 1.000000
20.259216 -28.143900 4.423044 0.121192 1.000000
19.122868 -32.737141 3.320026 0.083194 1.000000
18.352547 7.274946 3.713477 0.189945 1.000000
26.711388 -28.833855 3.556819 0.095261 1.000000
54.611076 15.784606 9.849578 0.174562 1.000000
72.072151 -52.510925 7.232777 0.074429 1.000000
87.574089 -69.733475 15.153010 0.134542 1.000000
92.383530 -65.567833 21.246092 0.178877 1.000000
23.647537 -33.816246 6.383172 0.153473 1.000000
58.970280 -44.592735 4.989135 0.063110 1.000000
26.709436 -28.780844 4.530658 0.114879 1.000000
55.695240 14.083707 10.559546 0.181780 1.000000
21.510216 -27.407455 2.893861 0.087895 1.000000
70.231834 -52.476822 6.097468 0.065038 1.000000
17.663616 -17.368610 -2.730413 -0.115232 1.000000
25.375282 -29.826664 4.733155 0.116487 1.000000
55.105885 13.728364 11.050223 0.188713 1.000000
12.570305 8.031652 2.933437 0.187924 1.000000
19.412380 -32.685608 2.953046 0.077524 1.000000
92.383530 -65.567833 21.246092 0.178877 1.000000
87.296509 -27.624651 7.594852 0.082757 1.000000
16.940928 7.411478 3.708566 0.187062 1.000000
19.122868 -32.737141 3.320026 0.083194 1.000000
92.373611 -65.737625 20.833822 0.177377 1.000000
19.143927 7.001853 3.962973 0.182470 1.000000
17.024345 7.373014 3.580601 0.186163 1.000000
23.647537 -33.816246 6.383172 0.153473 1.000000
18.365013 7.246245 3.759370 0.196481 1.000000
70.231834 -52.476822 6.097468 0.065038 1.000000
22.491869 -42.568760 8.340730 0.163769 1.000000
51.434158 -32.410870 11.509956 0.190968 1.000000
9.221259 -5.203789 0.075176 0.016037 1.000000
18.352547 7.274946 3.713477 0.189945 1.000000
25.383982 -29.564074 3.419053 0.092732 1.000000
24.530512 -32.457638 6.009057 0.140174 1.000000
16.875566 7.475467 3.517644 0.192818 1.000000
44.790726 -16.434317 1.730814 0.032672 1.000000
51.390305 -32.474758 11.655597 0.193570 1.000000
18.395557 7.220228 3.682717 0.184242 1.000000
13.905660 7.801458 3.207124 0.198493 1.000000
44.313358 -16.270229 -1.791893 -0.042070 1.000000
23.647537 -33.816246 6.383172 0.153473 1.000000
13.924501 7.794476 2.755902 0.187715 1.000000
54.611076 15.784606 9.849578 0.174562 1.000000
54.611076 15.784606 9.849578 0.174562 1.000000
19.143927 7.001853 3.962973 0.182470 1.000000
12.549397 8.013093 3.056587 0.188528 1.000000
12.612786 8.022346 2.344354 0.167438 1.000000
70.343758 -53.513439 10.574545 0.114733 1.000000
24.530512 -32.457638 6.009057 0.140174 1.000000
22.491869 -42.568760 8.340730 0.163769 1.000000
92.735153 -64.920860 21.404148 0.178102 1.000000
16.159307 7.574658 3.269465 0.190759 1.000000
19.900360 -18.958572 -3.099203 -0.118059 1.000000
55.014717 14.334672 10.383925 0.182396 1.000000
9.313703 -4.881981 0.121577 0.002118 1.000000
21.510216 -27.407455 2.893861 0.087895 1.000000
51.390305 -32.474758 11.655597 0.193570 1.000000
16.886681 7.436849 3.462732 0.194655 1.000000
15.239906 7.641665 3.359206 0.204818 1.000000
70.343758 -53.513439 10.574545 0.114733 1.000000
12.570305 8.031652 2.933437 0.187924 1.000000
70.025627 -52.822613 5.205666 0.059278 1.000000
9.221259 -5.203789 0.075176 0.016037 1.000000
16.888195 7.445811 3.554446 0.190253 1.000000
17.603251 7.287703 4.064731 0.199617 1.000000
16.919586 7.442735 3.411974 0.196444 1.000000
9.159131 -5.101105 0.127657 0.007092 1.000000
13.905660 7.801458 3.207124 0.198493 1.000000
16.180054 7.543373 3.566692 0.185855 1.000000
44.574028 -15.309534 -2.065144 -0.043790 1.000000
55.014717 14.334672 10.383925 0.182396 1.000000
78.753441 -73.703262 11.722333 0.108254 1.000000
71.683960 -50.549255 5.205666 0.059278 1.000000
22.691975 -28.729334 2.112757 0.063547 1.000000
12.549397 8.013093 3.056587 0.188528 1.000000
18.352547 7.274946 3.713477 0.189945 1.000000
16.919586 7.442735 3.411974 0.196444 1.000000
70.343758 -53.513439 10.574545 0.114733 1.000000
12.566706 8.088797 2.412649 0.178115 1.000000
22.691975 -28.729334 2.112757 0.063547 1.000000
12.566706 8.088797 2.412649 0.178115 1.000000
55.891171 13.836051 10.403647 0.179369 1.000000
72.506729 -51.735664 7.413266 0.083037 1.000000
70.343758 -53.513439 10.574545 0.114733 1.000000
25.255066 -29.510925 3.320055 0.090496 1.000000
9.313703 -4.881981 0.121577 0.002118 1.000000
70.343758 -53.513439 10.574545 0.114733 1.000000
55.105885 13.728364 11.050223 0.188713 1.000000
70.345535 -52.438213 4.156679 0.051872 1.000000
22.691975 -28.729334 2.112757 0.063547 1.000000
22.491869 -42.568760 8.340730 0.163769 1.000000
71.721634 -50.423531 6.089041 0.065038 1.000000
87.296509 -27.624651 7.594852 0.082757 1.000000
19.228371 7.172642 3.831629 0.180784 1.000000
15.372849 7.669682 3.226557 0.167499 1.000000
70.343758 -53.513439 10.574545 0.114733 1.000000
71.683960 -50.549255 5.205666 0.059278 1.000000
15.410055 7.785507 3.166849 0.186397 1.000000
92.383530 -65.567833 21.246092 0.178877 1.000000
24.152550 -33.285545 6.535594 0.157602 1.000000
19.228371 7.172642 3.831629 0.180784 1.000000
66.492172 4.319610 9.608142 0.142742 1.000000
87.376442 -70.252083 13.441938 0.125888 1.000000
25.383982 -29.564074 3.419053 0.092732 1.000000
15.154178 7.607155 3.125349 0.197839 1.000000
70.875023 -54.209534 4.211555 0.053460 1.000000
12.549397 8.013093 3.056587 0.188528 1.000000
8.686516 -3.919468 1.126798 0.107024 1.000000
17.576059 7.295208 4.181265 0.199617 1.000000
15.154178 7.607155 3.125349 0.197839 1.000000
22.491869 -42.568760 8.340730 0.163769 1.000000
51.390305 -32.474758 11.655597 0.193570 1.000000
13.924501 7.794476 2.755902 0.187715 1.000000
92.383530 -65.567833 21.246092 0.178877 1.000000
92.373611 -65.737625 20.833822 0.177377 1.000000
51.390305 -32.474758 11.655597 0.193570 1.000000
70.198875 -53.516689 4.390469 0.042978 1.000000
51.434158 -32.410870 11.509956 0.190968 1.000000
72.506729 -51.735664 7.413266 0.083037 1.000000
19.122868 -32.737141 3.320026 0.083194 1.000000
59.077538 -44.654633 3.218900 0.043439 1.000000
87.376442 -70.252083 13.441938 0.125888 1.000000
24.152550 -33.285545 6.535594 0.157602 1.000000
66.235352 4.817733 10.323815 0.153816 1.000000
13.924501 7.794476 2.755902 0.187715 1.000000
70.090050 -49.813797 5.072899 0.058927 1.000000
18.376713 7.232933 3.955663 0.187641 1.000000
12.612786 8.022346 2.344354 0.167438 1.000000
55.891171 13.836051 10.403647 0.179369 1.000000
14.051374 7.900668 3.185519 0.189468 1.000000
87.574089 -69.733475 15.153010 0.134542 1.000000
9.313703 -4.881981 0.121577 0.002118 1.000000
12.549397 8.013093 3.056587 0.188528 1.000000
18.352547 7.274946 3.713477 0.189945 1.000000
19.184608 -32.796730 3.686576 0.091201 1.000000
26.552433 -28.825201 4.724839 0.115123 1.000000
58.970280 -44.592735 4.989135 0.063110 1.000000
79.116356 -72.987328 12.949698 0.112504 1.000000
44.466599 -15.700711 -1.809978 -0.041246 1.000000
70.198875 -53.516689 4.390469 0.042978 1.000000
66.492172 4.319610 9.608142 0.142742 1.000000
55.695240 14.083707 10.559546 0.181780 1.000000
92.373611 -65.737625 20.833822 0.177377 1.000000
15.321511 7.632197 3.297612 0.178483 1.000000
14.051374 7.900668 3.185519 0.189468 1.000000
12.552519 8.058599 2.820114 0.186853 1.000000
44.313358 -16.270229 -1.791893 -0.042070 1.000000
87.574089 -69.733475 15.153010 0.134542 1.000000
87.376442 -70.252083 13.441938 0.125888 1.000000
78.750526 -73.215561 13.718219 0.117097 1.000000
12.570305 8.031652 2.933437 0.187924 1.000000
9.322044 -5.970300 0.019933 0.005555 1.000000
92.383530 -65.567833 21.246092 0.178877 1.000000
19.143927 7.001853 3.962973 0.182470 1.000000
13.924501 7.794476 2.755902 0.187715 1.000000
44.313358 -16.270229 -1.791893 -0.042070 1.000000
20.259216 -28.143900 4.423044 0.121192 1.000000
78.750526 -73.215561 13.718219 0.117097 1.000000
61.320690 -43.102787 4.507634 0.060066 1.000000
19.900360 -18.958572 -3.099203 -0.118059 1.000000
70.198875 -53.516689 4.390469 0.042978 1.000000
26.552433 -28.825201 4.724839 0.115123 1.000000
72.506729 -51.735664 7.413266 0.083037 1.000000
27.050159 -28.528124 3.350330 0.090204 1.000000
9.221259 -5.203789 0.075176 0.016037 1.000000
70.343758 -53.513439 10.574545 0.114733 1.000000
8.686516 -3.919468 1.126798 0.107024 1.000000
55.073559 14.141537 10.436619 0.182211 1.000000
16.886681 7.436849 3.462732 0.194655 1.000000
9.252145 -5.208838 -0.695279 -0.065390 1.000000
15.410055 7.785507 3.166849 0.186397 1.000000
59.077538 -44.654633 3.218900 0.043439 1.000000
16.886681 7.436849 3.462732 0.194655 1.000000
13.919161 7.811679 3.341578 0.193422 1.000000
19.122868 -32.737141 3.320026 0.083194 1.000000
55.083069 14.041491 10.625166 0.184784 1.000000
22.491869 -42.568760 8.340730 0.163769 1.000000
26.031065 -29.554522 3.720137 0.099310 1.000000
19.184608 -32.796730 3.686576 0.091201 1.000000
51.434158 -32.410870 11.509956 0.190968 1.000000
19.075535 -33.818478 3.522348 0.084785 1.000000
19.184608 -32.796730 3.686576 0.091201 1.000000
25.255066 -29.510925 3.320055 0.090496 1.000000
70.231834 -52.476822 6.097468 0.065038 1.000000
70.345535 -52.438213 4.156679 0.051872 1.000000
71.721634 -50.423531 6.089041 0.065038 1.000000
9.259105 -5.941189 0.052710 0.005398 1.000000
25.255066 -29.510925 3.320055 0.090496 1.000000
22.491869 -42.568760 8.340730 0.163769 1.000000
92.362343 -65.747818 20.107655 0.179984 1.000000
14.051374 7.900668 3.185519 0.189468 1.000000
14.018822 7.664532 2.818962 0.185596 1.000000
71.721634 -50.423531 6.089041 0.065038 1.000000
92.735153 -64.920860 21.404148 0.178102 1.000000
26.711388 -28.833855 3.556819 0.095261 1.000000
19.228371 7.172642 3.831629 0.180784 1.000000
19.412380 -32.685608 2.953046 0.077524 1.000000
19.075535 -33.818478 3.522348 0.084785 1.000000
72.506729 -51.735664 7.413266 0.083037 1.000000
79.116356 -72.987328 12.949698 0.112504 1.000000
18.376713 7.232933 3.955663 0.187641 1.000000
9.322044 -5.970300 0.019933 0.005555 1.000000
14.508767 8.420700 3.274688 0.180316 1.000000
19.412380 -32.685608 2.953046 0.077524 1.000000
70.090050 -49.813797 5.072899 0.058927 1.000000
71.576599 -50.568260 6.883514 0.071977 1.000000
9.221259 -5.203789 0.075176 0.016037 1.000000
9.286158 -5.985229 0.018764 0.009005 1.000000
20.259216 -28.143900 4.423044 0.121192 1.000000
87.376442 -70.252083 13.441938 0.125888 1.000000
55.105885 13.728364 11.050223 0.188713 1.000000
87.296509 -27.624651 7.594852 0.082757 1.000000
16.159307 7.574658 3.269465 0.190759 1.000000
92.373611 -65.737625 20.833822 0.177377 1.000000
44.790726 -16.434317 1.730814 0.032672 1.000000
13.970805 7.858589 3.340836 0.185757 1.000000
18.919109 -33.482433 2.991423 0.073397 1.000000
24.117661 -27.992477 6.157193 0.160764 1.000000
44.313358 -16.270229 -1.791893 -0.042070 1.000000
20.259216 -28.143900 4.423044 0.121192 1.000000
9.186911 -5.099210 0.120649 0.010288 1.000000
17.603251 7.287703 4.064731 0.199617 1.000000
87.296509 -27.624651 7.594852 0.082757 1.000000
87.376442 -70.252083 13.441938 0.125888 1.000000
55.114319 13.781087 10.948240 0.189760 1.000000
19.122868 -32.737141 3.320026 0.083194 1.000000
12.549397 8.013093 3.056587 0.188528 1.000000
72.072151 -52.510925 7.232777 0.074429 1.000000
71.683960 -50.549255 5.205666 0.059278 1.000000
54.611076 15.784606 9.849578 0.174562 1.000000
16.159307 7.574658 3.269465 0.190759 1.000000
12.549397 8.013093 3.056587 0.188528 1.000000
15.321511 7.632197 3.297612 0.178483 1.000000
44.466599 -15.700711 -1.809978 -0.041246 1.000000
92.735153 -64.920860 21.404148 0.178102 1.000000
70.875023 -54.209534 4.211555 0.053460 1.000000
71.683960 -50.549255 5.205666 0.059278 1.000000
44.313358 -16.270229 -1.791893 -0.042070 1.000000
18.352547 7.274946 3.713477 0.189945 1.000000
17.024345 7.373014 3.580601 0.186163 1.000000
9.313703 -4.881981 0.121577 0.002118 1.000000
25.383982 -29.564074 3.419053 0.092732 1.000000
92.362343 -65.747818 20.107655 0.179984 1.000000
23.647537 -33.816246 6.383172 0.153473 1.000000
55.073559 14.141537 10.436619 0.182211 1.000000
27.601824 -28.822178 3.912381 0.102801 1.000000
15.314425 7.608167 3.188452 0.184341 1.000000
69.183952 -53.439831 11.353077 0.129146 1.000000
14.018822 7.664532 2.818962 0.185596 1.000000
25.255066 -29.510925 3.320055 0.090496 1.000000
13.905660 7.801458 3.207124 0.198493 1.000000
15.372849 7.669682 3.226557 0.167499 1.000000
44.574028 -15.309534 -2.065144 -0.043790 1.000000
70.025627 -52.822613 5.205666 0.059278 1.000000
16.083696 7.518521 3.299677 0.198444 1.000000
69.690918 -50.130634 4.269539 0.056284 1.000000
70.198875 -53.516689 4.390469 0.042978 1.000000
61.320690 -43.102787 4.507634 0.060066 1.000000
55.114319 13.781087 10.948240 0.189760 1.000000
70.343758 -53.513439 10.574545 0.114733 1.000000
54.611076 15.784606 9.849578 0.174562 1.000000
70.875023 -54.209534 4.211555 0.053460 1.000000
13.919161 7.811679 3.341578 0.193422 1.000000
15.410055 7.785507 3.166849 0.186397 1.000000
17.576059 7.295208 4.181265 0.199617 1.000000
70.343758 -53.513439 10.574545 0.114733 1.000000
16.886681 7.436849 3.462732 0.194655 1.000000
15.372849 7.669682 3.226557 0.167499 1.000000
51.390305 -32.474758 11.655597 0.193570 1.000000
16.083696 7.518521 3.299677 0.198444 1.000000
26.711388 -28.833855 3.556819 0.095261 1.000000
69.183952 -53.439831 11.353077 0.129146 1.000000
69.183952 -53.439831 11.353077 0.129146 1.000000
19.900360 -18.958572 -3.099203 -0.118059 1.000000
26.711388 -28.833855 3.556819 0.095261 1.000000
20.259216 -28.143900 4.423044 0.121192 1.000000
13.905660 7.801458 3.207124 0.198493 1.000000
92.735153 -64.920860 21.404148 0.178102 1.000000
18.365013 7.246245 3.759370 0.196481 1.000000
25.231785 -31.675100 5.243116 0.128755 1.000000
78.750526 -73.215561 13.718219 0.117097 1.000000
70.090050 -49.813797 5.072899 0.058927 1.000000
12.566706 8.088797 2.412649 0.178115 1.000000
55.695240 14.083707 10.559546 0.181780 1.000000
61.320690 -43.102787 4.507634 0.060066 1.000000
9.286158 -5.985229 0.018764 0.009005 1.000000
19.412380 -32.685608 2.953046 0.077524 1.000000
18.919109 -33.482433 2.991423 0.073397 1.000000
21.510216 -27.407455 2.893861 0.087895 1.000000
16.229090 7.485982 3.536636 0.195358 1.000000
92.383530 -65.567833 21.246092 0.178877 1.000000
16.886681 7.436849 3.462732 0.194655 1.000000
87.362572 -70.148796 13.016031 0.123058 1.000000
19.184608 -32.796730 3.686576 0.091201 1.000000
15.314425 7.608167 3.188452 0.184341 1.000000
16.159307 7.574658 3.269465 0.190759 1.000000
66.492172 4.319610 9.608142 0.142742 1.000000
69.183952 -53.439831 11.353077 0.129146 1.000000
15.314425 7.608167 3.188452 0.184341 1.000000
51.434158 -32.410870 11.509956 0.190968 1.000000
12.534891 8.032785 3.169611 0.188553 1.000000
27.601824 -28.822178 3.912381 0.102801 1.000000
18.395557 7.220228 3.682717 0.184242 1.000000
13.905660 7.801458 3.207124 0.198493 1.000000
14.051374 7.900668 3.185519 0.189468 1.000000
71.721634 -50.423531 6.089041 0.065038 1.000000
51.434158 -32.410870 11.509956 0.190968 1.000000
78.750526 -73.215561 13.718219 0.117097 1.000000
19.143927 7.001853 3.962973 0.182470 1.000000
12.549397 8.013093 3.056587 0.188528 1.000000
24.117661 -27.992477 6.157193 0.160764 1.000000
26.709436 -28.780844 4.530658 0.114879 1.000000
13.919161 7.811679 3.341578 0.193422 1.000000
69.183952 -53.439831 11.353077 0.129146 1.000000
12.588692 8.070885 2.720033 0.186027 1.000000
25.231785 -31.675100 5.243116 0.128755 1.000000
25.375282 -29.826664 4.733155 0.116487 1.000000
59.077538 -44.654633 3.218900 0.043439 1.000000
16.888195 7.445811 3.554446 0.190253 1.000000
8.686516 -3.919468 1.126798 0.107024 1.000000
92.383530 -65.567833 21.246092 0.178877 1.000000
92.383530 -65.567833 21.246092 0.178877 1.000000
25.231785 -31.675100 5.243116 0.128755 1.000000
18.318083 7.210197 4.214244 0.194865 1.000000
71.710228 -50.323975 7.536348 0.077221 1.000000
70.090050 -49.813797 5.072899 0.058927 1.000000
18.395557 7.220228 3.682717 0.184242 1.000000
14.051374 7.900668 3.185519 0.189468 1.000000
12.534891 8.032785 3.169611 0.188553 1.000000
9.159131 -5.101105 0.127657 0.007092 1.000000
88.512802 -68.422592 14.970575 0.128487 1.000000
66.235352 4.817733 10.323815 0.153816 1.000000
87.574089 -69.733475 15.153010 0.134542 1.000000
58.970280 -44.592735 4.989135 0.063110 1.000000
55.083069 14.041491 10.625166 0.184784 1.000000
13.905660 7.801458 3.207124 0.198493 1.000000
18.352547 7.274946 3.713477 0.189945 1.000000
92.735153 -64.920860 21.404148 0.178102 1.000000
17.663616 -17.368610 -2.730413 -0.115232 1.000000
27.050159 -28.528124 3.350330 0.090204 1.000000
15.154178 7.607155 3.125349 0.197839 1.000000
15.314425 7.608167 3.188452 0.184341 1.000000
44.313358 -16.270229 -1.791893 -0.042070 1.000000
18.365013 7.246245 3.759370 0.196481 1.000000
70.198875 -53.516689 4.390469 0.042978 1.000000
17.576059 7.295208 4.181265 0.199617 1.000000
16.229090 7.485982 3.536636 0.195358 1.000000
12.570305 8.031652 2.933437 0.187924 1.000000
24.530512 -32.457638 6.009057 0.140174 1.000000
55.073559 14.141537 10.436619 0.182211 1.000000
55.073559 14.141537 10.436619 0.182211 1.000000
17.024345 7.373014 3.580601 0.186163 1.000000
44.790726 -16.434317 1.730814 0.032672 1.000000
9.313703 -4.881981 0.121577 0.002118 1.000000
44.790726 -16.434317 1.730814 0.032672 1.000000
16.180054 7.543373 3.566692 0.185855 1.000000
16.180054 7.543373 3.566692 0.185855 1.000000
24.530512 -32.457638 6.009057 0.140174 1.000000
23.647537 -33.816246 6.383172 0.153473 1.000000
26.711388 -28.833855 3.556819 0.095261 1.000000
22.491869 -42.568760 8.340730 0.163769 1.000000
18.376713 7.232933 3.955663 0.187641 1.000000
44.574028 -15.309534 -2.065144 -0.043790 1.000000
71.721634 -50.423531 6.089041 0.065038 1.000000
72.506729 -51.735664 7.413266 0.083037 1.000000
18.390867 7.206036 3.834411 0.187678 1.000000
13.970805 7.858589 3.340836 0.185757 1.000000
21.510216 -27.407455 2.893861 0.087895 1.000000
12.588692 8.070885 2.720033 0.186027 1.000000
12.549397 8.013093 3.056587 0.188528 1.000000
61.320690 -43.102787 4.507634 0.060066 1.000000
70.025627 -52.822613 5.205666 0.059278 1.000000
54.982635 14.053171 11.145010 0.187271 1.000000
70.198875 -53.516689 4.390469 0.042978 1.000000
18.352547 7.274946 3.713477 0.189945 1.000000
25.255066 -29.510925 3.320055 0.090496 1.000000
71.721634 -50.423531 6.089041 0.065038 1.000000
12.549397 8.013093 3.056587 0.188528 1.000000
71.721634 -50.423531 6.089041 0.065038 1.000000
12.612786 8.022346 2.344354 0.167438 1.000000
44.790726 -16.434317 1.730814 0.032672 1.000000
78.753441 -73.703262 11.722333 0.108254 1.000000
51.390305 -32.474758 11.655597 0.193570 1.000000
16.940928 7.411478 3.708566 0.187062 1.000000
24.117661 -27.992477 6.157193 0.160764 1.000000
16.875566 7.475467 3.517644 0.192818 1.000000
17.024345 7.373014 3.580601 0.186163 1.000000
69.690918 -50.130634 4.269539 0.056284 1.000000
92.721420 -65.445999 19.840590 0.179062 1.000000
18.365013 7.246245 3.759370 0.196481 1.000000
13.970805 7.858589 3.340836 0.185757 1.000000
22.691975 -28.729334 2.112757 0.063547 1.000000
9.286158 -5.985229 0.018764 0.009005 1.000000
18.919109 -33.482433 2.991423 0.073397 1.000000
17.663616 -17.368610 -2.730413 -0.115232 1.000000
92.721420 -65.445999 19.840590 0.179062 1.000000
16.919586 7.442735 3.411974 0.196444 1.000000
25.375282 -29.826664 4.733155 0.116487 1.000000
19.184608 -32.796730 3.686576 0.091201 1.000000
44.313358 -16.270229 -1.791893 -0.042070 1.000000
18.919109 -33.482433 2.991423 0.073397 1.000000
9.221259 -5.203789 0.075176 0.016037 1.000000
58.970280 -44.592735 4.989135 0.063110 1.000000
21.510216 -27.407455 2.893861 0.087895 1.000000
70.343758 -53.513439 10.574545 0.114733 1.000000
13.970805 7.858589 3.340836 0.185757 1.000000
87.296509 -27.624651 7.594852 0.082757 1.000000
26.709436 -28.780844 4.530658 0.114879 1.000000
16.940928 7.411478 3.708566 0.187062 1.000000
55.114319 13.781087 10.948240 0.189760 1.000000
16.888195 7.445811 3.554446 0.190253 1.000000
78.753441 -73.703262 11.722333 0.108254 1.000000
78.750526 -73.215561 13.718219 0.117097 1.000000
8.686516 -3.919468 1.126798 0.107024 1.000000
14.018822 7.664532 2.818962 0.185596 1.000000
71.721634 -50.423531 6.089041 0.065038 1.000000
92.721420 -65.445999 19.840590 0.179062 1.000000
44.790726 -16.434317 1.730814 0.032672 1.000000
17.603251 7.287703 4.064731 0.199617 1.000000
92.383530 -65.567833 21.246092 0.178877 1.000000
12.570305 8.031652 2.933437 0.187924 1.000000
87.296509 -27.624651 7.594852 0.082757 1.000000
13.970805 7.858589 3.340836 0.185757 1.000000
18.390867 7.206036 3.834411 0.187678 1.000000
26.552433 -28.825201 4.724839 0.115123 1.000000
14.018822 7.664532 2.818962 0.185596 1.000000
12.612786 8.022346 2.344354 0.167438 1.000000
16.229090 7.485982 3.536636 0.195358 1.000000
9.286158 -5.985229 0.018764 0.009005 1.000000
58.970280 -44.592735 4.989135 0.063110 1.000000
70.875023 -54.209534 4.211555 0.053460 1.000000
18.395557 7.220228 3.682717 0.184242 1.000000
87.376442 -70.252083 13.441938 0.125888 1.000000
70.875023 -54.209534 4.211555 0.053460 1.000000
92.373611 -65.737625 20.833822 0.177377 1.000000
17.784166 -17.137835 -3.782320 -0.146080 1.000000
51.390305 -32.474758 11.655597 0.193570 1.000000
16.875566 7.475467 3.517644 0.192818 1.000000
92.362343 -65.747818 20.107655 0.179984 1.000000
16.940928 7.411478 3.708566 0.187062 1.000000
44.466599 -15.700711 -1.809978 -0.041246 1.000000
18.376713 7.232933 3.955663 0.187641 1.000000
15.410055 7.785507 3.166849 0.186397 1.000000
79.085938 -73.277504 12.104748 0.107000 1.000000
12.570305 8.031652 2.933437 0.187924 1.000000
9.322044 -5.970300 0.019933 0.005555 1.000000
16.229090 7.485982 3.536636 0.195358 1.000000
12.612786 8.022346 2.344354 0.167438 1.000000
18.352547 7.274946 3.713477 0.189945 1.000000
20.259216 -28.143900 4.423044 0.121192 1.000000
22.691975 -28.729334 2.112757 0.063547 1.000000
16.159307 7.574658 3.269465 0.190759 1.000000
44.790726 -16.434317 1.730814 0.032672 1.000000
18.376713 7.232933 3.955663 0.187641 1.000000
58.970280 -44.592735 4.989135 0.063110 1.000000
55.083069 14.041491 10.625166 0.184784 1.000000
18.376713 7.232933 3.955663 0.187641 1.000000
78.753441 -73.703262 11.722333 0.108254 1.000000
19.412380 -32.685608 2.953046 0.077524 1.000000
26.031065 -29.554522 3.720137 0.099310 1.000000
9.286158 -5.985229 0.018764 0.009005 1.000000
71.683960 -50.549255 5.205666 0.059278 1.000000
87.574089 -69.733475 15.153010 0.134542 1.000000
13.924501 7.794476 2.755902 0.187715 1.000000
70.025627 -52.822613 5.205666 0.059278 1.000000
54.982635 14.053171 11.145010 0.187271 1.000000
59.077538 -44.654633 3.218900 0.043439 1.000000
9.286158 -5.985229 0.018764 0.009005 1.000000
9.322044 -5.970300 0.019933 0.005555 1.000000
15.321511 7.632197 3.297612 0.178483 1.000000
19.075535 -33.818478 3.522348 0.084785 1.000000
18.352547 7.274946 3.713477 0.189945 1.000000
16.159307 7.574658 3.269465 0.190759 1.000000
26.552433 -28.825201 4.724839 0.115123 1.000000
9.221259 -5.203789 0.075176 0.016037 1.000000
15.321511 7.632197 3.297612 0.178483 1.000000
70.090050 -49.813797 5.072899 0.058927 1.000000
19.228371 7.172642 3.831629 0.180784 1.000000
26.711388 -28.833855 3.556819 0.095261 1.000000
61.320690 -43.102787 4.507634 0.060066 1.000000
19.122868 -32.737141 3.320026 0.083194 1.000000
27.050159 -28.528124 3.350330 0.090204 1.000000
13.970805 7.858589 3.340836 0.185757 1.000000
12.612786 8.022346 2.344354 0.167438 1.000000
70.090050 -49.813797 5.072899 0.058927 1.000000
16.919586 7.442735 3.411974 0.196444 1.000000
55.073559 14.141537 10.436619 0.182211 1.000000
9.186911 -5.099210 0.120649 0.010288 1.000000
16.875566 7.475467 3.517644 0.192818 1.000000
27.050159 -28.528124 3.350330 0.090204 1.000000
70.875023 -54.209534 4.211555 0.053460 1.000000
27.050159 -28.528124 3.350330 0.090204 1.000000
70.345535 -52.438213 4.156679 0.051872 1.000000
9.313703 -4.881981 0.121577 0.002118 1.000000
12.612786 8.022346 2.344354 0.167438 1.000000
19.078272 7.101513 3.835692 0.186237 1.000000
13.919161 7.811679 3.341578 0.193422 1.000000
13.905660 7.801458 3.207124 0.198493 1.000000
15.239906 7.641665 3.359206 0.204818 1.000000
17.576059 7.295208 4.181265 0.199617 1.000000
15.239906 7.641665 3.359206 0.204818 1.000000
18.365013 7.246245 3.759370 0.196481 1.000000
18.919109 -33.482433 2.991423 0.073397 1.000000
78.753441 -73.703262 11.722333 0.108254 1.000000
26.552433 -28.825201 4.724839 0.115123 1.000000
15.321511 7.632197 3.297612 0.178483 1.000000
70.025627 -52.822613 5.205666 0.059278 1.000000
18.390867 7.206036 3.834411 0.187678 1.000000
15.321511 7.632197 3.297612 0.178483 1.000000
17.024345 7.373014 3.580601 0.186163 1.000000
70.343758 -53.513439 10.574545 0.114733 1.000000
87.574089 -69.733475 15.153010 0.134542 1.000000
12.612786 8.022346 2.344354 0.167438 1.000000
55.114319 13.781087 10.948240 0.189760 1.000000
15.314425 7.608167 3.188452 0.184341 1.000000
9.286158 -5.985229 0.018764 0.009005 1.000000
92.373611 -65.737625 20.833822 0.177377 1.000000
15.372849 7.669682 3.226557 0.167499 1.000000
17.663616 -17.368610 -2.730413 -0.115232 1.000000
55.105885 13.728364 11.050223 0.188713 1.000000
8.686516 -3.919468 1.126798 0.107024 1.000000
15.314425 7.608167 3.188452 0.184341 1.000000
66.235352 4.817733 10.323815 0.153816 1.000000
9.313703 -4.881981 0.121577 0.002118 1.000000
78.753441 -73.703262 11.722333 0.108254 1.000000
15.239906 7.641665 3.359206 0.204818 1.000000
16.888195 7.445811 3.554446 0.190253 1.000000
92.721420 -65.445999 19.840590 0.179062 1.000000
55.014717 14.334672 10.383925 0.182396 1.000000
22.691975 -28.729334 2.112757 0.063547 1.000000
12.552519 8.058599 2.820114 0.186853 1.000000
12.570305 8.031652 2.933437 0.187924 1.000000
71.710228 -50.323975 7.536348 0.077221 1.000000
21.510216 -27.407455 2.893861 0.087895 1.000000
70.198875 -53.516689 4.390469 0.042978 1.000000
54.611076 15.784606 9.849578 0.174562 1.000000
21.510216 -27.407455 2.893861 0.087895 1.000000
15.372849 7.669682 3.226557 0.167499 1.000000
55.891171 13.836051 10.403647 0.179369 1.000000
19.075535 -33.818478 3.522348 0.084785 1.000000
16.886681 7.436849 3.462732 0.194655 1.000000
79.085938 -73.277504 12.104748 0.107000 1.000000
18.318083 7.210197 4.214244 0.194865 1.000000
27.050159 -28.528124 3.350330 0.090204 1.000000
21.510216 -27.407455 2.893861 0.087895 1.000000
15.314425 7.608167 3.188452 0.184341 1.000000
22.691975 -28.729334 2.112757 0.063547 1.000000
44.574028 -15.309534 -2.065144 -0.043790 1.000000
13.905660 7.801458 3.207124 0.198493 1.000000
44.574028 -15.309534 -2.065144 -0.043790 1.000000
12.534891 8.032785 3.169611 0.188553 1.000000
55.083069 14.041491 10.625166 0.184784 1.000000
12.612786 8.022346 2.344354 0.167438 1.000000
9.322044 -5.970300 0.019933 0.005555 1.000000
12.534891 8.032785 3.169611 0.188553 1.000000
70.231834 -52.476822 6.097468 0.065038 1.000000
19.184608 -32.796730 3.686576 0.091201 1.000000
15.239906 7.641665 3.359206 0.204818 1.000000
66.235352 4.817733 10.323815 0.153816 1.000000
25.375282 -29.826664 4.733155 0.116487 1.000000
20.259216 -28.143900 4.423044 0.121192 1.000000
19.078272 7.101513 3.835692 0.186237 1.000000
14.051374 7.900668 3.185519 0.189468 1.000000
58.970280 -44.592735 4.989135 0.063110 1.000000
69.690918 -50.130634 4.269539 0.056284 1.000000
61.320690 -43.102787 4.507634 0.060066 1.000000
17.663616 -17.368610 -2.730413 -0.115232 1.000000
69.183952 -53.439831 11.353077 0.129146 1.000000
12.570305 8.031652 2.933437 0.187924 1.000000
25.255066 -29.510925 3.320055 0.090496 1.000000
69.183952 -53.439831 11.353077 0.129146 1.000000
16.229090 7.485982 3.536636 0.195358 1.000000
87.574089 -69.733475 15.153010 0.134542 1.000000
9.259105 -5.941189 0.052710 0.005398 1.000000
9.159131 -5.101105 0.127657 0.007092 1.000000
16.159307 7.574658 3.269465 0.190759 1.000000
71.683960 -50.549255 5.205666 0.059278 1.000000
16.229090 7.485982 3.536636 0.195358 1.000000
71.710228 -50.323975 7.536348 0.077221 1.000000
