3.127817 3.036891 -0.289251 -0.066251 1.000000
32.384369 22.755207 8.320733 0.194705 1.000000
15.408022 -13.659907 -3.335311 -0.166088 1.000000
22.244946 -15.730112 3.691999 0.132588 1.000000
70.815651 -51.259968 -8.857430 -0.094264 1.000000
3.112096 1.380092 0.355424 0.043475 1.000000
69.048058 -50.980347 4.014349 0.052854 1.000000
22.150114 -16.507748 1.090022 0.042264 1.000000
27.641342 -28.508495 -4.027694 -0.094470 1.000000
5.302457 2.427979 -0.827970 -0.141030 1.000000
86.070564 9.419188 9.960620 0.115342 1.000000
14.583853 0.810438 2.787922 0.188602 1.000000
2.657506 3.505777 0.045628 -0.023918 1.000000
3.505731 2.470830 -1.909608 -0.430871 1.000000
7.822717 -6.531539 0.016750 0.009670 1.000000
70.706894 -52.798344 -13.062407 -0.141996 1.000000
22.209410 -15.903758 2.537772 0.093376 1.000000
58.709816 -81.256157 -14.853874 -0.152702 1.000000
4.483494 2.160542 0.384686 0.062989 1.000000
4.009996 0.091137 0.335595 0.036208 1.000000
5.435892 2.464617 0.784229 0.091602 1.000000
22.153204 -15.796128 3.758170 0.135751 1.000000
22.143757 -15.798400 3.536278 0.127132 1.000000
11.368546 4.687934 -0.682766 -0.066094 1.000000
14.473995 0.822955 2.720502 0.189502 1.000000
3.505731 2.470830 -1.909608 -0.430871 1.000000
13.832448 8.542487 3.024936 0.183959 1.000000
10.006625 -7.408361 -0.100813 -0.009828 1.000000
4.871266 -1.257994 0.030138 0.041573 1.000000
16.581596 -11.562424 -2.046449 -0.100891 1.000000
2.817250 3.478724 0.072432 -0.032296 1.000000
3.779045 2.126868 -1.157121 -0.260761 1.000000
31.772104 -32.512344 -1.562878 -0.028034 1.000000
28.670851 -27.982073 -6.164636 -0.159845 1.000000
33.431351 -28.553282 -8.165730 -0.183639 1.000000
28.670851 -27.982073 -6.164636 -0.159845 1.000000
3.779045 2.126868 -1.157121 -0.260761 1.000000
8.560791 -4.222167 -2.402563 -0.250478 1.000000
4.874515 1.782682 0.221777 0.055375 1.000000
6.383873 -3.852592 -0.063893 0.000750 1.000000
6.441535 -3.876493 0.035526 0.008085 1.000000
7.822717 -6.531539 0.016750 0.009670 1.000000
22.947365 -15.468926 2.234109 0.082526 1.000000
68.522743 -51.593189 3.590163 0.048697 1.000000
21.313080 -12.894702 -0.459279 -0.015783 1.000000
69.588196 -54.503445 -11.189404 -0.118827 1.000000
31.772104 -32.512344 -1.562878 -0.028034 1.000000
4.479505 2.124040 -0.982541 -0.195655 1.000000
8.535742 -7.711943 -0.107574 -0.013907 1.000000
14.410659 -4.431152 2.894565 0.196210 1.000000
13.832448 8.542487 3.024936 0.183959 1.000000
30.385719 22.360472 8.120307 0.199012 1.000000
22.244946 -15.730112 3.691999 0.132588 1.000000
86.070564 9.419188 9.960620 0.115342 1.000000
6.441535 -3.876493 0.035526 0.008085 1.000000
68.522743 -51.593189 3.590163 0.048697 1.000000
19.740976 -16.055040 3.322089 0.128413 1.000000
3.102865 1.357504 0.331748 0.055690 1.000000
14.583853 0.810438 2.787922 0.188602 1.000000
23.842878 -31.029203 1.938777 0.055969 1.000000
10.303325 8.713188 2.371842 0.158533 1.000000
11.368546 4.687934 -0.682766 -0.066094 1.000000
15.019011 -21.065239 -4.713137 -0.171687 1.000000
3.102865 1.357504 0.331748 0.055690 1.000000
30.385719 22.360472 8.120307 0.199012 1.000000
4.169284 3.617172 0.895050 0.130671 1.000000
8.525818 -7.733118 -0.143630 -0.012018 1.000000
1.982442 2.457855 0.410490 0.061255 1.000000
16.599237 -11.712086 -1.633774 -0.084227 1.000000
9.606936 -8.961308 0.092328 0.010288 1.000000
8.684756 -5.317858 -0.321263 -0.031969 1.000000
4.479505 2.124040 -0.982541 -0.195655 1.000000
23.957146 -30.039909 2.253530 0.064699 1.000000
70.456337 -53.439007 -11.117803 -0.135287 1.000000
4.011718 0.017472 0.034204 0.039647 1.000000
3.127817 3.036891 -0.289251 -0.066251 1.000000
28.670851 -27.982073 -6.164636 -0.159845 1.000000
4.169284 3.617172 0.895050 0.130671 1.000000
70.706894 -52.798344 -13.062407 -0.141996 1.000000
8.736720 -5.310791 -0.259588 -0.024789 1.000000
3.102865 1.357504 0.331748 0.055690 1.000000
37.725647 -22.223858 8.322006 0.189625 1.000000
1.975761 2.441856 0.338049 0.060297 1.000000
31.772104 -32.512344 -1.562878 -0.028034 1.000000
3.357234 2.795602 -0.428657 -0.067695 1.000000
4.811947 1.631172 0.124572 0.066967 1.000000
13.992709 -0.147873 2.921816 0.188664 1.000000
30.385719 22.360472 8.120307 0.199012 1.000000
6.381066 1.129738 -0.616718 -0.108376 1.000000
4.811947 1.631172 0.124572 0.066967 1.000000
27.412415 -28.858656 -5.333629 -0.142754 1.000000
4.051187 2.533086 0.278472 0.014149 1.000000
7.839730 -6.515227 0.074314 0.007976 1.000000
6.424897 -3.778713 -0.022172 -0.017356 1.000000
5.349250 2.676260 0.678448 0.086826 1.000000
11.368546 4.687934 -0.682766 -0.066094 1.000000
9.945105 -7.426306 -0.095984 -0.007250 1.000000
6.383873 -3.852592 -0.063893 0.000750 1.000000
3.486254 2.659777 -0.483309 -0.064274 1.000000
3.906060 2.192331 -0.498000 -0.069320 1.000000
7.810847 -6.478373 -0.173769 -0.017381 1.000000
4.240563 2.253064 0.111416 0.037189 1.000000
4.858780 -1.199711 0.276708 0.032998 1.000000
34.254772 -28.609438 -0.556297 -0.016557 1.000000
23.554571 -30.989614 2.317088 0.065815 1.000000
9.895965 -7.375095 -0.134414 -0.012599 1.000000
4.272230 2.170171 -0.032296 0.006596 1.000000
26.429426 -30.848833 -4.771548 -0.121753 1.000000
31.772104 -32.512344 -1.562878 -0.028034 1.000000
70.456337 -53.439007 -11.117803 -0.135287 1.000000
3.114592 1.339108 0.168933 0.049788 1.000000
3.493744 2.471024 -1.890444 -0.428182 1.000000
70.815651 -51.259968 -8.857430 -0.094264 1.000000
7.823076 -6.530349 -0.007319 0.003316 1.000000
11.368546 4.687934 -0.682766 -0.066094 1.000000
22.209410 -15.903758 2.537772 0.093376 1.000000
27.641342 -28.508495 -4.027694 -0.094470 1.000000
8.517059 -3.760030 0.518151 0.058818 1.000000
69.048058 -50.980347 4.014349 0.052854 1.000000
22.247065 -28.655556 -5.353323 -0.137767 1.000000
4.880427 -1.235789 0.139283 0.037334 1.000000
4.051187 2.533086 0.278472 0.014149 1.000000
10.303325 8.713188 2.371842 0.158533 1.000000
6.381066 1.129738 -0.616718 -0.108376 1.000000
21.491121 -26.998396 -4.397365 -0.118535 1.000000
16.599237 -11.712086 -1.633774 -0.084227 1.000000
30.385719 22.360472 8.120307 0.199012 1.000000
5.005386 1.335713 -0.121744 -0.012829 1.000000
9.945105 -7.426306 -0.095984 -0.007250 1.000000
3.842790 1.988835 -1.224340 -0.290638 1.000000
6.441535 -3.876493 0.035526 0.008085 1.000000
16.763769 -25.208519 -0.294065 -0.003994 1.000000
8.525818 -7.733118 -0.143630 -0.012018 1.000000
5.005386 1.335713 -0.121744 -0.012829 1.000000
4.874565 -1.183948 0.320742 0.030020 1.000000
6.383873 -3.852592 -0.063893 0.000750 1.000000
33.431351 -28.553282 -8.165730 -0.183639 1.000000
28.585917 -28.111414 -5.916947 -0.156132 1.000000
8.684756 -5.317858 -0.321263 -0.031969 1.000000
4.051187 2.533086 0.278472 0.014149 1.000000
2.817250 3.478724 0.072432 -0.032296 1.000000
10.303325 8.713188 2.371842 0.158533 1.000000
7.839730 -6.515227 0.074314 0.007976 1.000000
91.075172 2.325542 -9.443818 -0.102461 1.000000
23.937300 -30.130186 2.443210 0.068968 1.000000
3.842790 1.988835 -1.224340 -0.290638 1.000000
86.070564 9.419188 9.960620 0.115342 1.000000
4.009996 0.091137 0.335595 0.036208 1.000000
4.811947 1.631172 0.124572 0.066967 1.000000
3.493744 2.471024 -1.890444 -0.428182 1.000000
4.250798 2.258441 0.194704 0.011583 1.000000
7.843986 -6.475308 -0.113385 -0.011147 1.000000
4.880427 -1.235789 0.139283 0.037334 1.000000
8.544453 -7.770083 -0.084847 -0.007347 1.000000
14.090927 -4.304037 2.121544 0.143011 1.000000
4.079895 3.741819 0.496642 0.117657 1.000000
4.266775 1.899030 -0.051364 -0.049594 1.000000
7.839730 -6.515227 0.074314 0.007976 1.000000
3.779045 2.126868 -1.157121 -0.260761 1.000000
4.001421 0.071324 0.274582 0.036971 1.000000
1.975761 2.441856 0.338049 0.060297 1.000000
33.721882 -27.624361 -8.261672 -0.180415 1.000000
7.822717 -6.531539 0.016750 0.009670 1.000000
9.853890 8.472026 2.277132 0.173468 1.000000
70.706894 -52.798344 -13.062407 -0.141996 1.000000
22.247065 -28.655556 -5.353323 -0.137767 1.000000
4.240563 2.253064 0.111416 0.037189 1.000000
10.006625 -7.408361 -0.100813 -0.009828 1.000000
34.254772 -28.609438 -0.556297 -0.016557 1.000000
9.898874 -7.877834 -0.239750 -0.015759 1.000000
22.309696 -15.774961 3.421407 0.124570 1.000000
9.641398 -8.834581 -0.433177 -0.031739 1.000000
16.581596 -11.562424 -2.046449 -0.100891 1.000000
4.251227 3.578644 0.422554 0.118547 1.000000
13.992709 -0.147873 2.921816 0.188664 1.000000
15.408022 -13.659907 -3.335311 -0.166088 1.000000
8.539412 -7.755783 -0.154554 -0.015057 1.000000
68.522743 -51.593189 3.590163 0.048697 1.000000
30.385719 22.360472 8.120307 0.199012 1.000000
4.027115 0.048849 0.147303 0.036559 1.000000
5.005386 1.335713 -0.121744 -0.012829 1.000000
8.736720 -5.310791 -0.259588 -0.024789 1.000000
14.090927 -4.304037 2.121544 0.143011 1.000000
13.992709 -0.147873 2.921816 0.188664 1.000000
8.653652 -4.304247 -2.412097 -0.249279 1.000000
4.874515 1.782682 0.221777 0.055375 1.000000
7.822717 -6.531539 0.016750 0.009670 1.000000
16.577068 -11.621645 -1.801039 -0.092282 1.000000
4.048243 0.060876 0.206897 0.036607 1.000000
4.902261 -1.241004 0.092309 0.040423 1.000000
14.410659 -4.431152 2.894565 0.196210 1.000000
5.185464 1.336748 -0.709776 -0.154698 1.000000
3.102865 1.357504 0.331748 0.055690 1.000000
2.657506 3.505777 0.045628 -0.023918 1.000000
4.871266 -1.257994 0.030138 0.041573 1.000000
4.027115 0.048849 0.147303 0.036559 1.000000
16.581596 -11.562424 -2.046449 -0.100891 1.000000
70.706894 -52.798344 -13.062407 -0.141996 1.000000
69.048058 -50.980347 4.014349 0.052854 1.000000
14.410659 -4.431152 2.894565 0.196210 1.000000
50.722847 31.204359 7.164528 0.121997 1.000000
9.898874 -7.877834 -0.239750 -0.015759 1.000000
9.895965 -7.375095 -0.134414 -0.012599 1.000000
13.377913 -17.349218 4.275509 0.190882 1.000000
13.644950 0.132823 2.237731 0.162543 1.000000
15.019011 -21.065239 -4.713137 -0.171687 1.000000
33.431351 -28.553282 -8.165730 -0.183639 1.000000
4.169284 3.617172 0.895050 0.130671 1.000000
3.960946 2.302792 0.133558 0.014488 1.000000
50.685947 31.436468 7.275210 0.125497 1.000000
14.410659 -4.431152 2.894565 0.196210 1.000000
7.823076 -6.530349 -0.007319 0.003316 1.000000
69.622269 -54.281639 2.024045 0.030141 1.000000
32.384369 22.755207 8.320733 0.194705 1.000000
26.429426 -30.848833 -4.771548 -0.121753 1.000000
4.009996 0.091137 0.335595 0.036208 1.000000
4.266775 1.899030 -0.051364 -0.049594 1.000000
31.772104 -32.512344 -1.562878 -0.028034 1.000000
5.382441 2.339935 0.376266 0.088965 1.000000
22.150114 -16.507748 1.090022 0.042264 1.000000
7.843986 -6.475308 -0.113385 -0.011147 1.000000
22.153204 -15.796128 3.758170 0.135751 1.000000
4.871266 -1.257994 0.030138 0.041573 1.000000
30.385719 22.360472 8.120307 0.199012 1.000000
25.000643 -25.892799 -5.170130 -0.142668 1.000000
13.832448 8.542487 3.024936 0.183959 1.000000
3.114592 1.339108 0.168933 0.049788 1.000000
82.529007 -73.585602 -6.557178 -0.066991 1.000000
22.947365 -15.468926 2.234109 0.082526 1.000000
4.027115 0.048849 0.147303 0.036559 1.000000
8.539412 -7.755783 -0.154554 -0.015057 1.000000
8.572820 -7.817743 -0.025628 -0.000000 1.000000
70.981514 -50.824787 -10.160590 -0.108217 1.000000
1.975761 2.441856 0.338049 0.060297 1.000000
69.048058 -50.980347 4.014349 0.052854 1.000000
5.333668 2.445782 -0.747021 -0.134615 1.000000
8.539412 -7.755783 -0.154554 -0.015057 1.000000
2.657506 3.505777 0.045628 -0.023918 1.000000
14.473995 0.822955 2.720502 0.189502 1.000000
3.842790 1.988835 -1.224340 -0.290638 1.000000
8.736720 -5.310791 -0.259588 -0.024789 1.000000
3.486254 2.659777 -0.483309 -0.064274 1.000000
15.408022 -13.659907 -3.335311 -0.166088 1.000000
4.048243 0.060876 0.206897 0.036607 1.000000
4.855447 -1.227074 0.184508 0.036825 1.000000
4.048243 0.060876 0.206897 0.036607 1.000000
16.577068 -11.621645 -1.801039 -0.092282 1.000000
15.019011 -21.065239 -4.713137 -0.171687 1.000000
86.070564 9.419188 9.960620 0.115342 1.000000
9.853890 8.472026 2.277132 0.173468 1.000000
8.560791 -4.222167 -2.402563 -0.250478 1.000000
30.126545 6.897800 6.268630 0.190155 1.000000
22.153204 -15.796128 3.758170 0.135751 1.000000
2.421269 3.500895 -1.069821 -0.289485 1.000000
8.653652 -4.304247 -2.412097 -0.249279 1.000000
7.810847 -6.478373 -0.173769 -0.017381 1.000000
31.772104 -32.512344 -1.562878 -0.028034 1.000000
30.125658 6.955119 6.224484 0.198666 1.000000
16.487463 -11.703809 -1.733739 -0.089657 1.000000
6.441535 -3.876493 0.035526 0.008085 1.000000
5.005386 1.335713 -0.121744 -0.012829 1.000000
3.112096 1.380092 0.355424 0.043475 1.000000
16.599237 -11.712086 -1.633774 -0.084227 1.000000
4.272230 2.170171 -0.032296 0.006596 1.000000
14.598228 0.677353 3.103477 0.198604 1.000000
58.709816 -81.256157 -14.853874 -0.152702 1.000000
13.377913 -17.349218 4.275509 0.190882 1.000000
4.169284 3.617172 0.895050 0.130671 1.000000
30.385719 22.360472 8.120307 0.199012 1.000000
82.529007 -73.585602 -6.557178 -0.066991 1.000000
9.609802 -8.888637 -0.182522 -0.014367 1.000000
5.302457 2.427979 -0.827970 -0.141030 1.000000
33.659058 23.915098 7.515515 0.185941 1.000000
3.114013 1.353512 0.214883 0.043402 1.000000
4.885503 -1.218622 0.229671 0.035723 1.000000
37.725647 -22.223858 8.322006 0.189625 1.000000
86.070564 9.419188 9.960620 0.115342 1.000000
22.309696 -15.774961 3.421407 0.124570 1.000000
29.269133 -18.981367 4.669452 0.130427 1.000000
4.885503 -1.218622 0.229671 0.035723 1.000000
3.968635 2.442621 0.229623 0.080802 1.000000
16.577068 -11.621645 -1.801039 -0.092282 1.000000
33.431351 -28.553282 -8.165730 -0.183639 1.000000
70.456337 -53.439007 -11.117803 -0.135287 1.000000
3.486254 2.659777 -0.483309 -0.064274 1.000000
10.303325 8.713188 2.371842 0.158533 1.000000
7.843986 -6.475308 -0.113385 -0.011147 1.000000
4.250798 2.258441 0.194704 0.011583 1.000000
23.842878 -31.029203 1.938777 0.055969 1.000000
7.810847 -6.478373 -0.173769 -0.017381 1.000000
69.588196 -54.503445 -11.189404 -0.118827 1.000000
9.568781 -9.027416 -0.119518 -0.010179 1.000000
10.303325 8.713188 2.371842 0.158533 1.000000
33.540455 -28.244669 -8.336426 -0.187875 1.000000
6.424897 -3.778713 -0.022172 -0.017356 1.000000
8.736720 -5.310791 -0.259588 -0.024789 1.000000
86.070564 9.419188 9.960620 0.115342 1.000000
70.706894 -52.798344 -13.062407 -0.141996 1.000000
9.609802 -8.888637 -0.182522 -0.014367 1.000000
13.644950 0.132823 2.237731 0.162543 1.000000
6.381066 1.129738 -0.616718 -0.108376 1.000000
13.992709 -0.147873 2.921816 0.188664 1.000000
3.357234 2.795602 -0.428657 -0.067695 1.000000
13.644950 0.132823 2.237731 0.162543 1.000000
4.048243 0.060876 0.206897 0.036607 1.000000
49.372562 33.358524 8.117957 0.125131 1.000000
4.483494 2.160542 0.384686 0.062989 1.000000
22.244946 -15.730112 3.691999 0.132588 1.000000
27.641342 -28.508495 -4.027694 -0.094470 1.000000
3.357234 2.795602 -0.428657 -0.067695 1.000000
8.535742 -7.711943 -0.107574 -0.013907 1.000000
14.583853 0.810438 2.787922 0.188602 1.000000
8.539412 -7.755783 -0.154554 -0.015057 1.000000
21.313080 -12.894702 -0.459279 -0.015783 1.000000
30.483103 -27.745672 -6.097875 -0.156364 1.000000
26.429426 -30.848833 -4.771548 -0.121753 1.000000
22.143757 -15.798400 3.536278 0.127132 1.000000
27.641342 -28.508495 -4.027694 -0.094470 1.000000
5.185464 1.336748 -0.709776 -0.154698 1.000000
23.554571 -30.989614 2.317088 0.065815 1.000000
3.127817 3.036891 -0.289251 -0.066251 1.000000
5.185464 1.336748 -0.709776 -0.154698 1.000000
30.125658 6.955119 6.224484 0.198666 1.000000
4.051187 2.533086 0.278472 0.014149 1.000000
33.540455 -28.244669 -8.336426 -0.187875 1.000000
3.779045 2.126868 -1.157121 -0.260761 1.000000
19.418291 -21.324526 3.112952 0.103580 1.000000
9.568781 -9.027416 -0.119518 -0.010179 1.000000
22.247065 -28.655556 -5.353323 -0.137767 1.000000
22.947365 -15.468926 2.234109 0.082526 1.000000
9.945105 -7.426306 -0.095984 -0.007250 1.000000
22.209410 -15.903758 2.537772 0.093376 1.000000
22.143757 -15.798400 3.536278 0.127132 1.000000
16.487463 -11.703809 -1.733739 -0.089657 1.000000
13.644950 0.132823 2.237731 0.162543 1.000000
4.855447 -1.227074 0.184508 0.036825 1.000000
14.448187 0.808682 2.750510 0.197222 1.000000
9.568781 -9.027416 -0.119518 -0.010179 1.000000
16.577068 -11.621645 -1.801039 -0.092282 1.000000
31.714561 -30.200563 5.294467 0.116560 1.000000
25.422640 -27.088396 -4.382615 -0.124253 1.000000
3.968635 2.442621 0.229623 0.080802 1.000000
23.842878 -31.029203 1.938777 0.055969 1.000000
3.127817 3.036891 -0.289251 -0.066251 1.000000
15.408022 -13.659907 -3.335311 -0.166088 1.000000
22.150114 -16.507748 1.090022 0.042264 1.000000
4.048243 0.060876 0.206897 0.036607 1.000000
3.993343 0.035799 0.092849 0.037600 1.000000
2.936650 3.002005 -1.205661 -0.266151 1.000000
13.832448 8.542487 3.024936 0.183959 1.000000
70.456337 -53.439007 -11.117803 -0.135287 1.000000
14.780030 0.882268 3.042537 0.192176 1.000000
4.001421 0.071324 0.274582 0.036971 1.000000
8.653652 -4.304247 -2.412097 -0.249279 1.000000
50.722847 31.204359 7.164528 0.121997 1.000000
5.185464 1.336748 -0.709776 -0.154698 1.000000
19.740976 -16.055040 3.322089 0.128413 1.000000
84.803650 -71.998779 11.020094 0.106477 1.000000
1.970134 2.429085 0.252523 0.057193 1.000000
4.874565 -1.183948 0.320742 0.030020 1.000000
23.001932 -15.611856 2.124404 0.077172 1.000000
9.641398 -8.834581 -0.433177 -0.031739 1.000000
4.001421 0.071324 0.274582 0.036971 1.000000
8.525818 -7.733118 -0.143630 -0.012018 1.000000
70.742348 -54.607925 4.974736 0.062613 1.000000
8.525818 -7.733118 -0.143630 -0.012018 1.000000
70.706894 -52.798344 -13.062407 -0.141996 1.000000
4.051187 2.533086 0.278472 0.014149 1.000000
16.577068 -11.621645 -1.801039 -0.092282 1.000000
9.898874 -7.877834 -0.239750 -0.015759 1.000000
3.102865 1.357504 0.331748 0.055690 1.000000
6.441535 -3.876493 0.035526 0.008085 1.000000
33.540455 -28.244669 -8.336426 -0.187875 1.000000
4.272230 2.170171 -0.032296 0.006596 1.000000
23.842878 -31.029203 1.938777 0.055969 1.000000
21.313080 -12.894702 -0.459279 -0.015783 1.000000
4.874565 -1.183948 0.320742 0.030020 1.000000
3.486254 2.659777 -0.483309 -0.064274 1.000000
13.377913 -17.349218 4.275509 0.190882 1.000000
27.641342 -28.508495 -4.027694 -0.094470 1.000000
16.577068 -11.621645 -1.801039 -0.092282 1.000000
4.855447 -1.227074 0.184508 0.036825 1.000000
19.418291 -21.324526 3.112952 0.103580 1.000000
4.858780 -1.199711 0.276708 0.032998 1.000000
30.385719 22.360472 8.120307 0.199012 1.000000
3.505731 2.470830 -1.909608 -0.430871 1.000000
4.272230 2.170171 -0.032296 0.006596 1.000000
2.421269 3.500895 -1.069821 -0.289485 1.000000
14.448187 0.808682 2.750510 0.197222 1.000000
22.153204 -15.796128 3.758170 0.135751 1.000000
4.169284 3.617172 0.895050 0.130671 1.000000
23.957146 -30.039909 2.253530 0.064699 1.000000
22.947365 -15.468926 2.234109 0.082526 1.000000
25.055225 -20.191040 -6.150099 -0.198024 1.000000
4.048243 0.060876 0.206897 0.036607 1.000000
30.962969 -27.911793 -5.821240 -0.143402 1.000000
19.740976 -16.055040 3.322089 0.128413 1.000000
70.706894 -52.798344 -13.062407 -0.141996 1.000000
3.114592 1.339108 0.168933 0.049788 1.000000
6.424897 -3.778713 -0.022172 -0.017356 1.000000
3.842790 1.988835 -1.224340 -0.290638 1.000000
3.114592 1.339108 0.168933 0.049788 1.000000
13.537550 0.131600 2.183431 0.143194 1.000000
31.714561 -30.200563 5.294467 0.116560 1.000000
8.653652 -4.304247 -2.412097 -0.249279 1.000000
2.763948 3.107680 -1.312858 -0.305769 1.000000
5.435892 2.464617 0.784229 0.091602 1.000000
1.970134 2.429085 0.252523 0.057193 1.000000
82.956444 -23.153149 5.109801 0.056381 1.000000
91.075172 2.325542 -9.443818 -0.102461 1.000000
4.266775 1.899030 -0.051364 -0.049594 1.000000
4.251227 3.578644 0.422554 0.118547 1.000000
3.906060 2.192331 -0.498000 -0.069320 1.000000
3.779045 2.126868 -1.157121 -0.260761 1.000000
2.657506 3.505777 0.045628 -0.023918 1.000000
15.308118 -13.492410 4.277103 0.207477 1.000000
22.247065 -28.655556 -5.353323 -0.137767 1.000000
33.540455 -28.244669 -8.336426 -0.187875 1.000000
14.448187 0.808682 2.750510 0.197222 1.000000
8.560791 -4.222167 -2.402563 -0.250478 1.000000
19.418291 -21.324526 3.112952 0.103580 1.000000
4.738415 1.433576 -0.295798 -0.080839 1.000000
70.981514 -50.824787 -10.160590 -0.108217 1.000000
8.572820 -7.817743 -0.025628 -0.000000 1.000000
70.742348 -54.607925 4.974736 0.062613 1.000000
30.483103 -27.745672 -6.097875 -0.156364 1.000000
22.247065 -28.655556 -5.353323 -0.137767 1.000000
3.493744 2.471024 -1.890444 -0.428182 1.000000
3.968635 2.442621 0.229623 0.080802 1.000000
4.001421 0.071324 0.274582 0.036971 1.000000
7.823076 -6.530349 -0.007319 0.003316 1.000000
5.185464 1.336748 -0.709776 -0.154698 1.000000
7.833219 -6.427915 -0.226132 -0.028530 1.000000
4.079895 3.741819 0.496642 0.117657 1.000000
4.009996 0.091137 0.335595 0.036208 1.000000
4.272230 2.170171 -0.032296 0.006596 1.000000
3.779045 2.126868 -1.157121 -0.260761 1.000000
69.048058 -50.980347 4.014349 0.052854 1.000000
30.126545 6.897800 6.268630 0.190155 1.000000
10.006625 -7.408361 -0.100813 -0.009828 1.000000
5.333668 2.445782 -0.747021 -0.134615 1.000000
3.779045 2.126868 -1.157121 -0.260761 1.000000
30.126545 6.897800 6.268630 0.190155 1.000000
14.410659 -4.431152 2.894565 0.196210 1.000000
3.505731 2.470830 -1.909608 -0.430871 1.000000
11.309035 4.871027 -0.586265 -0.064505 1.000000
4.811947 1.631172 0.124572 0.066967 1.000000
15.308118 -13.492410 4.277103 0.207477 1.000000
10.303325 8.713188 2.371842 0.158533 1.000000
6.381066 1.129738 -0.616718 -0.108376 1.000000
1.970134 2.429085 0.252523 0.057193 1.000000
4.009996 0.091137 0.335595 0.036208 1.000000
22.309696 -15.774961 3.421407 0.124570 1.000000
8.525818 -7.733118 -0.143630 -0.012018 1.000000
4.479505 2.124040 -0.982541 -0.195655 1.000000
4.240563 2.253064 0.111416 0.037189 1.000000
16.581596 -11.562424 -2.046449 -0.100891 1.000000
3.968635 2.442621 0.229623 0.080802 1.000000
7.843986 -6.475308 -0.113385 -0.011147 1.000000
31.714561 -30.200563 5.294467 0.116560 1.000000
13.377913 -17.349218 4.275509 0.190882 1.000000
4.079895 3.741819 0.496642 0.117657 1.000000
1.972397 2.421330 0.125816 0.040265 1.000000
33.721882 -27.624361 -8.261672 -0.180415 1.000000
14.780030 0.882268 3.042537 0.192176 1.000000
3.127817 3.036891 -0.289251 -0.066251 1.000000
6.424897 -3.778713 -0.022172 -0.017356 1.000000
1.972397 2.421330 0.125816 0.040265 1.000000
86.070564 9.419188 9.960620 0.115342 1.000000
5.005386 1.335713 -0.121744 -0.012829 1.000000
3.112096 1.380092 0.355424 0.043475 1.000000
9.606936 -8.961308 0.092328 0.010288 1.000000
4.738415 1.433576 -0.295798 -0.080839 1.000000
4.266775 1.899030 -0.051364 -0.049594 1.000000
23.957146 -30.039909 2.253530 0.064699 1.000000
1.975761 2.441856 0.338049 0.060297 1.000000
25.000643 -25.892799 -5.170130 -0.142668 1.000000
16.763769 -25.208519 -0.294065 -0.003994 1.000000
50.722847 31.204359 7.164528 0.121997 1.000000
30.126545 6.897800 6.268630 0.190155 1.000000
4.874515 1.782682 0.221777 0.055375 1.000000
9.568781 -9.027416 -0.119518 -0.010179 1.000000
1.970134 2.429085 0.252523 0.057193 1.000000
16.577068 -11.621645 -1.801039 -0.092282 1.000000
3.128898 1.345383 0.093511 0.046783 1.000000
49.372562 33.358524 8.117957 0.125131 1.000000
3.127817 3.036891 -0.289251 -0.066251 1.000000
4.646172 1.716701 0.160554 -0.006427 1.000000
19.744362 -15.942898 3.215784 0.124253 1.000000
3.493744 2.471024 -1.890444 -0.428182 1.000000
7.839730 -6.515227 0.074314 0.007976 1.000000
7.833219 -6.427915 -0.226132 -0.028530 1.000000
25.055225 -20.191040 -6.150099 -0.198024 1.000000
4.272230 2.170171 -0.032296 0.006596 1.000000
10.303325 8.713188 2.371842 0.158533 1.000000
4.874565 -1.183948 0.320742 0.030020 1.000000
30.385719 22.360472 8.120307 0.199012 1.000000
10.006625 -7.408361 -0.100813 -0.009828 1.000000
14.165217 -4.530064 2.676465 0.184464 1.000000
23.937300 -30.130186 2.443210 0.068968 1.000000
13.553112 -23.303900 -4.129068 -0.158815 1.000000
4.169284 3.617172 0.895050 0.130671 1.000000
23.554571 -30.989614 2.317088 0.065815 1.000000
4.646172 1.716701 0.160554 -0.006427 1.000000
5.185464 1.336748 -0.709776 -0.154698 1.000000
25.422640 -27.088396 -4.382615 -0.124253 1.000000
16.763769 -25.208519 -0.294065 -0.003994 1.000000
31.772104 -32.512344 -1.562878 -0.028034 1.000000
3.114592 1.339108 0.168933 0.049788 1.000000
2.657506 3.505777 0.045628 -0.023918 1.000000
30.483103 -27.745672 -6.097875 -0.156364 1.000000
70.742348 -54.607925 4.974736 0.062613 1.000000
68.522743 -51.593189 3.590163 0.048697 1.000000
49.372562 33.358524 8.117957 0.125131 1.000000
13.644950 0.132823 2.237731 0.162543 1.000000
9.609802 -8.888637 -0.182522 -0.014367 1.000000
22.309696 -15.774961 3.421407 0.124570 1.000000
16.487463 -11.703809 -1.733739 -0.089657 1.000000
3.779045 2.126868 -1.157121 -0.260761 1.000000
21.313080 -12.894702 -0.459279 -0.015783 1.000000
10.006625 -7.408361 -0.100813 -0.009828 1.000000
3.357234 2.795602 -0.428657 -0.067695 1.000000
111.718292 12.340138 14.264039 0.125729 1.000000
4.738415 1.433576 -0.295798 -0.080839 1.000000
3.906922 2.680247 -0.572779 -0.107998 1.000000
50.722847 31.204359 7.164528 0.121997 1.000000
3.779045 2.126868 -1.157121 -0.260761 1.000000
70.981514 -50.824787 -10.160590 -0.108217 1.000000
11.309035 4.871027 -0.586265 -0.064505 1.000000
19.256163 7.332040 3.383250 0.166432 1.000000
9.568781 -9.027416 -0.119518 -0.010179 1.000000
9.641398 -8.834581 -0.433177 -0.031739 1.000000
9.853890 8.472026 2.277132 0.173468 1.000000
28.585917 -28.111414 -5.916947 -0.156132 1.000000
9.898874 -7.877834 -0.239750 -0.015759 1.000000
14.583853 0.810438 2.787922 0.188602 1.000000
33.431351 -28.553282 -8.165730 -0.183639 1.000000
33.659058 23.915098 7.515515 0.185941 1.000000
32.384369 22.755207 8.320733 0.194705 1.000000
3.842790 1.988835 -1.224340 -0.290638 1.000000
3.127817 3.036891 -0.289251 -0.066251 1.000000
5.435892 2.464617 0.784229 0.091602 1.000000
6.414429 -3.886397 -0.128035 -0.001670 1.000000
14.780030 0.882268 3.042537 0.192176 1.000000
14.583853 0.810438 2.787922 0.188602 1.000000
3.493744 2.471024 -1.890444 -0.428182 1.000000
8.584687 -7.793121 0.082724 0.006947 1.000000
69.622269 -54.281639 2.024045 0.030141 1.000000
21.994514 7.124363 -2.683342 -0.124253 1.000000
4.913384 1.626463 -1.042502 -0.174390 1.000000
10.303325 8.713188 2.371842 0.158533 1.000000
22.247065 -28.655556 -5.353323 -0.137767 1.000000
7.839730 -6.515227 0.074314 0.007976 1.000000
111.718292 12.340138 14.264039 0.125729 1.000000
9.606936 -8.961308 0.092328 0.010288 1.000000
8.539412 -7.755783 -0.154554 -0.015057 1.000000
9.595321 -8.848569 -0.419583 -0.034028 1.000000
68.522743 -51.593189 3.590163 0.048697 1.000000
58.709816 -81.256157 -14.853874 -0.152702 1.000000
30.483103 -27.745672 -6.097875 -0.156364 1.000000
23.957146 -30.039909 2.253530 0.064699 1.000000
30.962969 -27.911793 -5.821240 -0.143402 1.000000
6.441535 -3.876493 0.035526 0.008085 1.000000
33.431351 -28.553282 -8.165730 -0.183639 1.000000
22.209410 -15.903758 2.537772 0.093376 1.000000
3.102865 1.357504 0.331748 0.055690 1.000000
22.209410 -15.903758 2.537772 0.093376 1.000000
9.595321 -8.848569 -0.419583 -0.034028 1.000000
14.448187 0.808682 2.750510 0.197222 1.000000
4.858780 -1.199711 0.276708 0.032998 1.000000
1.970134 2.429085 0.252523 0.057193 1.000000
4.483494 2.160542 0.384686 0.062989 1.000000
8.684756 -5.317858 -0.321263 -0.031969 1.000000
70.815651 -51.259968 -8.857430 -0.094264 1.000000
8.560791 -4.222167 -2.402563 -0.250478 1.000000
4.027115 0.048849 0.147303 0.036559 1.000000
25.422640 -27.088396 -4.382615 -0.124253 1.000000
22.150114 -16.507748 1.090022 0.042264 1.000000
1.972397 2.421330 0.125816 0.040265 1.000000
14.780030 0.882268 3.042537 0.192176 1.000000
4.913384 1.626463 -1.042502 -0.174390 1.000000
4.001421 0.071324 0.274582 0.036971 1.000000
82.956444 -23.153149 5.109801 0.056381 1.000000
3.779045 2.126868 -1.157121 -0.260761 1.000000
50.685947 31.436468 7.275210 0.125497 1.000000
3.486254 2.659777 -0.483309 -0.064274 1.000000
9.568781 -9.027416 -0.119518 -0.010179 1.000000
3.357234 2.795602 -0.428657 -0.067695 1.000000
22.947365 -15.468926 2.234109 0.082526 1.000000
5.435892 2.464617 0.784229 0.091602 1.000000
4.001421 0.071324 0.274582 0.036971 1.000000
9.853890 8.472026 2.277132 0.173468 1.000000
19.256163 7.332040 3.383250 0.166432 1.000000
70.742348 -54.607925 4.974736 0.062613 1.000000
22.150114 -16.507748 1.090022 0.042264 1.000000
3.357234 2.795602 -0.428657 -0.067695 1.000000
5.435892 2.464617 0.784229 0.091602 1.000000
8.539412 -7.755783 -0.154554 -0.015057 1.000000
14.780030 0.882268 3.042537 0.192176 1.000000
9.568781 -9.027416 -0.119518 -0.010179 1.000000
25.422640 -27.088396 -4.382615 -0.124253 1.000000
14.090927 -4.304037 2.121544 0.143011 1.000000
1.970134 2.429085 0.252523 0.057193 1.000000
9.895965 -7.375095 -0.134414 -0.012599 1.000000
4.913384 1.626463 -1.042502 -0.174390 1.000000
2.817250 3.478724 0.072432 -0.032296 1.000000
9.895965 -7.375095 -0.134414 -0.012599 1.000000
3.114013 1.353512 0.214883 0.043402 1.000000
28.585917 -28.111414 -5.916947 -0.156132 1.000000
13.832448 8.542487 3.024936 0.183959 1.000000
15.408022 -13.659907 -3.335311 -0.166088 1.000000
58.709816 -81.256157 -14.853874 -0.152702 1.000000
69.048058 -50.980347 4.014349 0.052854 1.000000
33.106941 -30.515947 4.369584 0.096744 1.000000
6.383873 -3.852592 -0.063893 0.000750 1.000000
2.421269 3.500895 -1.069821 -0.289485 1.000000
31.714561 -30.200563 5.294467 0.116560 1.000000
3.960946 2.302792 0.133558 0.014488 1.000000
14.090927 -4.304037 2.121544 0.143011 1.000000
33.540455 -28.244669 -8.336426 -0.187875 1.000000
7.839730 -6.515227 0.074314 0.007976 1.000000
1.975761 2.441856 0.338049 0.060297 1.000000
34.254772 -28.609438 -0.556297 -0.016557 1.000000
70.706894 -52.798344 -13.062407 -0.141996 1.000000
22.143757 -15.798400 3.536278 0.127132 1.000000
4.738415 1.433576 -0.295798 -0.080839 1.000000
3.797397 2.881299 -0.093767 -0.019668 1.000000
19.740976 -16.055040 3.322089 0.128413 1.000000
22.143757 -15.798400 3.536278 0.127132 1.000000
30.483103 -27.745672 -6.097875 -0.156364 1.000000
8.525818 -7.733118 -0.143630 -0.012018 1.000000
69.588196 -54.503445 -11.189404 -0.118827 1.000000
23.957146 -30.039909 2.253530 0.064699 1.000000
82.956444 -23.153149 5.109801 0.056381 1.000000
50.685947 31.436468 7.275210 0.125497 1.000000
86.070564 9.419188 9.960620 0.115342 1.000000
23.957146 -30.039909 2.253530 0.064699 1.000000
1.972397 2.421330 0.125816 0.040265 1.000000
8.544453 -7.770083 -0.084847 -0.007347 1.000000
30.126545 6.897800 6.268630 0.190155 1.000000
14.448187 0.808682 2.750510 0.197222 1.000000
13.644950 0.132823 2.237731 0.162543 1.000000
14.473995 0.822955 2.720502 0.189502 1.000000
9.641398 -8.834581 -0.433177 -0.031739 1.000000
21.994514 7.124363 -2.683342 -0.124253 1.000000
9.568781 -9.027416 -0.119518 -0.010179 1.000000
5.333668 2.445782 -0.747021 -0.134615 1.000000
22.209410 -15.903758 2.537772 0.093376 1.000000
16.581596 -11.562424 -2.046449 -0.100891 1.000000
3.842790 1.988835 -1.224340 -0.290638 1.000000
4.250798 2.258441 0.194704 0.011583 1.000000
15.408022 -13.659907 -3.335311 -0.166088 1.000000
5.333668 2.445782 -0.747021 -0.134615 1.000000
7.843986 -6.475308 -0.113385 -0.011147 1.000000
33.540455 -28.244669 -8.336426 -0.187875 1.000000
16.599237 -11.712086 -1.633774 -0.084227 1.000000
14.780030 0.882268 3.042537 0.192176 1.000000
1.982442 2.457855 0.410490 0.061255 1.000000
7.833219 -6.427915 -0.226132 -0.028530 1.000000
3.960946 2.302792 0.133558 0.014488 1.000000
3.779045 2.126868 -1.157121 -0.260761 1.000000
70.981514 -50.824787 -10.160590 -0.108217 1.000000
9.606936 -8.961308 0.092328 0.010288 1.000000
4.001421 0.071324 0.274582 0.036971 1.000000
86.070564 9.419188 9.960620 0.115342 1.000000
22.309696 -15.774961 3.421407 0.124570 1.000000
25.055225 -20.191040 -6.150099 -0.198024 1.000000
3.906922 2.680247 -0.572779 -0.107998 1.000000
22.947365 -15.468926 2.234109 0.082526 1.000000
69.048058 -50.980347 4.014349 0.052854 1.000000
9.945105 -7.426306 -0.095984 -0.007250 1.000000
23.957146 -30.039909 2.253530 0.064699 1.000000
68.522743 -51.593189 3.590163 0.048697 1.000000
9.595321 -8.848569 -0.419583 -0.034028 1.000000
4.011718 0.017472 0.034204 0.039647 1.000000
9.595321 -8.848569 -0.419583 -0.034028 1.000000
9.606936 -8.961308 0.092328 0.010288 1.000000
10.303325 8.713188 2.371842 0.158533 1.000000
3.906060 2.192331 -0.498000 -0.069320 1.000000
22.150114 -16.507748 1.090022 0.042264 1.000000
9.609802 -8.888637 -0.182522 -0.014367 1.000000
111.718292 12.340138 14.264039 0.125729 1.000000
6.979553 -4.964261 -2.229041 -0.250803 1.000000
21.313080 -12.894702 -0.459279 -0.015783 1.000000
13.992709 -0.147873 2.921816 0.188664 1.000000
7.089734 -5.178698 0.077360 0.008811 1.000000
22.143757 -15.798400 3.536278 0.127132 1.000000
23.554571 -30.989614 2.317088 0.065815 1.000000
2.763948 3.107680 -1.312858 -0.305769 1.000000
4.266775 1.899030 -0.051364 -0.049594 1.000000
14.583853 0.810438 2.787922 0.188602 1.000000
84.803650 -71.998779 11.020094 0.106477 1.000000
3.114013 1.353512 0.214883 0.043402 1.000000
1.982442 2.457855 0.410490 0.061255 1.000000
33.431351 -28.553282 -8.165730 -0.183639 1.000000
69.622269 -54.281639 2.024045 0.030141 1.000000
9.898874 -7.877834 -0.239750 -0.015759 1.000000
9.606936 -8.961308 0.092328 0.010288 1.000000
7.843986 -6.475308 -0.113385 -0.011147 1.000000
4.646172 1.716701 0.160554 -0.006427 1.000000
4.913384 1.626463 -1.042502 -0.174390 1.000000
5.382441 2.339935 0.376266 0.088965 1.000000
3.779045 2.126868 -1.157121 -0.260761 1.000000
16.577068 -11.621645 -1.801039 -0.092282 1.000000
13.537550 0.131600 2.183431 0.143194 1.000000
28.585917 -28.111414 -5.916947 -0.156132 1.000000
33.721882 -27.624361 -8.261672 -0.180415 1.000000
25.055225 -20.191040 -6.150099 -0.198024 1.000000
14.090927 -4.304037 2.121544 0.143011 1.000000
68.522743 -51.593189 3.590163 0.048697 1.000000
3.968635 2.442621 0.229623 0.080802 1.000000
3.779045 2.126868 -1.157121 -0.260761 1.000000
13.992709 -0.147873 2.921816 0.188664 1.000000
23.842878 -31.029203 1.938777 0.055969 1.000000
14.090927 -4.304037 2.121544 0.143011 1.000000
6.424897 -3.778713 -0.022172 -0.017356 1.000000
2.936650 3.002005 -1.205661 -0.266151 1.000000
14.583853 0.810438 2.787922 0.188602 1.000000
4.874515 1.782682 0.221777 0.055375 1.000000
3.112096 1.380092 0.355424 0.043475 1.000000
14.448187 0.808682 2.750510 0.197222 1.000000
3.127817 3.036891 -0.289251 -0.066251 1.000000
4.874565 -1.183948 0.320742 0.030020 1.000000
14.165217 -4.530064 2.676465 0.184464 1.000000
14.410659 -4.431152 2.894565 0.196210 1.000000
23.937300 -30.130186 2.443210 0.068968 1.000000
70.456337 -53.439007 -11.117803 -0.135287 1.000000
21.491121 -26.998396 -4.397365 -0.118535 1.000000
30.385719 22.360472 8.120307 0.199012 1.000000
8.544453 -7.770083 -0.084847 -0.007347 1.000000
4.048243 0.060876 0.206897 0.036607 1.000000
19.744362 -15.942898 3.215784 0.124253 1.000000
84.315346 -27.091734 -10.376504 -0.120071 1.000000
70.456337 -53.439007 -11.117803 -0.135287 1.000000
111.718292 12.340138 14.264039 0.125729 1.000000
8.736720 -5.310791 -0.259588 -0.024789 1.000000
6.441535 -3.876493 0.035526 0.008085 1.000000
6.979553 -4.964261 -2.229041 -0.250803 1.000000
11.309035 4.871027 -0.586265 -0.064505 1.000000
6.424897 -3.778713 -0.022172 -0.017356 1.000000
4.902261 -1.241004 0.092309 0.040423 1.000000
8.539412 -7.755783 -0.154554 -0.015057 1.000000
9.595321 -8.848569 -0.419583 -0.034028 1.000000
2.817250 3.478724 0.072432 -0.032296 1.000000
14.780030 0.882268 3.042537 0.192176 1.000000
4.874515 1.782682 0.221777 0.055375 1.000000
6.424897 -3.778713 -0.022172 -0.017356 1.000000
3.112096 1.380092 0.355424 0.043475 1.000000
13.832448 8.542487 3.024936 0.183959 1.000000
8.684756 -5.317858 -0.321263 -0.031969 1.000000
4.048243 0.060876 0.206897 0.036607 1.000000
13.992709 -0.147873 2.921816 0.188664 1.000000
29.269133 -18.981367 4.669452 0.130427 1.000000
16.599237 -11.712086 -1.633774 -0.084227 1.000000
4.011718 0.017472 0.034204 0.039647 1.000000
4.051187 2.533086 0.278472 0.014149 1.000000
16.577068 -11.621645 -1.801039 -0.092282 1.000000
5.435892 2.464617 0.784229 0.091602 1.000000
14.448187 0.808682 2.750510 0.197222 1.000000
5.333668 2.445782 -0.747021 -0.134615 1.000000
30.962969 -27.911793 -5.821240 -0.143402 1.000000
3.960946 2.302792 0.133558 0.014488 1.000000
5.858489 0.856466 -0.940059 -0.168518 1.000000
8.653652 -4.304247 -2.412097 -0.249279 1.000000
82.529007 -73.585602 -6.557178 -0.066991 1.000000
14.165217 -4.530064 2.676465 0.184464 1.000000
4.646172 1.716701 0.160554 -0.006427 1.000000
8.592783 -7.853311 -0.055358 0.000073 1.000000
28.585917 -28.111414 -5.916947 -0.156132 1.000000
31.772104 -32.512344 -1.562878 -0.028034 1.000000
22.947365 -15.468926 2.234109 0.082526 1.000000
8.736720 -5.310791 -0.259588 -0.024789 1.000000
9.568781 -9.027416 -0.119518 -0.010179 1.000000
9.853890 8.472026 2.277132 0.173468 1.000000
4.051187 2.533086 0.278472 0.014149 1.000000
4.858780 -1.199711 0.276708 0.032998 1.000000
14.448187 0.808682 2.750510 0.197222 1.000000
33.431351 -28.553282 -8.165730 -0.183639 1.000000
3.114592 1.339108 0.168933 0.049788 1.000000
6.441535 -3.876493 0.035526 0.008085 1.000000
22.247065 -28.655556 -5.353323 -0.137767 1.000000
30.483103 -27.745672 -6.097875 -0.156364 1.000000
2.817250 3.478724 0.072432 -0.032296 1.000000
5.382441 2.339935 0.376266 0.088965 1.000000
4.251227 3.578644 0.422554 0.118547 1.000000
70.456337 -53.439007 -11.117803 -0.135287 1.000000
27.641342 -28.508495 -4.027694 -0.094470 1.000000
28.670851 -27.982073 -6.164636 -0.159845 1.000000
2.763948 3.107680 -1.312858 -0.305769 1.000000
84.803650 -71.998779 11.020094 0.106477 1.000000
30.126545 6.897800 6.268630 0.190155 1.000000
32.384369 22.755207 8.320733 0.194705 1.000000
11.309035 4.871027 -0.586265 -0.064505 1.000000
15.308118 -13.492410 4.277103 0.207477 1.000000
8.684756 -5.317858 -0.321263 -0.031969 1.000000
13.644950 0.132823 2.237731 0.162543 1.000000
23.842878 -31.029203 1.938777 0.055969 1.000000
8.539412 -7.755783 -0.154554 -0.015057 1.000000
21.313080 -12.894702 -0.459279 -0.015783 1.000000
23.842878 -31.029203 1.938777 0.055969 1.000000
9.945105 -7.426306 -0.095984 -0.007250 1.000000
28.670851 -27.982073 -6.164636 -0.159845 1.000000
3.960946 2.302792 0.133558 0.014488 1.000000
4.250798 2.258441 0.194704 0.011583 1.000000
7.839730 -6.515227 0.074314 0.007976 1.000000
5.302457 2.427979 -0.827970 -0.141030 1.000000
70.456337 -53.439007 -11.117803 -0.135287 1.000000
3.114013 1.353512 0.214883 0.043402 1.000000
3.993343 0.035799 0.092849 0.037600 1.000000
82.956444 -23.153149 5.109801 0.056381 1.000000
4.009996 0.091137 0.335595 0.036208 1.000000
11.309035 4.871027 -0.586265 -0.064505 1.000000
1.975761 2.441856 0.338049 0.060297 1.000000
6.424897 -3.778713 -0.022172 -0.017356 1.000000
3.906922 2.680247 -0.572779 -0.107998 1.000000
10.303325 8.713188 2.371842 0.158533 1.000000
3.112096 1.380092 0.355424 0.043475 1.000000
84.803650 -71.998779 11.020094 0.106477 1.000000
15.308118 -13.492410 4.277103 0.207477 1.000000
50.722847 31.204359 7.164528 0.121997 1.000000
16.487463 -11.703809 -1.733739 -0.089657 1.000000
7.089734 -5.178698 0.077360 0.008811 1.000000
16.581596 -11.562424 -2.046449 -0.100891 1.000000
4.811947 1.631172 0.124572 0.066967 1.000000
8.592783 -7.853311 -0.055358 0.000073 1.000000
33.721882 -27.624361 -8.261672 -0.180415 1.000000
8.592783 -7.853311 -0.055358 0.000073 1.000000
13.644950 0.132823 2.237731 0.162543 1.000000
14.583853 0.810438 2.787922 0.188602 1.000000
4.251227 3.578644 0.422554 0.118547 1.000000
31.714561 -30.200563 5.294467 0.116560 1.000000
9.609802 -8.888637 -0.182522 -0.014367 1.000000
33.106941 -30.515947 4.369584 0.096744 1.000000
14.473995 0.822955 2.720502 0.189502 1.000000
82.956444 -23.153149 5.109801 0.056381 1.000000
4.871266 -1.257994 0.030138 0.041573 1.000000
25.000643 -25.892799 -5.170130 -0.142668 1.000000
58.709816 -81.256157 -14.853874 -0.152702 1.000000
4.479505 2.124040 -0.982541 -0.195655 1.000000
3.486254 2.659777 -0.483309 -0.064274 1.000000
16.599237 -11.712086 -1.633774 -0.084227 1.000000
25.055225 -20.191040 -6.150099 -0.198024 1.000000
3.127817 3.036891 -0.289251 -0.066251 1.000000
23.937300 -30.130186 2.443210 0.068968 1.000000
9.595321 -8.848569 -0.419583 -0.034028 1.000000
4.855447 -1.227074 0.184508 0.036825 1.000000
70.456337 -53.439007 -11.117803 -0.135287 1.000000
4.483494 2.160542 0.384686 0.062989 1.000000
14.473995 0.822955 2.720502 0.189502 1.000000
3.357234 2.795602 -0.428657 -0.067695 1.000000
5.349250 2.676260 0.678448 0.086826 1.000000
2.657506 3.505777 0.045628 -0.023918 1.000000
23.001932 -15.611856 2.124404 0.077172 1.000000
16.599237 -11.712086 -1.633774 -0.084227 1.000000
69.048058 -50.980347 4.014349 0.052854 1.000000
4.266775 1.899030 -0.051364 -0.049594 1.000000
4.011718 0.017472 0.034204 0.039647 1.000000
1.982442 2.457855 0.410490 0.061255 1.000000
4.479505 2.124040 -0.982541 -0.195655 1.000000
2.657506 3.505777 0.045628 -0.023918 1.000000
91.075172 2.325542 -9.443818 -0.102461 1.000000
5.435892 2.464617 0.784229 0.091602 1.000000
4.885503 -1.218622 0.229671 0.035723 1.000000
29.269133 -18.981367 4.669452 0.130427 1.000000
4.913384 1.626463 -1.042502 -0.174390 1.000000
5.382441 2.339935 0.376266 0.088965 1.000000
9.898874 -7.877834 -0.239750 -0.015759 1.000000
4.250798 2.258441 0.194704 0.011583 1.000000
9.568781 -9.027416 -0.119518 -0.010179 1.000000
9.853890 8.472026 2.277132 0.173468 1.000000
11.309035 4.871027 -0.586265 -0.064505 1.000000
16.577068 -11.621645 -1.801039 -0.092282 1.000000
2.657506 3.505777 0.045628 -0.023918 1.000000
4.240563 2.253064 0.111416 0.037189 1.000000
68.522743 -51.593189 3.590163 0.048697 1.000000
82.529007 -73.585602 -6.557178 -0.066991 1.000000
26.429426 -30.848833 -4.771548 -0.121753 1.000000
4.251227 3.578644 0.422554 0.118547 1.000000
15.308118 -13.492410 4.277103 0.207477 1.000000
2.763948 3.107680 -1.312858 -0.305769 1.000000
25.422640 -27.088396 -4.382615 -0.124253 1.000000
70.456337 -53.439007 -11.117803 -0.135287 1.000000
70.981514 -50.824787 -10.160590 -0.108217 1.000000
14.780030 0.882268 3.042537 0.192176 1.000000
2.936650 3.002005 -1.205661 -0.266151 1.000000
6.424897 -3.778713 -0.022172 -0.017356 1.000000
1.982442 2.457855 0.410490 0.061255 1.000000
13.832448 8.542487 3.024936 0.183959 1.000000
5.382441 2.339935 0.376266 0.088965 1.000000
33.431351 -28.553282 -8.165730 -0.183639 1.000000
32.384369 22.755207 8.320733 0.194705 1.000000
26.429426 -30.848833 -4.771548 -0.121753 1.000000
9.609802 -8.888637 -0.182522 -0.014367 1.000000
3.505731 2.470830 -1.909608 -0.430871 1.000000
70.981514 -50.824787 -10.160590 -0.108217 1.000000
7.822717 -6.531539 0.016750 0.009670 1.000000
21.491121 -26.998396 -4.397365 -0.118535 1.000000
13.537550 0.131600 2.183431 0.143194 1.000000
5.302457 2.427979 -0.827970 -0.141030 1.000000
9.568781 -9.027416 -0.119518 -0.010179 1.000000
25.055225 -20.191040 -6.150099 -0.198024 1.000000
33.659058 23.915098 7.515515 0.185941 1.000000
13.992709 -0.147873 2.921816 0.188664 1.000000
8.584687 -7.793121 0.082724 0.006947 1.000000
23.554571 -30.989614 2.317088 0.065815 1.000000
4.266775 1.899030 -0.051364 -0.049594 1.000000
3.779045 2.126868 -1.157121 -0.260761 1.000000
84.315346 -27.091734 -10.376504 -0.120071 1.000000
9.606936 -8.961308 0.092328 0.010288 1.000000
5.185464 1.336748 -0.709776 -0.154698 1.000000
9.895965 -7.375095 -0.134414 -0.012599 1.000000
25.422640 -27.088396 -4.382615 -0.124253 1.000000
7.089734 -5.178698 0.077360 0.008811 1.000000
8.592783 -7.853311 -0.055358 0.000073 1.000000
8.592783 -7.853311 -0.055358 0.000073 1.000000
9.595321 -8.848569 -0.419583 -0.034028 1.000000
3.493744 2.471024 -1.890444 -0.428182 1.000000
4.043382 0.015555 0.035537 0.059375 1.000000
14.583853 0.810438 2.787922 0.188602 1.000000
50.685947 31.436468 7.275210 0.125497 1.000000
8.684756 -5.317858 -0.321263 -0.031969 1.000000
4.811947 1.631172 0.124572 0.066967 1.000000
70.815651 -51.259968 -8.857430 -0.094264 1.000000
3.505731 2.470830 -1.909608 -0.430871 1.000000
8.653652 -4.304247 -2.412097 -0.249279 1.000000
3.842790 1.988835 -1.224340 -0.290638 1.000000
4.001421 0.071324 0.274582 0.036971 1.000000
7.822717 -6.531539 0.016750 0.009670 1.000000
3.493744 2.471024 -1.890444 -0.428182 1.000000
13.553112 -23.303900 -4.129068 -0.158815 1.000000
30.483103 -27.745672 -6.097875 -0.156364 1.000000
4.079895 3.741819 0.496642 0.117657 1.000000
30.385719 22.360472 8.120307 0.199012 1.000000
3.493744 2.471024 -1.890444 -0.428182 1.000000
5.858489 0.856466 -0.940059 -0.168518 1.000000
5.333668 2.445782 -0.747021 -0.134615 1.000000
22.150114 -16.507748 1.090022 0.042264 1.000000
30.385719 22.360472 8.120307 0.199012 1.000000
16.599237 -11.712086 -1.633774 -0.084227 1.000000
14.165217 -4.530064 2.676465 0.184464 1.000000
7.089734 -5.178698 0.077360 0.008811 1.000000
4.043382 0.015555 0.035537 0.059375 1.000000
7.823076 -6.530349 -0.007319 0.003316 1.000000
15.019011 -21.065239 -4.713137 -0.171687 1.000000
69.622269 -54.281639 2.024045 0.030141 1.000000
10.303325 8.713188 2.371842 0.158533 1.000000
6.424897 -3.778713 -0.022172 -0.017356 1.000000
2.657506 3.505777 0.045628 -0.023918 1.000000
30.483103 -27.745672 -6.097875 -0.156364 1.000000
3.906922 2.680247 -0.572779 -0.107998 1.000000
50.722847 31.204359 7.164528 0.121997 1.000000
11.368546 4.687934 -0.682766 -0.066094 1.000000
4.885503 -1.218622 0.229671 0.035723 1.000000
14.598228 0.677353 3.103477 0.198604 1.000000
7.833219 -6.427915 -0.226132 -0.028530 1.000000
8.535742 -7.711943 -0.107574 -0.013907 1.000000
3.102865 1.357504 0.331748 0.055690 1.000000
16.487463 -11.703809 -1.733739 -0.089657 1.000000
8.535742 -7.711943 -0.107574 -0.013907 1.000000
7.822717 -6.531539 0.016750 0.009670 1.000000
4.079895 3.741819 0.496642 0.117657 1.000000
28.670851 -27.982073 -6.164636 -0.159845 1.000000
9.945105 -7.426306 -0.095984 -0.007250 1.000000
4.027115 0.048849 0.147303 0.036559 1.000000
7.833219 -6.427915 -0.226132 -0.028530 1.000000
29.269133 -18.981367 4.669452 0.130427 1.000000
33.721882 -27.624361 -8.261672 -0.180415 1.000000
70.456337 -53.439007 -11.117803 -0.135287 1.000000
6.414429 -3.886397 -0.128035 -0.001670 1.000000
82.956444 -23.153149 5.109801 0.056381 1.000000
25.000643 -25.892799 -5.170130 -0.142668 1.000000
28.670851 -27.982073 -6.164636 -0.159845 1.000000
13.553112 -23.303900 -4.129068 -0.158815 1.000000
7.822717 -6.531539 0.016750 0.009670 1.000000
14.598228 0.677353 3.103477 0.198604 1.000000
32.384369 22.755207 8.320733 0.194705 1.000000
3.114013 1.353512 0.214883 0.043402 1.000000
8.592783 -7.853311 -0.055358 0.000073 1.000000
3.960946 2.302792 0.133558 0.014488 1.000000
68.522743 -51.593189 3.590163 0.048697 1.000000
7.823076 -6.530349 -0.007319 0.003316 1.000000
22.244946 -15.730112 3.691999 0.132588 1.000000
22.143757 -15.798400 3.536278 0.127132 1.000000
1.970134 2.429085 0.252523 0.057193 1.000000
33.431351 -28.553282 -8.165730 -0.183639 1.000000
14.583853 0.810438 2.787922 0.188602 1.000000
8.572820 -7.817743 -0.025628 -0.000000 1.000000
22.150114 -16.507748 1.090022 0.042264 1.000000
10.303325 8.713188 2.371842 0.158533 1.000000
4.902261 -1.241004 0.092309 0.040423 1.000000
19.744362 -15.942898 3.215784 0.124253 1.000000
8.517059 -3.760030 0.518151 0.058818 1.000000
16.763769 -25.208519 -0.294065 -0.003994 1.000000
8.653652 -4.304247 -2.412097 -0.249279 1.000000
7.823076 -6.530349 -0.007319 0.003316 1.000000
2.421269 3.500895 -1.069821 -0.289485 1.000000
9.898874 -7.877834 -0.239750 -0.015759 1.000000
33.106941 -30.515947 4.369584 0.096744 1.000000
7.810847 -6.478373 -0.173769 -0.017381 1.000000
30.125658 6.955119 6.224484 0.198666 1.000000
69.048058 -50.980347 4.014349 0.052854 1.000000
7.839730 -6.515227 0.074314 0.007976 1.000000
9.568781 -9.027416 -0.119518 -0.010179 1.000000
3.128898 1.345383 0.093511 0.046783 1.000000
9.898874 -7.877834 -0.239750 -0.015759 1.000000
15.408022 -13.659907 -3.335311 -0.166088 1.000000
49.372562 33.358524 8.117957 0.125131 1.000000
33.431351 -28.553282 -8.165730 -0.183639 1.000000
28.670851 -27.982073 -6.164636 -0.159845 1.000000
3.127817 3.036891 -0.289251 -0.066251 1.000000
3.127817 3.036891 -0.289251 -0.066251 1.000000
2.657506 3.505777 0.045628 -0.023918 1.000000
2.936650 3.002005 -1.205661 -0.266151 1.000000
6.979553 -4.964261 -2.229041 -0.250803 1.000000
82.529007 -73.585602 -6.557178 -0.066991 1.000000
22.143757 -15.798400 3.536278 0.127132 1.000000
33.106941 -30.515947 4.369584 0.096744 1.000000
84.803650 -71.998779 11.020094 0.106477 1.000000
22.947365 -15.468926 2.234109 0.082526 1.000000
