80.407135 4.505772 1.659654 0.023881 1.000000
57.511360 3.464428 1.299808 0.020843 1.000000
110.852058 -2.842998 1.282347 0.014391 1.000000
117.933937 2.061016 7.078141 0.063183 1.000000
109.588058 -3.587838 1.636670 0.016860 1.000000
5.197040 -2.280316 -0.821263 -0.156854 1.000000
111.958794 0.044635 3.531306 0.029802 1.000000
57.511360 3.464428 1.299808 0.020843 1.000000
89.081429 -2.443914 1.344460 0.017078 1.000000
1.987583 -1.908452 0.145979 0.046952 1.000000
111.973717 0.448907 3.453052 0.032902 1.000000
15.326163 8.620882 -1.291358 -0.071880 1.000000
34.303501 0.237297 -4.015631 -0.115927 1.000000
4.845198 -2.705911 -0.612536 -0.104128 1.000000
93.520760 -1.716722 1.812770 0.019378 1.000000
5.354090 -1.818450 -0.196982 -0.034064 1.000000
46.218380 -4.347151 3.446524 0.078034 1.000000
117.891937 1.431839 3.869989 0.031461 1.000000
46.757565 -7.221215 3.991828 0.086802 1.000000
61.546108 -4.014587 3.084856 0.053326 1.000000
84.628448 2.311180 15.408048 0.178287 1.000000
118.284561 2.250070 2.179059 0.019620 1.000000
42.875027 -3.038462 3.594168 0.083425 1.000000
3.827613 3.381479 0.145326 0.040398 1.000000
5.241106 3.336366 0.597621 0.107548 1.000000
65.614388 3.614146 1.358708 0.020673 1.000000
27.524008 20.849339 0.146184 0.007359 1.000000
43.686363 -2.902444 3.479189 0.077536 1.000000
45.645798 -2.831599 4.223937 0.088892 1.000000
110.844833 -2.902303 2.360025 0.019547 1.000000
89.073761 -2.294183 1.608166 0.018046 1.000000
54.166840 9.883786 3.099311 0.060539 1.000000
3.827613 3.381479 0.145326 0.040398 1.000000
55.931412 9.792111 0.961209 0.019451 1.000000
118.743416 1.947071 3.507428 0.030746 1.000000
110.856712 -2.898050 1.342576 0.014040 1.000000
45.884838 -4.294913 4.016513 0.084494 1.000000
52.412186 -39.488876 4.825094 0.074465 1.000000
89.081429 -2.443914 1.344460 0.017078 1.000000
52.850750 9.968468 0.680881 0.015190 1.000000
3.865505 3.361519 -0.078037 -0.016134 1.000000
89.087479 -2.427720 1.272537 0.017187 1.000000
4.440718 -2.663430 -0.764518 -0.160617 1.000000
60.979301 4.381846 2.167254 0.033979 1.000000
84.586609 2.187768 0.974616 0.012757 1.000000
42.335827 -1.775272 0.308549 0.009428 1.000000
117.919762 1.690041 3.373215 0.031642 1.000000
55.097061 8.821244 1.600820 0.026944 1.000000
52.850750 9.968468 0.680881 0.015190 1.000000
65.627319 3.602090 1.406163 0.019729 1.000000
110.856712 -2.898050 1.342576 0.014040 1.000000
54.166840 9.883786 3.099311 0.060539 1.000000
4.488065 -1.806800 -0.045314 -0.013168 1.000000
109.588058 -3.587838 1.636670 0.016860 1.000000
3.819185 -1.841624 0.696077 0.184845 1.000000
52.850750 9.968468 0.680881 0.015190 1.000000
46.751175 -7.205735 3.951609 0.087154 1.000000
5.151877 -1.800897 0.827497 0.158926 1.000000
4.440718 -2.663430 -0.764518 -0.160617 1.000000
1.891024 -2.018531 0.087120 0.035844 1.000000
52.968403 10.104252 1.656506 0.030710 1.000000
1.891024 -2.018531 0.087120 0.035844 1.000000
7.332882 -2.276008 0.364321 0.044190 1.000000
7.267504 -2.264254 0.261041 0.029693 1.000000
89.081619 -2.366271 1.627502 0.019414 1.000000
85.125534 2.615826 2.198910 0.027102 1.000000
54.431221 9.624069 2.946725 0.055011 1.000000
44.861195 -3.738377 2.963059 0.062831 1.000000
5.270117 5.343054 0.313418 0.037831 1.000000
107.507477 -3.038530 2.445501 0.021387 1.000000
117.933937 2.061016 7.078141 0.063183 1.000000
82.117355 73.747726 10.918969 0.098580 1.000000
17.503988 17.647051 2.289124 0.090155 1.000000
45.869667 -4.027183 3.750690 0.081276 1.000000
55.024761 3.147612 1.298803 0.027090 1.000000
55.024761 3.147612 1.298803 0.027090 1.000000
69.228607 3.567829 1.644858 0.023724 1.000000
42.340965 -1.633381 0.324631 0.007661 1.000000
54.381950 9.625469 3.091516 0.058793 1.000000
93.905296 -0.976816 0.875204 0.011304 1.000000
1.891024 -2.018531 0.087120 0.035844 1.000000
70.460320 3.903238 2.211972 0.029632 1.000000
111.958794 0.044635 3.531306 0.029802 1.000000
70.460320 3.903238 2.211972 0.029632 1.000000
17.503988 17.647051 2.289124 0.090155 1.000000
61.785900 1.195931 9.723826 0.156070 1.000000
5.234651 -1.747442 -1.257515 -0.224042 1.000000
4.809491 -1.803975 -0.087919 -0.017114 1.000000
65.614388 3.614146 1.358708 0.020673 1.000000
3.854857 3.340876 -0.176724 -0.031449 1.000000
1.861551 -1.998139 0.180894 0.059642 1.000000
117.933937 2.061016 7.078141 0.063183 1.000000
82.117355 73.747726 10.918969 0.098580 1.000000
93.905296 -0.976816 0.875204 0.011304 1.000000
42.376545 -1.743354 0.481828 0.009610 1.000000
52.684769 35.652874 -0.200318 -0.004321 1.000000
85.105484 2.609559 1.657249 0.022622 1.000000
45.810543 -2.689279 3.055682 0.064808 1.000000
80.370636 4.478363 1.603111 0.022126 1.000000
110.820023 -2.980859 1.828285 0.017611 1.000000
110.844833 -2.902303 2.360025 0.019547 1.000000
34.303501 0.237297 -4.015631 -0.115927 1.000000
109.588058 -3.587838 1.636670 0.016860 1.000000
93.558662 -1.528360 1.061289 0.013326 1.000000
52.968403 10.104252 1.656506 0.030710 1.000000
61.737865 1.121238 9.490479 0.149274 1.000000
93.520760 -1.716722 1.812770 0.019378 1.000000
7.267504 -2.264254 0.261041 0.029693 1.000000
58.791580 3.678780 1.091226 0.016848 1.000000
45.869667 -4.027183 3.750690 0.081276 1.000000
76.980339 5.145315 2.816206 0.039962 1.000000
106.042740 -3.641301 2.879276 0.030044 1.000000
4.855876 -1.767677 0.912728 0.166223 1.000000
57.511360 3.464428 1.299808 0.020843 1.000000
3.834885 -1.826692 -0.004315 -0.006197 1.000000
45.097500 -3.681296 2.563111 0.059145 1.000000
4.855876 -1.767677 0.912728 0.166223 1.000000
85.135384 2.566758 2.269880 0.025019 1.000000
57.498634 3.501025 1.280784 0.020806 1.000000
89.074921 -2.278060 1.722727 0.017744 1.000000
42.389919 -1.784050 0.407587 0.007601 1.000000
42.376545 -1.743354 0.481828 0.009610 1.000000
46.123447 -4.569240 3.663464 0.081604 1.000000
55.160336 9.004698 1.738403 0.029656 1.000000
93.532928 -1.857417 1.827701 0.017780 1.000000
58.799141 3.685850 0.954881 0.016206 1.000000
65.658066 3.653202 1.102829 0.019027 1.000000
46.019093 -3.201513 2.611079 0.060297 1.000000
117.945038 1.649632 4.062037 0.035651 1.000000
34.999374 -2.277080 -3.305346 -0.093449 1.000000
57.507462 3.439637 1.316348 0.021061 1.000000
4.946709 -1.816118 -0.328687 -0.064141 1.000000
82.778313 78.076073 11.781788 0.102144 1.000000
1.999680 -1.897066 0.244696 0.074138 1.000000
117.917587 1.619409 4.097290 0.036825 1.000000
93.532928 -1.857417 1.827701 0.017780 1.000000
5.275832 4.333834 0.527900 0.086413 1.000000
110.821297 -2.852729 2.379739 0.019911 1.000000
46.192131 -4.067526 2.984394 0.068071 1.000000
107.507477 -3.038530 2.445501 0.021387 1.000000
113.768898 0.738348 -9.452548 -0.080559 1.000000
30.811317 3.421156 -0.053054 0.001949 1.000000
55.024761 3.147612 1.298803 0.027090 1.000000
117.917587 1.619409 4.097290 0.036825 1.000000
80.355461 4.428698 2.535712 0.029778 1.000000
84.628448 2.311180 15.408048 0.178287 1.000000
4.858691 -2.757048 -0.670968 -0.119534 1.000000
27.524008 20.849339 0.146184 0.007359 1.000000
89.038116 -2.265577 1.715452 0.017477 1.000000
65.606407 3.641158 1.402759 0.019947 1.000000
54.166840 9.883786 3.099311 0.060539 1.000000
57.839981 -30.509176 4.560597 0.066409 1.000000
54.500290 -36.179733 4.776824 0.073943 1.000000
111.778641 -0.306227 -10.061762 -0.087519 1.000000
3.012887 -2.015018 -0.085918 -0.023700 1.000000
106.533112 -2.777079 1.750442 0.017550 1.000000
42.389919 -1.784050 0.407587 0.007601 1.000000
45.884838 -4.294913 4.016513 0.084494 1.000000
6.994504 2.789237 -0.316281 -0.042397 1.000000
3.862636 3.365433 -0.180860 -0.032151 1.000000
34.841579 -2.459769 -2.953864 -0.083462 1.000000
46.019093 -3.201513 2.611079 0.060297 1.000000
45.869667 -4.027183 3.750690 0.081276 1.000000
45.869667 -4.027183 3.750690 0.081276 1.000000
56.729870 -32.611683 5.207701 0.079418 1.000000
110.820023 -2.980859 1.828285 0.017611 1.000000
57.498634 3.501025 1.280784 0.020806 1.000000
7.178858 -2.349663 0.019368 0.007262 1.000000
61.737865 1.121238 9.490479 0.149274 1.000000
57.511360 3.464428 1.299808 0.020843 1.000000
101.369606 2.952008 6.067145 0.058333 1.000000
55.020664 8.968225 1.680084 0.030129 1.000000
109.588058 -3.587838 1.636670 0.016860 1.000000
111.778641 -0.306227 -10.061762 -0.087519 1.000000
56.729870 -32.611683 5.207701 0.079418 1.000000
108.206070 -1.451369 5.822150 0.056902 1.000000
57.498634 3.501025 1.280784 0.020806 1.000000
101.369606 2.952008 6.067145 0.058333 1.000000
4.440718 -2.663430 -0.764518 -0.160617 1.000000
45.111435 -3.514676 2.450779 0.057824 1.000000
81.447327 74.892227 11.616446 0.103556 1.000000
93.502068 -1.719559 1.957161 0.019342 1.000000
4.355655 -2.636915 -0.770007 -0.159416 1.000000
69.228607 3.567829 1.644858 0.023724 1.000000
84.604668 -4.591310 1.216043 0.017187 1.000000
70.460320 3.903238 2.211972 0.029632 1.000000
85.105484 2.609559 1.657249 0.022622 1.000000
2.038217 -1.922572 0.279951 0.108607 1.000000
80.355461 4.428698 2.535712 0.029778 1.000000
106.660858 -2.737431 0.906880 0.011316 1.000000
42.335827 -1.775272 0.308549 0.009428 1.000000
93.494759 -1.510230 1.902831 0.018991 1.000000
46.218380 -4.347151 3.446524 0.078034 1.000000
54.381950 9.625469 3.091516 0.058793 1.000000
42.376545 -1.743354 0.481828 0.009610 1.000000
3.848656 3.368752 -0.105044 -0.022247 1.000000
85.125534 2.615826 2.198910 0.027102 1.000000
10.407324 4.359758 -1.913142 -0.160838 1.000000
118.303810 2.314015 2.494414 0.019547 1.000000
5.234651 -1.747442 -1.257515 -0.224042 1.000000
70.460320 3.903238 2.211972 0.029632 1.000000
5.065221 -1.839557 -0.099509 -0.016267 1.000000
45.645798 -2.831599 4.223937 0.088892 1.000000
34.303501 0.237297 -4.015631 -0.115927 1.000000
2.038217 -1.922572 0.279951 0.108607 1.000000
56.729870 -32.611683 5.207701 0.079418 1.000000
3.557390 -1.852019 -0.058160 -0.017090 1.000000
106.042740 -3.641301 2.879276 0.030044 1.000000
61.835281 1.449219 9.440612 0.153290 1.000000
85.135384 2.566758 2.269880 0.025019 1.000000
45.810543 -2.689279 3.055682 0.064808 1.000000
1.764351 -1.998225 0.135091 0.035505 1.000000
55.020664 8.968225 1.680084 0.030129 1.000000
54.234264 9.938147 3.325367 0.062031 1.000000
4.488065 -1.806800 -0.045314 -0.013168 1.000000
27.524008 20.849339 0.146184 0.007359 1.000000
6.571172 5.358524 -0.437201 -0.049376 1.000000
93.520760 -1.716722 1.812770 0.019378 1.000000
13.024880 7.303889 -0.110308 -0.008763 1.000000
80.355461 4.428698 2.535712 0.029778 1.000000
80.370636 4.478363 1.603111 0.022126 1.000000
55.020664 8.968225 1.680084 0.030129 1.000000
5.241106 3.336366 0.597621 0.107548 1.000000
118.279083 2.067443 2.370849 0.018434 1.000000
4.603399 -1.814802 -0.033366 -0.010796 1.000000
68.425552 -0.067450 3.943151 0.061121 1.000000
118.279083 2.067443 2.370849 0.018434 1.000000
119.102486 1.909991 0.768512 0.009368 1.000000
45.968472 -4.155505 3.748079 0.079284 1.000000
34.859962 -2.338728 -3.318280 -0.095565 1.000000
52.850750 9.968468 0.680881 0.015190 1.000000
45.932854 -2.994082 2.597118 0.058939 1.000000
110.821297 -2.852729 2.379739 0.019911 1.000000
60.834526 4.390560 1.701490 0.026109 1.000000
53.655785 34.164307 0.340530 0.008218 1.000000
1.691227 -2.323842 0.656623 0.188836 1.000000
110.803314 -2.903720 1.976343 0.017828 1.000000
85.135384 2.566758 2.269880 0.025019 1.000000
3.854857 3.340876 -0.176724 -0.031449 1.000000
3.557390 -1.852019 -0.058160 -0.017090 1.000000
106.619652 -2.761997 1.995572 0.017369 1.000000
4.855876 -1.767677 0.912728 0.166223 1.000000
65.606407 3.641158 1.402759 0.019947 1.000000
45.097500 -3.681296 2.563111 0.059145 1.000000
69.239647 3.538381 1.816465 0.024789 1.000000
52.684769 35.652874 -0.200318 -0.004321 1.000000
5.197040 -2.280316 -0.821263 -0.156854 1.000000
55.931412 9.792111 0.961209 0.019451 1.000000
56.729870 -32.611683 5.207701 0.079418 1.000000
54.166840 9.883786 3.099311 0.060539 1.000000
52.850750 9.968468 0.680881 0.015190 1.000000
56.254395 -33.250240 5.243710 0.081324 1.000000
5.065221 -1.839557 -0.099509 -0.016267 1.000000
61.546108 -4.014587 3.084856 0.053326 1.000000
7.178858 -2.349663 0.019368 0.007262 1.000000
5.054606 -1.751067 1.164678 0.204707 1.000000
5.241106 3.336366 0.597621 0.107548 1.000000
45.645798 -2.831599 4.223937 0.088892 1.000000
66.817780 3.499214 1.932114 0.027078 1.000000
82.117355 73.747726 10.918969 0.098580 1.000000
110.803207 -2.902158 2.295371 0.019366 1.000000
17.503988 17.647051 2.289124 0.090155 1.000000
117.917587 1.619409 4.097290 0.036825 1.000000
89.038116 -2.265577 1.715452 0.017477 1.000000
57.511360 3.464428 1.299808 0.020843 1.000000
56.529041 -32.870541 5.206959 0.079819 1.000000
82.778313 78.076073 11.781788 0.102144 1.000000
56.729870 -32.611683 5.207701 0.079418 1.000000
118.743416 1.947071 3.507428 0.030746 1.000000
1.845026 -1.989025 0.196626 0.059909 1.000000
82.117355 73.747726 10.918969 0.098580 1.000000
65.616791 3.552385 1.388009 0.019402 1.000000
54.166840 9.883786 3.099311 0.060539 1.000000
93.494759 -1.510230 1.902831 0.018991 1.000000
106.030411 -3.571989 3.316048 0.032393 1.000000
5.054606 -1.751067 1.164678 0.204707 1.000000
6.571172 5.358524 -0.437201 -0.049376 1.000000
42.389919 -1.784050 0.407587 0.007601 1.000000
84.586609 2.187768 0.974616 0.012757 1.000000
117.891937 1.431839 3.869989 0.031461 1.000000
85.105484 2.609559 1.657249 0.022622 1.000000
5.241106 3.336366 0.597621 0.107548 1.000000
3.819185 -1.841624 0.696077 0.184845 1.000000
34.841579 -2.459769 -2.953864 -0.083462 1.000000
42.875027 -3.038462 3.594168 0.083425 1.000000
5.151877 -1.800897 0.827497 0.158926 1.000000
5.064331 3.189322 -1.729598 -0.287528 1.000000
117.945038 1.649632 4.062037 0.035651 1.000000
60.675003 4.401059 2.354390 0.041174 1.000000
107.431908 -3.144913 2.011583 0.016981 1.000000
5.198467 5.274911 -1.225506 -0.164542 1.000000
61.835281 1.449219 9.440612 0.153290 1.000000
57.863239 -30.724295 5.507201 0.085271 1.000000
2.948911 -2.064795 -0.046657 -0.009876 1.000000
106.594124 -2.663552 1.347702 0.014584 1.000000
110.852058 -2.842998 1.282347 0.014391 1.000000
54.234264 9.938147 3.325367 0.062031 1.000000
111.973717 0.448907 3.453052 0.032902 1.000000
56.866009 -32.092098 5.375261 0.080195 1.000000
57.507462 3.439637 1.316348 0.021061 1.000000
5.241106 3.336366 0.597621 0.107548 1.000000
110.852058 -2.842998 1.282347 0.014391 1.000000
119.102486 1.909991 0.768512 0.009368 1.000000
80.355461 4.428698 2.535712 0.029778 1.000000
117.945038 1.649632 4.062037 0.035651 1.000000
6.565328 5.422955 0.585313 0.080025 1.000000
5.054606 -1.751067 1.164678 0.204707 1.000000
61.785900 1.195931 9.723826 0.156070 1.000000
118.284561 2.250070 2.179059 0.019620 1.000000
117.933937 2.061016 7.078141 0.063183 1.000000
3.854857 3.340876 -0.176724 -0.031449 1.000000
119.102486 1.909991 0.768512 0.009368 1.000000
3.827613 3.381479 0.145326 0.040398 1.000000
17.503988 17.647051 2.289124 0.090155 1.000000
42.410469 -1.722774 0.223023 0.006463 1.000000
45.097500 -3.681296 2.563111 0.059145 1.000000
46.697182 -7.326085 4.286175 0.087106 1.000000
60.647949 4.543569 1.852706 0.034052 1.000000
45.810543 -2.689279 3.055682 0.064808 1.000000
4.915182 -1.783761 -0.174285 -0.034343 1.000000
106.533112 -2.777079 1.750442 0.017550 1.000000
110.844833 -2.902303 2.360025 0.019547 1.000000
61.737865 1.121238 9.490479 0.149274 1.000000
4.613808 -1.761267 -0.059250 -0.014536 1.000000
65.614388 3.614146 1.358708 0.020673 1.000000
31.212288 6.883899 -0.238591 -0.005822 1.000000
5.184938 3.307574 1.171515 0.188232 1.000000
111.239006 -0.250585 5.153496 0.044469 1.000000
110.821297 -2.852729 2.379739 0.019911 1.000000
5.263270 3.336897 -0.076574 -0.013471 1.000000
5.184938 3.307574 1.171515 0.188232 1.000000
117.932289 1.546507 3.651197 0.029269 1.000000
110.844833 -2.902303 2.360025 0.019547 1.000000
42.868504 -3.043873 3.581244 0.081349 1.000000
57.508862 3.494783 1.019707 0.019087 1.000000
2.038217 -1.922572 0.279951 0.108607 1.000000
111.778641 -0.306227 -10.061762 -0.087519 1.000000
61.835281 1.449219 9.440612 0.153290 1.000000
5.012797 3.206841 -1.876856 -0.299176 1.000000
70.460320 3.903238 2.211972 0.029632 1.000000
109.588058 -3.587838 1.636670 0.016860 1.000000
5.065221 -1.839557 -0.099509 -0.016267 1.000000
54.216522 9.269103 3.432380 0.060321 1.000000
15.326163 8.620882 -1.291358 -0.071880 1.000000
46.751175 -7.205735 3.951609 0.087154 1.000000
25.780802 21.902578 0.146296 0.009186 1.000000
40.575150 28.329353 0.509788 0.009174 1.000000
118.279083 2.067443 2.370849 0.018434 1.000000
54.431221 9.624069 2.946725 0.055011 1.000000
42.340965 -1.633381 0.324631 0.007661 1.000000
108.206070 -1.451369 5.822150 0.056902 1.000000
93.905296 -0.976816 0.875204 0.011304 1.000000
113.768898 0.738348 -9.452548 -0.080559 1.000000
107.507477 -3.038530 2.445501 0.021387 1.000000
89.073761 -2.294183 1.608166 0.018046 1.000000
60.889584 4.625744 1.926959 0.031545 1.000000
61.835281 1.449219 9.440612 0.153290 1.000000
57.839981 -30.509176 4.560597 0.066409 1.000000
106.660858 -2.737431 0.906880 0.011316 1.000000
109.614334 -3.492180 1.526126 0.016739 1.000000
65.650543 3.613137 1.361290 0.022065 1.000000
45.097500 -3.681296 2.563111 0.059145 1.000000
42.397442 -1.692701 0.506947 0.010493 1.000000
117.891937 1.431839 3.869989 0.031461 1.000000
45.968472 -4.155505 3.748079 0.079284 1.000000
69.239647 3.538381 1.816465 0.024789 1.000000
17.503988 17.647051 2.289124 0.090155 1.000000
58.791580 3.678780 1.091226 0.016848 1.000000
111.958794 0.044635 3.531306 0.029802 1.000000
56.866009 -32.092098 5.375261 0.080195 1.000000
104.350845 1.940253 -2.078584 -0.017139 1.000000
57.498634 3.501025 1.280784 0.020806 1.000000
60.834526 4.390560 1.701490 0.026109 1.000000
31.212288 6.883899 -0.238591 -0.005822 1.000000
52.968403 10.104252 1.656506 0.030710 1.000000
113.768898 0.738348 -9.452548 -0.080559 1.000000
5.270117 5.343054 0.313418 0.037831 1.000000
1.861551 -1.998139 0.180894 0.059642 1.000000
54.381950 9.625469 3.091516 0.058793 1.000000
5.065221 -1.839557 -0.099509 -0.016267 1.000000
106.594124 -2.663552 1.347702 0.014584 1.000000
46.192131 -4.067526 2.984394 0.068071 1.000000
65.616791 3.552385 1.388009 0.019402 1.000000
25.780802 21.902578 0.146296 0.009186 1.000000
57.839981 -30.509176 4.560597 0.066409 1.000000
4.613808 -1.761267 -0.059250 -0.014536 1.000000
42.875027 -3.038462 3.594168 0.083425 1.000000
13.024880 7.303889 -0.110308 -0.008763 1.000000
68.425552 -0.067450 3.943151 0.061121 1.000000
107.431908 -3.144913 2.011583 0.016981 1.000000
93.502068 -1.719559 1.957161 0.019342 1.000000
76.980339 5.145315 2.816206 0.039962 1.000000
4.915182 -1.783761 -0.174285 -0.034343 1.000000
69.228607 3.567829 1.644858 0.023724 1.000000
7.332882 -2.276008 0.364321 0.044190 1.000000
4.858691 -2.757048 -0.670968 -0.119534 1.000000
57.498634 3.501025 1.280784 0.020806 1.000000
89.087479 -2.427720 1.272537 0.017187 1.000000
80.370636 4.478363 1.603111 0.022126 1.000000
62.084503 0.869545 5.436843 0.085709 1.000000
119.597786 1.962071 0.898925 0.008690 1.000000
60.979301 4.381846 2.167254 0.033979 1.000000
6.571172 5.358524 -0.437201 -0.049376 1.000000
34.303501 0.237297 -4.015631 -0.115927 1.000000
42.389919 -1.784050 0.407587 0.007601 1.000000
65.627319 3.602090 1.406163 0.019729 1.000000
46.080147 -4.335691 3.874311 0.081761 1.000000
110.803314 -2.903720 1.976343 0.017828 1.000000
93.558662 -1.528360 1.061289 0.013326 1.000000
56.866009 -32.092098 5.375261 0.080195 1.000000
4.952414 -1.826223 -0.111077 -0.018337 1.000000
57.511360 3.464428 1.299808 0.020843 1.000000
81.447327 74.892227 11.616446 0.103556 1.000000
54.216522 9.269103 3.432380 0.060321 1.000000
46.751175 -7.205735 3.951609 0.087154 1.000000
52.911728 35.289326 0.248779 0.003800 1.000000
60.752880 4.510734 2.076798 0.036535 1.000000
42.389919 -1.784050 0.407587 0.007601 1.000000
46.192131 -4.067526 2.984394 0.068071 1.000000
43.711742 -2.963899 3.595216 0.078738 1.000000
7.178858 -2.349663 0.019368 0.007262 1.000000
55.024761 3.147612 1.298803 0.027090 1.000000
109.614334 -3.492180 1.526126 0.016739 1.000000
5.198467 5.274911 -1.225506 -0.164542 1.000000
3.012887 -2.015018 -0.085918 -0.023700 1.000000
5.198467 5.274911 -1.225506 -0.164542 1.000000
117.891937 1.431839 3.869989 0.031461 1.000000
5.065221 -1.839557 -0.099509 -0.016267 1.000000
89.074921 -2.278060 1.722727 0.017744 1.000000
65.614388 3.614146 1.358708 0.020673 1.000000
110.821297 -2.852729 2.379739 0.019911 1.000000
52.412186 -39.488876 4.825094 0.074465 1.000000
62.084503 0.869545 5.436843 0.085709 1.000000
52.911728 35.289326 0.248779 0.003800 1.000000
5.263270 3.336897 -0.076574 -0.013471 1.000000
109.614334 -3.492180 1.526126 0.016739 1.000000
4.613808 -1.761267 -0.059250 -0.014536 1.000000
2.033206 -1.896633 0.234458 0.063838 1.000000
106.619652 -2.761997 1.995572 0.017369 1.000000
4.855876 -1.767677 0.912728 0.166223 1.000000
5.151877 -1.800897 0.827497 0.158926 1.000000
57.498634 3.501025 1.280784 0.020806 1.000000
5.234476 4.327069 -0.735739 -0.107913 1.000000
110.803314 -2.903720 1.976343 0.017828 1.000000
71.998322 -1.195577 -2.098154 -0.026533 1.000000
4.652657 -1.811900 -0.089424 -0.015601 1.000000
42.410469 -1.722774 0.223023 0.006463 1.000000
62.084503 0.869545 5.436843 0.085709 1.000000
82.778313 78.076073 11.781788 0.102144 1.000000
61.785900 1.195931 9.723826 0.156070 1.000000
5.054606 -1.751067 1.164678 0.204707 1.000000
61.835281 1.449219 9.440612 0.153290 1.000000
60.834526 4.390560 1.701490 0.026109 1.000000
56.866009 -32.092098 5.375261 0.080195 1.000000
56.729870 -32.611683 5.207701 0.079418 1.000000
3.848656 3.368752 -0.105044 -0.022247 1.000000
1.842712 -1.996250 0.163182 0.059994 1.000000
7.178858 -2.349663 0.019368 0.007262 1.000000
54.381950 9.625469 3.091516 0.058793 1.000000
54.500290 -36.179733 4.776824 0.073943 1.000000
45.333210 -3.800765 3.392203 0.074429 1.000000
3.834885 -1.826692 -0.004315 -0.006197 1.000000
89.081429 -2.443914 1.344460 0.017078 1.000000
89.074921 -2.278060 1.722727 0.017744 1.000000
4.652657 -1.811900 -0.089424 -0.015601 1.000000
25.780802 21.902578 0.146296 0.009186 1.000000
4.952414 -1.826223 -0.111077 -0.018337 1.000000
89.087479 -2.427720 1.272537 0.017187 1.000000
4.845198 -2.705911 -0.612536 -0.104128 1.000000
1.764351 -1.998225 0.135091 0.035505 1.000000
93.459679 -1.661004 1.737837 0.019753 1.000000
6.379915 5.145093 -2.074287 -0.250478 1.000000
4.488065 -1.806800 -0.045314 -0.013168 1.000000
5.315543 -1.815880 -0.845683 -0.138732 1.000000
45.052700 -3.693458 2.940924 0.062091 1.000000
4.440718 -2.663430 -0.764518 -0.160617 1.000000
65.658066 3.653202 1.102829 0.019027 1.000000
57.514297 3.495680 1.187181 0.020601 1.000000
1.999680 -1.897066 0.244696 0.074138 1.000000
4.809491 -1.803975 -0.087919 -0.017114 1.000000
82.778313 78.076073 11.781788 0.102144 1.000000
6.994504 2.789237 -0.316281 -0.042397 1.000000
117.891937 1.431839 3.869989 0.031461 1.000000
5.263270 3.336897 -0.076574 -0.013471 1.000000
117.933937 2.061016 7.078141 0.063183 1.000000
58.791580 3.678780 1.091226 0.016848 1.000000
89.073761 -2.294183 1.608166 0.018046 1.000000
118.304245 2.363817 2.480955 0.020964 1.000000
89.081429 -2.443914 1.344460 0.017078 1.000000
111.973717 0.448907 3.453052 0.032902 1.000000
65.616791 3.552385 1.388009 0.019402 1.000000
46.019093 -3.201513 2.611079 0.060297 1.000000
57.511360 3.464428 1.299808 0.020843 1.000000
68.425552 -0.067450 3.943151 0.061121 1.000000
6.718550 5.414713 0.650590 0.075254 1.000000
46.687153 -7.334026 4.275040 0.087774 1.000000
110.821297 -2.852729 2.379739 0.019911 1.000000
1.691227 -2.323842 0.656623 0.188836 1.000000
65.627319 3.602090 1.406163 0.019729 1.000000
3.834885 -1.826692 -0.004315 -0.006197 1.000000
46.740322 -7.366684 4.231062 0.086753 1.000000
4.488065 -1.806800 -0.045314 -0.013168 1.000000
55.024761 3.147612 1.298803 0.027090 1.000000
34.859962 -2.338728 -3.318280 -0.095565 1.000000
82.778313 78.076073 11.781788 0.102144 1.000000
106.533112 -2.777079 1.750442 0.017550 1.000000
57.514297 3.495680 1.187181 0.020601 1.000000
60.647949 4.543569 1.852706 0.034052 1.000000
54.355431 9.825987 3.062509 0.055387 1.000000
46.751175 -7.205735 3.951609 0.087154 1.000000
4.809491 -1.803975 -0.087919 -0.017114 1.000000
45.645798 -2.831599 4.223937 0.088892 1.000000
46.740322 -7.366684 4.231062 0.086753 1.000000
3.009137 -2.099619 0.101734 0.027719 1.000000
52.850750 9.968468 0.680881 0.015190 1.000000
52.684769 35.652874 -0.200318 -0.004321 1.000000
4.355655 -2.636915 -0.770007 -0.159416 1.000000
1.987583 -1.908452 0.145979 0.046952 1.000000
45.657597 -2.548035 2.859760 0.065123 1.000000
42.335827 -1.775272 0.308549 0.009428 1.000000
55.931412 9.792111 0.961209 0.019451 1.000000
111.973717 0.448907 3.453052 0.032902 1.000000
85.135384 2.566758 2.269880 0.025019 1.000000
45.111435 -3.514676 2.450779 0.057824 1.000000
117.932289 1.546507 3.651197 0.029269 1.000000
13.554313 8.066343 -1.753262 -0.110117 1.000000
2.534551 3.298488 -0.122745 -0.029099 1.000000
4.567950 -1.953609 0.876735 0.158178 1.000000
60.979301 4.381846 2.167254 0.033979 1.000000
5.064331 3.189322 -1.729598 -0.287528 1.000000
31.212288 6.883899 -0.238591 -0.005822 1.000000
58.799141 3.685850 0.954881 0.016206 1.000000
53.655785 34.164307 0.340530 0.008218 1.000000
93.459679 -1.661004 1.737837 0.019753 1.000000
6.994504 2.789237 -0.316281 -0.042397 1.000000
117.891937 1.431839 3.869989 0.031461 1.000000
93.905296 -0.976816 0.875204 0.011304 1.000000
117.933937 2.061016 7.078141 0.063183 1.000000
3.156600 -1.858540 -0.042985 -0.015964 1.000000
117.919762 1.690041 3.373215 0.031642 1.000000
61.959415 25.870832 5.094350 0.074429 1.000000
5.234651 -1.747442 -1.257515 -0.224042 1.000000
54.381950 9.625469 3.091516 0.058793 1.000000
56.729870 -32.611683 5.207701 0.079418 1.000000
117.919762 1.690041 3.373215 0.031642 1.000000
17.503988 17.647051 2.289124 0.090155 1.000000
13.554313 8.066343 -1.753262 -0.110117 1.000000
55.097061 8.821244 1.600820 0.026944 1.000000
34.303501 0.237297 -4.015631 -0.115927 1.000000
113.768898 0.738348 -9.452548 -0.080559 1.000000
60.979301 4.381846 2.167254 0.033979 1.000000
82.117355 73.747726 10.918969 0.098580 1.000000
54.234264 9.938147 3.325367 0.062031 1.000000
3.862636 3.365433 -0.180860 -0.032151 1.000000
3.819185 -1.841624 0.696077 0.184845 1.000000
80.375641 4.515191 2.413844 0.028325 1.000000
46.757565 -7.221215 3.991828 0.086802 1.000000
111.958794 0.044635 3.531306 0.029802 1.000000
118.743416 1.947071 3.507428 0.030746 1.000000
2.033206 -1.896633 0.234458 0.063838 1.000000
53.655785 34.164307 0.340530 0.008218 1.000000
1.999680 -1.897066 0.244696 0.074138 1.000000
61.546108 -4.014587 3.084856 0.053326 1.000000
80.377449 4.457630 2.211510 0.027465 1.000000
1.891024 -2.018531 0.087120 0.035844 1.000000
25.780802 21.902578 0.146296 0.009186 1.000000
43.634533 -2.944373 3.278693 0.074829 1.000000
54.431221 9.624069 2.946725 0.055011 1.000000
45.111435 -3.514676 2.450779 0.057824 1.000000
82.778313 78.076073 11.781788 0.102144 1.000000
52.684769 35.652874 -0.200318 -0.004321 1.000000
34.999374 -2.277080 -3.305346 -0.093449 1.000000
54.166840 9.883786 3.099311 0.060539 1.000000
45.333210 -3.800765 3.392203 0.074429 1.000000
117.933937 2.061016 7.078141 0.063183 1.000000
54.234264 9.938147 3.325367 0.062031 1.000000
61.737865 1.121238 9.490479 0.149274 1.000000
45.052700 -3.693458 2.940924 0.062091 1.000000
3.557390 -1.852019 -0.058160 -0.017090 1.000000
104.350845 1.940253 -2.078584 -0.017139 1.000000
57.498634 3.501025 1.280784 0.020806 1.000000
54.524757 9.795491 -1.863641 -0.030480 1.000000
56.529041 -32.870541 5.206959 0.079819 1.000000
93.532928 -1.857417 1.827701 0.017780 1.000000
89.074921 -2.278060 1.722727 0.017744 1.000000
45.810543 -2.689279 3.055682 0.064808 1.000000
60.834526 4.390560 1.701490 0.026109 1.000000
5.012797 3.206841 -1.876856 -0.299176 1.000000
46.218380 -4.347151 3.446524 0.078034 1.000000
60.834526 4.390560 1.701490 0.026109 1.000000
34.999374 -2.277080 -3.305346 -0.093449 1.000000
5.197040 -2.280316 -0.821263 -0.156854 1.000000
65.650543 3.613137 1.361290 0.022065 1.000000
45.932854 -2.994082 2.597118 0.058939 1.000000
55.097061 8.821244 1.600820 0.026944 1.000000
5.054606 -1.751067 1.164678 0.204707 1.000000
117.917587 1.619409 4.097290 0.036825 1.000000
34.999374 -2.277080 -3.305346 -0.093449 1.000000
117.945038 1.649632 4.062037 0.035651 1.000000
93.532928 -1.857417 1.827701 0.017780 1.000000
2.038217 -1.922572 0.279951 0.108607 1.000000
85.105484 2.609559 1.657249 0.022622 1.000000
46.019093 -3.201513 2.611079 0.060297 1.000000
7.267504 -2.264254 0.261041 0.029693 1.000000
5.065221 -1.839557 -0.099509 -0.016267 1.000000
5.234476 4.327069 -0.735739 -0.107913 1.000000
93.532928 -1.857417 1.827701 0.017780 1.000000
71.998322 -1.195577 -2.098154 -0.026533 1.000000
89.081619 -2.366271 1.627502 0.019414 1.000000
10.407324 4.359758 -1.913142 -0.160838 1.000000
84.604668 -4.591310 1.216043 0.017187 1.000000
4.567950 -1.953609 0.876735 0.158178 1.000000
43.711742 -2.963899 3.595216 0.078738 1.000000
93.459679 -1.661004 1.737837 0.019753 1.000000
80.370636 4.478363 1.603111 0.022126 1.000000
7.332882 -2.276008 0.364321 0.044190 1.000000
113.768898 0.738348 -9.452548 -0.080559 1.000000
46.751175 -7.205735 3.951609 0.087154 1.000000
7.267504 -2.264254 0.261041 0.029693 1.000000
3.862636 3.365433 -0.180860 -0.032151 1.000000
60.979301 4.381846 2.167254 0.033979 1.000000
30.797491 3.411856 0.074679 0.003958 1.000000
52.412186 -39.488876 4.825094 0.074465 1.000000
52.911728 35.289326 0.248779 0.003800 1.000000
110.852058 -2.842998 1.282347 0.014391 1.000000
54.216522 9.269103 3.432380 0.060321 1.000000
1.764351 -1.998225 0.135091 0.035505 1.000000
6.994504 2.789237 -0.316281 -0.042397 1.000000
27.524008 20.849339 0.146184 0.007359 1.000000
6.994504 2.789237 -0.316281 -0.042397 1.000000
106.533112 -2.777079 1.750442 0.017550 1.000000
3.009137 -2.099619 0.101734 0.027719 1.000000
57.511360 3.464428 1.299808 0.020843 1.000000
3.009137 -2.099619 0.101734 0.027719 1.000000
57.508862 3.494783 1.019707 0.019087 1.000000
53.655785 34.164307 0.340530 0.008218 1.000000
45.052700 -3.693458 2.940924 0.062091 1.000000
5.270117 5.343054 0.313418 0.037831 1.000000
82.117355 73.747726 10.918969 0.098580 1.000000
5.054606 -1.751067 1.164678 0.204707 1.000000
60.752880 4.510734 2.076798 0.036535 1.000000
54.355431 9.825987 3.062509 0.055387 1.000000
54.216522 9.269103 3.432380 0.060321 1.000000
54.431221 9.624069 2.946725 0.055011 1.000000
117.933937 2.061016 7.078141 0.063183 1.000000
117.917587 1.619409 4.097290 0.036825 1.000000
107.431908 -3.144913 2.011583 0.016981 1.000000
5.263270 3.336897 -0.076574 -0.013471 1.000000
117.933937 2.061016 7.078141 0.063183 1.000000
110.821297 -2.852729 2.379739 0.019911 1.000000
3.012887 -2.015018 -0.085918 -0.023700 1.000000
3.854857 3.340876 -0.176724 -0.031449 1.000000
4.488065 -1.806800 -0.045314 -0.013168 1.000000
45.869667 -4.027183 3.750690 0.081276 1.000000
4.613808 -1.761267 -0.059250 -0.014536 1.000000
52.968403 10.104252 1.656506 0.030710 1.000000
65.644348 3.535660 1.011513 0.018700 1.000000
46.751175 -7.205735 3.951609 0.087154 1.000000
34.999374 -2.277080 -3.305346 -0.093449 1.000000
1.764351 -1.998225 0.135091 0.035505 1.000000
34.859962 -2.338728 -3.318280 -0.095565 1.000000
89.073761 -2.294183 1.608166 0.018046 1.000000
46.740322 -7.366684 4.231062 0.086753 1.000000
45.968472 -4.155505 3.748079 0.079284 1.000000
89.081429 -2.443914 1.344460 0.017078 1.000000
4.440718 -2.663430 -0.764518 -0.160617 1.000000
89.081619 -2.366271 1.627502 0.019414 1.000000
1.842712 -1.996250 0.163182 0.059994 1.000000
40.575150 28.329353 0.509788 0.009174 1.000000
56.866009 -32.092098 5.375261 0.080195 1.000000
3.012887 -2.015018 -0.085918 -0.023700 1.000000
52.968403 10.104252 1.656506 0.030710 1.000000
42.335827 -1.775272 0.308549 0.009428 1.000000
52.850750 9.968468 0.680881 0.015190 1.000000
106.042740 -3.641301 2.879276 0.030044 1.000000
70.460320 3.903238 2.211972 0.029632 1.000000
89.038116 -2.265577 1.715452 0.017477 1.000000
13.554313 8.066343 -1.753262 -0.110117 1.000000
30.811317 3.421156 -0.053054 0.001949 1.000000
42.340965 -1.633381 0.324631 0.007661 1.000000
55.097061 8.821244 1.600820 0.026944 1.000000
3.819185 -1.841624 0.696077 0.184845 1.000000
2.033206 -1.896633 0.234458 0.063838 1.000000
40.575150 28.329353 0.509788 0.009174 1.000000
84.604668 -4.591310 1.216043 0.017187 1.000000
5.234651 -1.747442 -1.257515 -0.224042 1.000000
101.369606 2.952008 6.067145 0.058333 1.000000
110.821297 -2.852729 2.379739 0.019911 1.000000
118.327110 2.260462 1.743384 0.017707 1.000000
2.948911 -2.064795 -0.046657 -0.009876 1.000000
1.842712 -1.996250 0.163182 0.059994 1.000000
46.740322 -7.366684 4.231062 0.086753 1.000000
107.431908 -3.144913 2.011583 0.016981 1.000000
117.891937 1.431839 3.869989 0.031461 1.000000
4.488065 -1.806800 -0.045314 -0.013168 1.000000
71.992531 -1.088866 -1.234107 -0.017139 1.000000
117.932289 1.546507 3.651197 0.029269 1.000000
60.979301 4.381846 2.167254 0.033979 1.000000
45.737469 -2.666795 3.630658 0.080632 1.000000
109.614334 -3.492180 1.526126 0.016739 1.000000
44.995777 -2.807914 2.769075 0.065232 1.000000
3.862636 3.365433 -0.180860 -0.032151 1.000000
65.614388 3.614146 1.358708 0.020673 1.000000
34.761803 -2.259853 -2.383843 -0.068326 1.000000
2.948911 -2.064795 -0.046657 -0.009876 1.000000
65.650543 3.613137 1.361290 0.022065 1.000000
84.586609 2.187768 0.974616 0.012757 1.000000
110.803314 -2.903720 1.976343 0.017828 1.000000
45.645798 -2.831599 4.223937 0.088892 1.000000
45.884838 -4.294913 4.016513 0.084494 1.000000
93.459679 -1.661004 1.737837 0.019753 1.000000
93.905296 -0.976816 0.875204 0.011304 1.000000
30.797491 3.411856 0.074679 0.003958 1.000000
30.797491 3.411856 0.074679 0.003958 1.000000
85.105484 2.609559 1.657249 0.022622 1.000000
5.263270 3.336897 -0.076574 -0.013471 1.000000
54.355431 9.825987 3.062509 0.055387 1.000000
85.135384 2.566758 2.269880 0.025019 1.000000
118.743416 1.947071 3.507428 0.030746 1.000000
85.105484 2.609559 1.657249 0.022622 1.000000
65.614388 3.614146 1.358708 0.020673 1.000000
57.508862 3.494783 1.019707 0.019087 1.000000
52.684769 35.652874 -0.200318 -0.004321 1.000000
56.729870 -32.611683 5.207701 0.079418 1.000000
118.247658 2.196957 2.696175 0.021460 1.000000
93.459679 -1.661004 1.737837 0.019753 1.000000
58.791580 3.678780 1.091226 0.016848 1.000000
80.355461 4.428698 2.535712 0.029778 1.000000
80.393738 4.452580 1.825543 0.024002 1.000000
45.333210 -3.800765 3.392203 0.074429 1.000000
117.891937 1.431839 3.869989 0.031461 1.000000
5.354090 -1.818450 -0.196982 -0.034064 1.000000
56.729870 -32.611683 5.207701 0.079418 1.000000
60.889584 4.625744 1.926959 0.031545 1.000000
111.778641 -0.306227 -10.061762 -0.087519 1.000000
10.407324 4.359758 -1.913142 -0.160838 1.000000
42.875027 -3.038462 3.594168 0.083425 1.000000
82.778313 78.076073 11.781788 0.102144 1.000000
46.687153 -7.334026 4.275040 0.087774 1.000000
52.412186 -39.488876 4.825094 0.074465 1.000000
45.645798 -2.831599 4.223937 0.088892 1.000000
93.905296 -0.976816 0.875204 0.011304 1.000000
5.234651 -1.747442 -1.257515 -0.224042 1.000000
110.844833 -2.902303 2.360025 0.019547 1.000000
4.355655 -2.636915 -0.770007 -0.159416 1.000000
44.861195 -3.738377 2.963059 0.062831 1.000000
106.619652 -2.761997 1.995572 0.017369 1.000000
4.946709 -1.816118 -0.328687 -0.064141 1.000000
5.102367 3.262749 -1.389603 -0.215275 1.000000
5.054606 -1.751067 1.164678 0.204707 1.000000
7.178858 -2.349663 0.019368 0.007262 1.000000
46.757565 -7.221215 3.991828 0.086802 1.000000
55.160336 9.004698 1.738403 0.029656 1.000000
69.239647 3.538381 1.816465 0.024789 1.000000
4.488065 -1.806800 -0.045314 -0.013168 1.000000
57.863239 -30.724295 5.507201 0.085271 1.000000
109.614334 -3.492180 1.526126 0.016739 1.000000
27.048178 21.405382 0.042912 0.006015 1.000000
46.218380 -4.347151 3.446524 0.078034 1.000000
45.052700 -3.693458 2.940924 0.062091 1.000000
42.335827 -1.775272 0.308549 0.009428 1.000000
58.790287 3.675944 1.051720 0.016449 1.000000
106.660858 -2.737431 0.906880 0.011316 1.000000
55.024761 3.147612 1.298803 0.027090 1.000000
45.869667 -4.027183 3.750690 0.081276 1.000000
61.737865 1.121238 9.490479 0.149274 1.000000
4.946709 -1.816118 -0.328687 -0.064141 1.000000
5.065221 -1.839557 -0.099509 -0.016267 1.000000
118.327110 2.260462 1.743384 0.017707 1.000000
69.228607 3.567829 1.644858 0.023724 1.000000
10.407324 4.359758 -1.913142 -0.160838 1.000000
89.081429 -2.443914 1.344460 0.017078 1.000000
3.156600 -1.858540 -0.042985 -0.015964 1.000000
57.839981 -30.509176 4.560597 0.066409 1.000000
5.234476 4.327069 -0.735739 -0.107913 1.000000
106.533112 -2.777079 1.750442 0.017550 1.000000
54.216522 9.269103 3.432380 0.060321 1.000000
65.650543 3.613137 1.361290 0.022065 1.000000
118.284561 2.250070 2.179059 0.019620 1.000000
3.012887 -2.015018 -0.085918 -0.023700 1.000000
46.757565 -7.221215 3.991828 0.086802 1.000000
10.407324 4.359758 -1.913142 -0.160838 1.000000
117.919762 1.690041 3.373215 0.031642 1.000000
52.850750 9.968468 0.680881 0.015190 1.000000
1.842712 -1.996250 0.163182 0.059994 1.000000
53.655785 34.164307 0.340530 0.008218 1.000000
42.376545 -1.743354 0.481828 0.009610 1.000000
34.761803 -2.259853 -2.383843 -0.068326 1.000000
82.117355 73.747726 10.918969 0.098580 1.000000
46.123447 -4.569240 3.663464 0.081604 1.000000
82.778313 78.076073 11.781788 0.102144 1.000000
1.861551 -1.998139 0.180894 0.059642 1.000000
110.821297 -2.852729 2.379739 0.019911 1.000000
46.757565 -7.221215 3.991828 0.086802 1.000000
1.842712 -1.996250 0.163182 0.059994 1.000000
70.460320 3.903238 2.211972 0.029632 1.000000
54.500290 -36.179733 4.776824 0.073943 1.000000
85.135384 2.566758 2.269880 0.025019 1.000000
4.652657 -1.811900 -0.089424 -0.015601 1.000000
80.349457 4.493392 2.264855 0.026751 1.000000
65.614388 3.614146 1.358708 0.020673 1.000000
65.606407 3.641158 1.402759 0.019947 1.000000
42.868504 -3.043873 3.581244 0.081349 1.000000
89.087479 -2.427720 1.272537 0.017187 1.000000
46.192131 -4.067526 2.984394 0.068071 1.000000
52.968403 10.104252 1.656506 0.030710 1.000000
110.844833 -2.902303 2.360025 0.019547 1.000000
56.866009 -32.092098 5.375261 0.080195 1.000000
69.239647 3.538381 1.816465 0.024789 1.000000
55.160336 9.004698 1.738403 0.029656 1.000000
42.868504 -3.043873 3.581244 0.081349 1.000000
15.326163 8.620882 -1.291358 -0.071880 1.000000
84.604668 -4.591310 1.216043 0.017187 1.000000
4.440718 -2.663430 -0.764518 -0.160617 1.000000
117.945038 1.649632 4.062037 0.035651 1.000000
31.212288 6.883899 -0.238591 -0.005822 1.000000
89.081619 -2.366271 1.627502 0.019414 1.000000
34.303501 0.237297 -4.015631 -0.115927 1.000000
106.533112 -2.777079 1.750442 0.017550 1.000000
42.875027 -3.038462 3.594168 0.083425 1.000000
110.803207 -2.902158 2.295371 0.019366 1.000000
93.532928 -1.857417 1.827701 0.017780 1.000000
3.819185 -1.841624 0.696077 0.184845 1.000000
65.658066 3.653202 1.102829 0.019027 1.000000
110.856712 -2.898050 1.342576 0.014040 1.000000
106.030411 -3.571989 3.316048 0.032393 1.000000
5.197040 -2.280316 -0.821263 -0.156854 1.000000
46.697182 -7.326085 4.286175 0.087106 1.000000
110.803207 -2.902158 2.295371 0.019366 1.000000
3.854857 3.340876 -0.176724 -0.031449 1.000000
58.791580 3.678780 1.091226 0.016848 1.000000
119.102486 1.909991 0.768512 0.009368 1.000000
3.854857 3.340876 -0.176724 -0.031449 1.000000
106.030411 -3.571989 3.316048 0.032393 1.000000
52.989433 9.881406 0.944714 0.021363 1.000000
43.711742 -2.963899 3.595216 0.078738 1.000000
118.328857 2.155870 2.369841 0.022065 1.000000
110.852058 -2.842998 1.282347 0.014391 1.000000
5.234476 4.327069 -0.735739 -0.107913 1.000000
101.369606 2.952008 6.067145 0.058333 1.000000
31.212288 6.883899 -0.238591 -0.005822 1.000000
110.803207 -2.902158 2.295371 0.019366 1.000000
57.498634 3.501025 1.280784 0.020806 1.000000
5.005983 -2.824125 -0.796080 -0.149274 1.000000
5.234476 4.327069 -0.735739 -0.107913 1.000000
106.030411 -3.571989 3.316048 0.032393 1.000000
4.603399 -1.814802 -0.033366 -0.010796 1.000000
106.619652 -2.761997 1.995572 0.017369 1.000000
60.834526 4.390560 1.701490 0.026109 1.000000
