2.959286 -2.973524 -0.168445 -0.041234 1.000000
15.911668 -1.608860 -2.386856 -0.146264 1.000000
68.010735 3.609162 2.240205 0.031061 1.000000
99.990822 2.283718 -2.138936 -0.022755 1.000000
1.703262 -2.270579 -0.018068 -0.009150 1.000000
2.338398 -1.883779 -0.201410 -0.064517 1.000000
84.564064 2.217131 1.099677 0.012999 1.000000
27.862684 19.060686 4.340985 0.125534 1.000000
70.464622 3.683088 1.427620 0.018845 1.000000
2.338398 -1.883779 -0.201410 -0.064517 1.000000
105.283691 1.031841 -3.180760 -0.027525 1.000000
52.925919 5.401595 2.527207 0.045438 1.000000
61.533630 -3.966614 3.498209 0.056672 1.000000
53.361721 5.796321 -0.882526 -0.015105 1.000000
41.108955 2.706910 -0.428670 -0.011910 1.000000
85.346016 77.276009 10.865497 0.093060 1.000000
84.674973 77.815262 10.764054 0.092100 1.000000
48.997723 27.827618 -1.128021 -0.017344 1.000000
53.898460 -2.568821 4.408157 0.084215 1.000000
2.072263 -2.311308 -0.024361 -0.010445 1.000000
50.127964 1.769425 0.722281 0.012975 1.000000
42.242500 -0.961258 -4.445924 -0.103544 1.000000
29.861958 21.934912 0.233489 0.008521 1.000000
69.259712 3.556181 1.444572 0.022174 1.000000
15.841639 -1.602865 -2.388960 -0.145493 1.000000
38.143856 -1.663046 4.288168 0.109837 1.000000
3.990124 -1.894333 -1.182759 -0.235901 1.000000
9.289921 -2.003788 -2.556118 -0.272906 1.000000
34.198692 0.118740 -4.304677 -0.124802 1.000000
60.084282 3.380106 1.064080 0.016279 1.000000
86.049583 78.723099 10.981286 0.092854 1.000000
60.972225 -24.406286 1.036631 0.015783 1.000000
10.097775 -1.973689 -1.961728 -0.194421 1.000000
47.123768 1.667568 0.335261 0.009368 1.000000
53.239456 4.759467 3.297893 0.065778 1.000000
30.948484 21.936472 0.439087 0.010397 1.000000
55.413475 -35.013283 -1.699837 -0.028409 1.000000
1.738518 -2.056280 -0.466055 -0.159171 1.000000
1.909075 -1.971561 0.045226 0.027380 1.000000
50.475185 5.050902 0.763836 0.015057 1.000000
106.848831 -2.287070 3.404354 0.033882 1.000000
43.667015 0.408618 -3.977866 -0.089171 1.000000
44.049400 23.019495 -3.294925 -0.065839 1.000000
10.308828 -4.306288 2.080969 0.179394 1.000000
60.108124 3.328557 0.853186 0.015529 1.000000
1.947599 -1.925900 -0.391018 -0.141800 1.000000
68.053711 3.433566 1.482350 0.025104 1.000000
21.519918 -10.023351 -4.263712 -0.178852 1.000000
51.893776 1.970516 2.245273 0.043209 1.000000
54.150124 -2.783869 4.797775 0.089767 1.000000
29.364834 -19.107792 2.280057 0.067100 1.000000
61.535343 -4.129602 3.230113 0.054635 1.000000
113.016441 -1.792985 -1.291474 -0.011425 1.000000
1.843429 -2.355211 0.122112 0.044844 1.000000
106.848831 -2.287070 3.404354 0.033882 1.000000
10.594533 3.489343 0.049134 0.010300 1.000000
11.872175 3.360470 0.145759 0.011813 1.000000
7.703228 2.711063 -1.675568 -0.199617 1.000000
36.006725 -1.795603 -0.258067 -0.008751 1.000000
53.947315 -2.751128 5.069717 0.090629 1.000000
83.280022 72.376183 10.858430 0.098021 1.000000
21.481581 14.632413 1.390716 0.059569 1.000000
5.589512 -3.661828 -0.711916 -0.112650 1.000000
68.028038 3.584742 2.173627 0.030177 1.000000
55.018265 32.182037 0.093015 0.005761 1.000000
11.610770 3.255372 -2.463274 -0.205807 1.000000
3.565804 -1.881490 -0.157114 -0.038993 1.000000
7.863850 5.360065 -1.335976 -0.138634 1.000000
53.421146 -37.927162 4.384657 0.067974 1.000000
35.254017 2.123890 -4.328435 -0.121948 1.000000
79.658203 77.651245 11.684443 0.104651 1.000000
15.901840 -1.505138 -1.823549 -0.113673 1.000000
47.123768 1.667568 0.335261 0.009368 1.000000
3.565804 -1.881490 -0.157114 -0.038993 1.000000
27.779509 -5.718173 1.102013 0.038836 1.000000
68.026016 3.497845 1.561469 0.025201 1.000000
2.516285 -1.940853 -0.246026 -0.085296 1.000000
58.803608 3.578973 0.885956 0.016412 1.000000
13.219631 -6.564631 0.817093 0.058648 1.000000
36.788876 -8.245051 1.797617 0.044541 1.000000
51.890121 1.767552 1.887832 0.038836 1.000000
2.468845 -2.195948 0.140612 0.056599 1.000000
56.268513 3.339612 0.120593 0.005386 1.000000
11.201803 -3.619465 2.356011 0.188581 1.000000
38.026726 -1.251510 -3.113848 -0.080972 1.000000
107.024292 -2.273740 3.949645 0.038061 1.000000
29.793598 22.075689 0.516949 0.012527 1.000000
69.259712 3.556181 1.444572 0.022174 1.000000
1.738518 -2.056280 -0.466055 -0.159171 1.000000
12.815548 3.277144 -2.238296 -0.167622 1.000000
20.987200 -11.370831 -4.213001 -0.176565 1.000000
70.439423 3.454024 2.173304 0.030807 1.000000
60.101398 3.348882 0.705355 0.013967 1.000000
58.803608 3.578973 0.885956 0.016412 1.000000
43.207268 22.344065 -0.862716 -0.017974 1.000000
2.729174 -2.045579 -0.144713 -0.042797 1.000000
11.201803 -3.619465 2.356011 0.188581 1.000000
54.150124 -2.783869 4.797775 0.089767 1.000000
2.290640 -1.907291 -0.117738 -0.039647 1.000000
2.364000 -1.878733 -0.193580 -0.063826 1.000000
58.340565 -28.047394 -0.584054 -0.008109 1.000000
54.476116 40.017174 -2.538776 -0.038485 1.000000
86.039703 2.919062 -1.752764 -0.019196 1.000000
21.519918 -10.023351 -4.263712 -0.178852 1.000000
27.862684 19.060686 4.340985 0.125534 1.000000
56.246620 3.436704 0.686807 0.010796 1.000000
21.519918 -10.023351 -4.263712 -0.178852 1.000000
58.840576 3.556683 0.683863 0.014948 1.000000
4.973671 -1.733492 -1.318394 -0.263408 1.000000
36.722263 0.527144 -3.120420 -0.084761 1.000000
38.654442 3.385239 0.617506 0.019693 1.000000
2.737348 -2.074785 -0.387572 -0.126266 1.000000
60.073090 3.378046 1.001267 0.014984 1.000000
68.026016 3.497845 1.561469 0.025201 1.000000
44.363037 0.611598 -3.346465 -0.074429 1.000000
4.521780 -2.207714 -0.786088 -0.160176 1.000000
36.788876 -8.245051 1.797617 0.044541 1.000000
12.843441 3.290514 -2.254950 -0.167634 1.000000
36.645145 1.302230 -0.048747 0.001997 1.000000
4.499839 -2.199750 -0.762434 -0.151061 1.000000
5.589512 -3.661828 -0.711916 -0.112650 1.000000
3.450391 -1.848787 -1.008425 -0.276292 1.000000
7.572173 -2.198706 -2.338064 -0.288264 1.000000
39.344326 -8.688416 1.754230 0.041900 1.000000
51.883221 1.831531 2.036481 0.040677 1.000000
56.232063 3.441864 0.536636 0.009525 1.000000
37.083481 1.863872 -0.326472 -0.006608 1.000000
7.599011 -2.253241 -2.200990 -0.290739 1.000000
7.885590 5.326686 -0.382119 -0.039248 1.000000
52.908306 5.647268 2.307464 0.041828 1.000000
9.521372 5.467995 0.145675 0.017744 1.000000
60.089897 3.450507 1.056596 0.015843 1.000000
17.474125 -2.933455 -0.199510 -0.012733 1.000000
38.681431 3.296769 0.608953 0.018228 1.000000
113.016441 -1.792985 -1.291474 -0.011425 1.000000
7.703228 2.711063 -1.675568 -0.199617 1.000000
49.377232 48.709106 0.246800 0.003558 1.000000
42.620609 3.352166 1.337609 0.033931 1.000000
2.516285 -1.940853 -0.246026 -0.085296 1.000000
69.274269 3.590889 1.215132 0.019753 1.000000
19.782917 16.380053 -2.846677 -0.108303 1.000000
79.658203 77.651245 11.684443 0.104651 1.000000
36.874889 0.732861 -3.366254 -0.091018 1.000000
10.574125 5.296702 -1.265533 -0.106805 1.000000
17.474125 -2.933455 -0.199510 -0.012733 1.000000
38.640144 3.405200 0.760528 0.018107 1.000000
78.341393 85.937325 -13.588568 -0.115159 1.000000
17.474125 -2.933455 -0.199510 -0.012733 1.000000
37.791645 -1.078911 -3.562334 -0.092623 1.000000
53.292099 4.762186 3.206066 0.062637 1.000000
56.254951 3.397554 0.116158 0.004260 1.000000
10.730353 -7.622167 1.108569 0.089633 1.000000
58.293846 -30.103310 3.758008 0.057217 1.000000
84.642639 2.553198 0.793742 0.011462 1.000000
70.448303 3.559206 2.030833 0.030153 1.000000
51.883221 1.831531 2.036481 0.040677 1.000000
42.990448 22.541780 -0.838750 -0.018397 1.000000
43.976334 22.807610 0.160358 0.002747 1.000000
43.667015 0.408618 -3.977866 -0.089171 1.000000
10.594544 5.352177 0.752493 0.066991 1.000000
21.481581 14.632413 1.390716 0.059569 1.000000
7.703228 2.711063 -1.675568 -0.199617 1.000000
7.599011 -2.253241 -2.200990 -0.290739 1.000000
32.898930 17.891556 1.689276 0.043209 1.000000
43.207268 22.344065 -0.862716 -0.017974 1.000000
15.592782 -2.149908 -2.264227 -0.144821 1.000000
52.905186 5.740666 2.223315 0.041755 1.000000
82.095230 -4.305621 2.276882 0.028833 1.000000
27.779509 -5.718173 1.102013 0.038836 1.000000
52.925919 5.401595 2.527207 0.045438 1.000000
106.964958 -2.241334 4.164574 0.037528 1.000000
9.521372 5.467995 0.145675 0.017744 1.000000
17.268253 -2.991443 -0.127568 -0.005204 1.000000
55.413475 -35.013283 -1.699837 -0.028409 1.000000
44.363037 0.611598 -3.346465 -0.074429 1.000000
36.745132 -8.660015 1.099305 0.030117 1.000000
19.782917 16.380053 -2.846677 -0.108303 1.000000
29.793598 22.075689 0.516949 0.012527 1.000000
60.972225 -24.406286 1.036631 0.015783 1.000000
32.898930 17.891556 1.689276 0.043209 1.000000
86.273140 78.556343 10.749212 0.090642 1.000000
54.893333 -1.960492 -2.384274 -0.044614 1.000000
1.947599 -1.925900 -0.391018 -0.141800 1.000000
70.491295 3.680074 1.417699 0.022332 1.000000
108.479034 -1.461321 -3.498279 -0.030468 1.000000
39.981880 -7.119875 -4.172500 -0.102911 1.000000
60.084282 3.380106 1.064080 0.016279 1.000000
2.290640 -1.907291 -0.117738 -0.039647 1.000000
36.722263 0.527144 -3.120420 -0.084761 1.000000
42.033810 -0.882530 -2.390318 -0.055908 1.000000
12.835297 3.283522 -2.276695 -0.166959 1.000000
30.948484 21.936472 0.439087 0.010397 1.000000
54.983299 3.370551 1.015565 0.018434 1.000000
87.134270 80.248093 11.568626 0.097352 1.000000
113.613327 0.577238 -8.678976 -0.074623 1.000000
69.224129 3.466969 1.835005 0.024789 1.000000
51.882675 -5.069884 1.716445 0.034100 1.000000
56.534153 29.989388 -1.967286 -0.031824 1.000000
7.599011 -2.253241 -2.200990 -0.290739 1.000000
42.990448 22.541780 -0.838750 -0.018397 1.000000
31.193974 24.142752 -1.875072 -0.043524 1.000000
52.922756 5.581603 2.434208 0.043790 1.000000
43.976334 22.807610 0.160358 0.002747 1.000000
50.179039 36.540585 -5.800117 -0.089609 1.000000
2.516285 -1.940853 -0.246026 -0.085296 1.000000
66.311615 -1.394651 -3.377208 -0.052042 1.000000
30.100851 21.791391 0.379384 0.009041 1.000000
11.846233 3.330990 0.100057 0.010506 1.000000
47.355419 28.949995 -0.894619 -0.014149 1.000000
113.016441 -1.792985 -1.291474 -0.011425 1.000000
30.413237 22.110428 0.518598 0.012612 1.000000
4.509501 -2.206719 -0.824747 -0.173935 1.000000
85.346016 77.276009 10.865497 0.093060 1.000000
48.997723 27.827618 -1.128021 -0.017344 1.000000
60.089897 3.450507 1.056596 0.015843 1.000000
7.686543 5.180229 -0.342092 -0.037661 1.000000
12.568498 -5.595979 0.508903 0.041404 1.000000
68.053711 3.433566 1.482350 0.025104 1.000000
44.363037 0.611598 -3.346465 -0.074429 1.000000
54.983299 3.370551 1.015565 0.018434 1.000000
7.678448 2.928127 1.217158 0.166125 1.000000
58.803608 3.578973 0.885956 0.016412 1.000000
48.997723 27.827618 -1.128021 -0.017344 1.000000
53.997303 33.371769 -2.225453 -0.036062 1.000000
38.640144 3.405200 0.760528 0.018107 1.000000
21.519918 -10.023351 -4.263712 -0.178852 1.000000
27.862684 19.060686 4.340985 0.125534 1.000000
21.519918 -10.023351 -4.263712 -0.178852 1.000000
29.364834 -19.107792 2.280057 0.067100 1.000000
9.521372 5.467995 0.145675 0.017744 1.000000
11.846233 3.330990 0.100057 0.010506 1.000000
42.620609 3.352166 1.337609 0.033931 1.000000
30.413237 22.110428 0.518598 0.012612 1.000000
48.997723 27.827618 -1.128021 -0.017344 1.000000
50.179039 36.540585 -5.800117 -0.089609 1.000000
56.232063 3.441864 0.536636 0.009525 1.000000
43.976334 22.807610 0.160358 0.002747 1.000000
60.089897 3.450507 1.056596 0.015843 1.000000
68.026016 3.497845 1.561469 0.025201 1.000000
2.398129 -1.867335 -0.192775 -0.063340 1.000000
10.808820 -6.462940 0.733726 0.063353 1.000000
12.568498 -5.595979 0.508903 0.041404 1.000000
54.476116 40.017174 -2.538776 -0.038485 1.000000
51.890121 1.767552 1.887832 0.038836 1.000000
113.068436 -1.908600 -1.408112 -0.011377 1.000000
20.906107 9.528711 1.818054 0.085976 1.000000
36.722263 0.527144 -3.120420 -0.084761 1.000000
12.568498 -5.595979 0.508903 0.041404 1.000000
66.861710 3.528198 1.347909 0.023482 1.000000
30.413237 22.110428 0.518598 0.012612 1.000000
113.068436 -1.908600 -1.408112 -0.011377 1.000000
82.233505 79.273979 -11.450905 -0.098957 1.000000
37.065025 1.811039 -0.237436 -0.003135 1.000000
51.881016 1.839942 2.304273 0.042821 1.000000
68.017654 3.480073 1.847909 0.027126 1.000000
50.475185 5.050902 0.763836 0.015057 1.000000
17.204695 -2.019790 -0.323313 -0.020056 1.000000
4.869830 -2.687959 -0.704802 -0.129536 1.000000
68.029198 3.502824 1.992743 0.027828 1.000000
48.874668 27.860268 -1.006009 -0.013761 1.000000
51.883221 1.831531 2.036481 0.040677 1.000000
78.341393 85.937325 -13.588568 -0.115159 1.000000
2.382068 -1.937613 -0.243918 -0.084433 1.000000
11.116594 -4.126629 1.889504 0.166321 1.000000
54.983299 3.370551 1.015565 0.018434 1.000000
20.821049 -9.452567 0.321890 0.014076 1.000000
12.815548 3.277144 -2.238296 -0.167622 1.000000
15.911668 -1.608860 -2.386856 -0.146264 1.000000
70.478821 3.625910 1.307056 0.021823 1.000000
47.355419 28.949995 -0.894619 -0.014149 1.000000
54.286098 -3.017493 -2.492813 -0.043572 1.000000
53.239250 4.641828 3.309148 0.063498 1.000000
20.987200 -11.370831 -4.213001 -0.176565 1.000000
87.134270 80.248093 11.568626 0.097352 1.000000
51.883221 1.831531 2.036481 0.040677 1.000000
10.562599 5.370665 0.163804 0.012006 1.000000
69.253807 3.421487 1.758911 0.023615 1.000000
53.239250 4.641828 3.309148 0.063498 1.000000
7.572173 -2.198706 -2.338064 -0.288264 1.000000
106.964958 -2.241334 4.164574 0.037528 1.000000
84.564064 2.217131 1.099677 0.012999 1.000000
70.439423 3.454024 2.173304 0.030807 1.000000
4.524136 -2.209172 -0.803400 -0.175102 1.000000
15.901840 -1.505138 -1.823549 -0.113673 1.000000
38.026726 -1.251510 -3.113848 -0.080972 1.000000
51.883221 1.831531 2.036481 0.040677 1.000000
38.026726 -1.251510 -3.113848 -0.080972 1.000000
41.210533 -7.639111 1.920785 0.043681 1.000000
107.728622 -3.381563 -20.285828 -0.186988 1.000000
12.835297 3.283522 -2.276695 -0.166959 1.000000
58.839897 -29.246653 5.581819 0.083255 1.000000
10.344639 7.425935 0.172731 0.020044 1.000000
55.004395 -2.505987 -6.557776 -0.119169 1.000000
55.018265 32.182037 0.093015 0.005761 1.000000
29.861958 21.934912 0.233489 0.008521 1.000000
84.431221 81.326584 10.622981 0.090520 1.000000
57.520348 3.522499 0.897293 0.017877 1.000000
56.247162 3.396344 0.422453 0.008847 1.000000
10.555081 5.345436 0.142632 0.012055 1.000000
61.535412 -4.016244 3.441127 0.057036 1.000000
5.589512 -3.661828 -0.711916 -0.112650 1.000000
57.520348 3.522499 0.897293 0.017877 1.000000
61.535412 -4.016244 3.441127 0.057036 1.000000
70.491295 3.680074 1.417699 0.022332 1.000000
38.821472 11.558218 1.004308 0.024789 1.000000
50.111557 1.712997 0.327655 0.009816 1.000000
83.958824 76.604927 10.451925 0.090471 1.000000
68.026016 3.497845 1.561469 0.025201 1.000000
79.664757 -1.051082 -1.601980 -0.021375 1.000000
49.491928 35.913311 -5.767282 -0.090496 1.000000
4.493108 -2.204254 -0.721946 -0.132747 1.000000
2.364000 -1.878733 -0.193580 -0.063826 1.000000
7.703228 2.711063 -1.675568 -0.199617 1.000000
53.768116 -2.864941 -5.910188 -0.108339 1.000000
17.268253 -2.991443 -0.127568 -0.005204 1.000000
105.283691 1.031841 -3.180760 -0.027525 1.000000
2.398129 -1.867335 -0.192775 -0.063340 1.000000
10.574125 5.296702 -1.265533 -0.106805 1.000000
4.512180 -2.207071 -0.735765 -0.138195 1.000000
2.729174 -2.045579 -0.144713 -0.042797 1.000000
2.072263 -2.311308 -0.024361 -0.010445 1.000000
68.026016 3.497845 1.561469 0.025201 1.000000
32.688705 -15.403161 1.225046 0.031884 1.000000
10.730353 -7.622167 1.108569 0.089633 1.000000
2.417687 -1.857699 -0.027949 -0.012781 1.000000
37.083481 1.863872 -0.326472 -0.006608 1.000000
51.941185 -4.857051 1.696895 0.035699 1.000000
5.589512 -3.661828 -0.711916 -0.112650 1.000000
43.607113 5.264772 -5.979379 -0.135299 1.000000
18.987158 14.970849 -3.432855 -0.139967 1.000000
99.990822 2.283718 -2.138936 -0.022755 1.000000
1.843429 -2.355211 0.122112 0.044844 1.000000
29.861958 21.934912 0.233489 0.008521 1.000000
31.193974 24.142752 -1.875072 -0.043524 1.000000
70.406425 3.344797 1.519760 0.019850 1.000000
1.738518 -2.056280 -0.466055 -0.159171 1.000000
57.534637 3.530905 0.847105 0.018095 1.000000
53.898460 -2.568821 4.408157 0.084215 1.000000
17.333502 -2.063609 -0.124280 -0.003933 1.000000
2.290640 -1.907291 -0.117738 -0.039647 1.000000
19.782917 16.380053 -2.846677 -0.108303 1.000000
70.464622 3.683088 1.427620 0.018845 1.000000
4.869830 -2.687959 -0.704802 -0.129536 1.000000
2.398129 -1.867335 -0.192775 -0.063340 1.000000
84.431221 81.326584 10.622981 0.090520 1.000000
32.688705 -15.403161 1.225046 0.031884 1.000000
10.097775 -1.973689 -1.961728 -0.194421 1.000000
9.230242 5.371790 0.160397 0.013144 1.000000
32.688705 -15.403161 1.225046 0.031884 1.000000
60.129654 3.352515 0.677847 0.014572 1.000000
69.259712 3.556181 1.444572 0.022174 1.000000
47.123768 1.667568 0.335261 0.009368 1.000000
15.901840 -1.505138 -1.823549 -0.113673 1.000000
2.500570 -2.017304 -0.870179 -0.291270 1.000000
54.150124 -2.783869 4.797775 0.089767 1.000000
32.898930 17.891556 1.689276 0.043209 1.000000
58.839897 -29.246653 5.581819 0.083255 1.000000
29.861958 21.934912 0.233489 0.008521 1.000000
84.674973 77.815262 10.764054 0.092100 1.000000
56.835373 29.486877 -0.842896 -0.014282 1.000000
61.535412 -4.016244 3.441127 0.057036 1.000000
38.638603 3.381578 0.692637 0.019402 1.000000
54.286098 -3.017493 -2.492813 -0.043572 1.000000
34.223145 -0.036389 -4.292205 -0.125448 1.000000
60.108124 3.328557 0.853186 0.015529 1.000000
9.289921 -2.003788 -2.556118 -0.272906 1.000000
56.254951 3.397554 0.116158 0.004260 1.000000
34.223145 -0.036389 -4.292205 -0.125448 1.000000
54.983299 3.370551 1.015565 0.018434 1.000000
107.728622 -3.381563 -20.285828 -0.186988 1.000000
2.417687 -1.857699 -0.027949 -0.012781 1.000000
17.333502 -2.063609 -0.124280 -0.003933 1.000000
48.416565 10.168609 1.166726 0.027622 1.000000
55.004395 -2.505987 -6.557776 -0.119169 1.000000
83.280022 72.376183 10.858430 0.098021 1.000000
70.448303 3.559206 2.030833 0.030153 1.000000
15.911668 -1.608860 -2.386856 -0.146264 1.000000
28.067610 18.967051 4.140316 0.128413 1.000000
10.594544 5.352177 0.752493 0.066991 1.000000
11.846233 3.330990 0.100057 0.010506 1.000000
31.193974 24.142752 -1.875072 -0.043524 1.000000
2.737348 -2.074785 -0.387572 -0.126266 1.000000
7.703228 2.711063 -1.675568 -0.199617 1.000000
2.290640 -1.907291 -0.117738 -0.039647 1.000000
2.737348 -2.074785 -0.387572 -0.126266 1.000000
42.033810 -0.882530 -2.390318 -0.055908 1.000000
107.582344 -2.477763 3.157321 0.030492 1.000000
53.898460 -2.568821 4.408157 0.084215 1.000000
21.481581 14.632413 1.390716 0.059569 1.000000
53.421146 -37.927162 4.384657 0.067974 1.000000
60.094227 3.339661 1.010483 0.016787 1.000000
2.248921 -1.904951 -0.752581 -0.291459 1.000000
86.273140 78.556343 10.749212 0.090642 1.000000
3.990124 -1.894333 -1.182759 -0.235901 1.000000
10.344639 7.425935 0.172731 0.020044 1.000000
30.413237 22.110428 0.518598 0.012612 1.000000
79.163605 78.812149 10.697099 0.100283 1.000000
4.521780 -2.207714 -0.786088 -0.160176 1.000000
9.213425 5.399636 0.156003 0.011982 1.000000
12.568498 -5.595979 0.508903 0.041404 1.000000
87.134270 80.248093 11.568626 0.097352 1.000000
68.029198 3.502824 1.992743 0.027828 1.000000
49.377232 48.709106 0.246800 0.003558 1.000000
55.004395 -2.505987 -6.557776 -0.119169 1.000000
51.882675 -5.069884 1.716445 0.034100 1.000000
29.364834 -19.107792 2.280057 0.067100 1.000000
29.364834 -19.107792 2.280057 0.067100 1.000000
51.883221 1.831531 2.036481 0.040677 1.000000
85.346016 77.276009 10.865497 0.093060 1.000000
10.308828 -4.306288 2.080969 0.179394 1.000000
68.026016 3.497845 1.561469 0.025201 1.000000
10.574125 5.296702 -1.265533 -0.106805 1.000000
61.535343 -4.129602 3.230113 0.054635 1.000000
30.989071 21.967924 0.361872 0.009223 1.000000
68.029198 3.502824 1.992743 0.027828 1.000000
113.613327 0.577238 -8.678976 -0.074623 1.000000
68.010735 3.609162 2.240205 0.031061 1.000000
83.812813 76.745659 10.522127 0.091298 1.000000
113.016441 -1.792985 -1.291474 -0.011425 1.000000
7.678448 2.928127 1.217158 0.166125 1.000000
86.049583 78.723099 10.981286 0.092854 1.000000
41.210533 -7.639111 1.920785 0.043681 1.000000
39.344326 -8.688416 1.754230 0.041900 1.000000
84.674973 77.815262 10.764054 0.092100 1.000000
17.474125 -2.933455 -0.199510 -0.012733 1.000000
21.970373 -8.587263 0.960263 0.036837 1.000000
68.026016 3.497845 1.561469 0.025201 1.000000
70.448303 3.559206 2.030833 0.030153 1.000000
86.049583 78.723099 10.981286 0.092854 1.000000
50.179039 36.540585 -5.800117 -0.089609 1.000000
79.163605 78.812149 10.697099 0.100283 1.000000
52.908306 5.647268 2.307464 0.041828 1.000000
106.848831 -2.287070 3.404354 0.033882 1.000000
61.533630 -3.966614 3.498209 0.056672 1.000000
43.607113 5.264772 -5.979379 -0.135299 1.000000
7.863850 5.360065 -1.335976 -0.138634 1.000000
66.850296 3.467347 1.368988 0.022719 1.000000
53.239250 4.641828 3.309148 0.063498 1.000000
51.890121 1.767552 1.887832 0.038836 1.000000
4.493108 -2.204254 -0.721946 -0.132747 1.000000
7.599011 -2.253241 -2.200990 -0.290739 1.000000
38.638603 3.381578 0.692637 0.019402 1.000000
30.413237 22.110428 0.518598 0.012612 1.000000
61.535412 -4.016244 3.441127 0.057036 1.000000
9.213425 5.399636 0.156003 0.011982 1.000000
1.696349 -2.060470 -0.538077 -0.192768 1.000000
56.232063 3.441864 0.536636 0.009525 1.000000
34.011612 -2.752181 3.707010 0.106136 1.000000
69.253807 3.421487 1.758911 0.023615 1.000000
4.524136 -2.209172 -0.803400 -0.175102 1.000000
46.037415 8.030640 -5.041999 -0.107475 1.000000
10.315728 -1.945245 -2.025036 -0.188848 1.000000
37.490692 5.995886 4.063596 0.103385 1.000000
10.555081 5.345436 0.142632 0.012055 1.000000
36.645145 1.302230 -0.048747 0.001997 1.000000
84.642639 2.553198 0.793742 0.011462 1.000000
43.667015 0.408618 -3.977866 -0.089171 1.000000
15.911668 -1.608860 -2.386856 -0.146264 1.000000
12.835297 3.283522 -2.276695 -0.166959 1.000000
78.341393 85.937325 -13.588568 -0.115159 1.000000
1.947599 -1.925900 -0.391018 -0.141800 1.000000
48.874668 27.860268 -1.006009 -0.013761 1.000000
41.210533 -7.639111 1.920785 0.043681 1.000000
38.638603 3.381578 0.692637 0.019402 1.000000
10.574125 5.296702 -1.265533 -0.106805 1.000000
35.290142 1.983969 -3.407840 -0.094641 1.000000
4.507924 -2.198513 -0.764860 -0.148381 1.000000
113.068436 -1.908600 -1.408112 -0.011377 1.000000
7.703228 2.711063 -1.675568 -0.199617 1.000000
27.779509 -5.718173 1.102013 0.038836 1.000000
98.669044 2.315232 -1.456111 -0.016025 1.000000
38.654442 3.385239 0.617506 0.019693 1.000000
4.493108 -2.204254 -0.721946 -0.132747 1.000000
15.901840 -1.505138 -1.823549 -0.113673 1.000000
54.150124 -2.783869 4.797775 0.089767 1.000000
38.632408 3.404504 0.778381 0.020068 1.000000
2.959286 -2.973524 -0.168445 -0.041234 1.000000
106.827362 -2.474756 3.630574 0.036959 1.000000
22.234709 -9.774993 0.477656 0.016328 1.000000
82.233505 79.273979 -11.450905 -0.098957 1.000000
53.292099 4.762186 3.206066 0.062637 1.000000
52.925919 5.401595 2.527207 0.045438 1.000000
56.247162 3.396344 0.422453 0.008847 1.000000
36.645145 1.302230 -0.048747 0.001997 1.000000
107.582344 -2.477763 3.157321 0.030492 1.000000
2.398129 -1.867335 -0.192775 -0.063340 1.000000
52.282375 -0.200477 -0.895121 -0.015989 1.000000
84.431221 81.326584 10.622981 0.090520 1.000000
56.247162 3.396344 0.422453 0.008847 1.000000
68.028038 3.584742 2.173627 0.030177 1.000000
60.089897 3.450507 1.056596 0.015843 1.000000
106.848831 -2.287070 3.404354 0.033882 1.000000
83.812813 76.745659 10.522127 0.091298 1.000000
10.594533 3.489343 0.049134 0.010300 1.000000
37.490692 5.995886 4.063596 0.103385 1.000000
55.413475 -35.013283 -1.699837 -0.028409 1.000000
10.555081 5.345436 0.142632 0.012055 1.000000
3.576864 -1.846034 -0.107798 -0.026775 1.000000
29.364834 -19.107792 2.280057 0.067100 1.000000
106.848831 -2.287070 3.404354 0.033882 1.000000
66.846802 3.451556 1.568247 0.024789 1.000000
58.808277 3.582603 0.760124 0.015178 1.000000
60.972225 -24.406286 1.036631 0.015783 1.000000
21.481581 14.632413 1.390716 0.059569 1.000000
84.643143 2.078367 0.907520 0.009174 1.000000
4.869830 -2.687959 -0.704802 -0.129536 1.000000
43.976334 22.807610 0.160358 0.002747 1.000000
107.024292 -2.273740 3.949645 0.038061 1.000000
8.008730 5.313268 -1.334069 -0.137926 1.000000
10.808820 -6.462940 0.733726 0.063353 1.000000
38.632408 3.404504 0.778381 0.020068 1.000000
2.072263 -2.311308 -0.024361 -0.010445 1.000000
50.475185 5.050902 0.763836 0.015057 1.000000
83.812813 76.745659 10.522127 0.091298 1.000000
36.745132 -8.660015 1.099305 0.030117 1.000000
82.233505 79.273979 -11.450905 -0.098957 1.000000
10.315728 -1.945245 -2.025036 -0.188848 1.000000
113.046173 -1.953501 -1.458377 -0.010203 1.000000
70.491295 3.680074 1.417699 0.022332 1.000000
38.143856 -1.663046 4.288168 0.109837 1.000000
82.233505 79.273979 -11.450905 -0.098957 1.000000
58.803608 3.578973 0.885956 0.016412 1.000000
36.874889 0.732861 -3.366254 -0.091018 1.000000
70.439423 3.454024 2.173304 0.030807 1.000000
99.990822 2.283718 -2.138936 -0.022755 1.000000
17.474125 -2.933455 -0.199510 -0.012733 1.000000
53.292099 4.762186 3.206066 0.062637 1.000000
60.101398 3.348882 0.705355 0.013967 1.000000
2.398129 -1.867335 -0.192775 -0.063340 1.000000
2.417687 -1.857699 -0.027949 -0.012781 1.000000
60.138203 -26.272982 0.289559 0.005507 1.000000
107.582344 -2.477763 3.157321 0.030492 1.000000
68.028038 3.584742 2.173627 0.030177 1.000000
35.290142 1.983969 -3.407840 -0.094641 1.000000
58.840576 3.556683 0.683863 0.014948 1.000000
78.341393 85.937325 -13.588568 -0.115159 1.000000
58.803608 3.578973 0.885956 0.016412 1.000000
68.056465 3.493182 1.691489 0.026182 1.000000
105.283691 1.031841 -3.180760 -0.027525 1.000000
51.881016 1.839942 2.304273 0.042821 1.000000
30.989071 21.967924 0.361872 0.009223 1.000000
54.464104 -2.692842 -2.520954 -0.043936 1.000000
57.534637 3.530905 0.847105 0.018095 1.000000
2.516285 -1.940853 -0.246026 -0.085296 1.000000
7.885590 5.326686 -0.382119 -0.039248 1.000000
1.667146 -2.092938 -0.052538 -0.019632 1.000000
35.829494 -6.895703 1.146514 0.031412 1.000000
53.421146 -37.927162 4.384657 0.067974 1.000000
17.311312 -2.929188 -0.119576 -0.005701 1.000000
84.431221 81.326584 10.622981 0.090520 1.000000
52.282375 -0.200477 -0.895121 -0.015989 1.000000
66.846802 3.451556 1.568247 0.024789 1.000000
1.738518 -2.056280 -0.466055 -0.159171 1.000000
68.053711 3.433566 1.482350 0.025104 1.000000
85.200058 2.660912 -11.632355 -0.134798 1.000000
84.431221 81.326584 10.622981 0.090520 1.000000
69.224129 3.466969 1.835005 0.024789 1.000000
46.918892 23.098116 -0.813624 -0.015868 1.000000
105.283691 1.031841 -3.180760 -0.027525 1.000000
52.908306 5.647268 2.307464 0.041828 1.000000
53.239250 4.641828 3.309148 0.063498 1.000000
54.286098 -3.017493 -2.492813 -0.043572 1.000000
22.234709 -9.774993 0.477656 0.016328 1.000000
58.803608 3.578973 0.885956 0.016412 1.000000
15.911668 -1.608860 -2.386856 -0.146264 1.000000
36.722263 0.527144 -3.120420 -0.084761 1.000000
46.918892 23.098116 -0.813624 -0.015868 1.000000
52.887096 5.699065 2.014590 0.041755 1.000000
2.290640 -1.907291 -0.117738 -0.039647 1.000000
37.490692 5.995886 4.063596 0.103385 1.000000
99.990822 2.283718 -2.138936 -0.022755 1.000000
52.905186 5.740666 2.223315 0.041755 1.000000
9.213425 5.399636 0.156003 0.011982 1.000000
86.039703 2.919062 -1.752764 -0.019196 1.000000
38.681431 3.296769 0.608953 0.018228 1.000000
84.564064 2.217131 1.099677 0.012999 1.000000
2.072263 -2.311308 -0.024361 -0.010445 1.000000
50.475185 5.050902 0.763836 0.015057 1.000000
12.843441 3.290514 -2.254950 -0.167634 1.000000
30.053835 21.143740 0.254396 0.006923 1.000000
60.129654 3.352515 0.677847 0.014572 1.000000
60.084282 3.380106 1.064080 0.016279 1.000000
38.143856 -1.663046 4.288168 0.109837 1.000000
11.827534 3.318934 0.209594 0.014294 1.000000
9.213425 5.399636 0.156003 0.011982 1.000000
11.610770 3.255372 -2.463274 -0.205807 1.000000
44.363037 0.611598 -3.346465 -0.074429 1.000000
68.028038 3.584742 2.173627 0.030177 1.000000
37.083481 1.863872 -0.326472 -0.006608 1.000000
106.848831 -2.287070 3.404354 0.033882 1.000000
3.990124 -1.894333 -1.182759 -0.235901 1.000000
11.827534 3.318934 0.209594 0.014294 1.000000
58.803608 3.578973 0.885956 0.016412 1.000000
51.893776 1.970516 2.245273 0.043209 1.000000
99.985550 2.467246 -2.327288 -0.020492 1.000000
9.260564 5.392313 0.143184 0.016279 1.000000
54.476116 40.017174 -2.538776 -0.038485 1.000000
15.592782 -2.149908 -2.264227 -0.144821 1.000000
58.839897 -29.246653 5.581819 0.083255 1.000000
34.800339 -2.352016 3.378160 0.101573 1.000000
58.803608 3.578973 0.885956 0.016412 1.000000
5.589512 -3.661828 -0.711916 -0.112650 1.000000
39.981880 -7.119875 -4.172500 -0.102911 1.000000
68.028038 3.584742 2.173627 0.030177 1.000000
61.544174 -3.733766 3.550443 0.055557 1.000000
58.803608 3.578973 0.885956 0.016412 1.000000
39.344326 -8.688416 1.754230 0.041900 1.000000
52.922756 5.581603 2.434208 0.043790 1.000000
12.843441 3.290514 -2.254950 -0.167634 1.000000
79.658203 77.651245 11.684443 0.104651 1.000000
58.839897 -29.246653 5.581819 0.083255 1.000000
34.223145 -0.036389 -4.292205 -0.125448 1.000000
36.713646 -0.298201 -4.601892 -0.124253 1.000000
10.730353 -7.622167 1.108569 0.089633 1.000000
2.382068 -1.937613 -0.243918 -0.084433 1.000000
106.827362 -2.474756 3.630574 0.036959 1.000000
8.008730 5.313268 -1.334069 -0.137926 1.000000
35.254017 2.123890 -4.328435 -0.121948 1.000000
48.997723 27.827618 -1.128021 -0.017344 1.000000
41.108955 2.706910 -0.428670 -0.011910 1.000000
20.906107 9.528711 1.818054 0.085976 1.000000
12.843441 3.290514 -2.254950 -0.167634 1.000000
52.905186 5.740666 2.223315 0.041755 1.000000
10.097775 -1.973689 -1.961728 -0.194421 1.000000
37.065025 1.811039 -0.237436 -0.003135 1.000000
69.253807 3.421487 1.758911 0.023615 1.000000
3.990124 -1.894333 -1.182759 -0.235901 1.000000
36.745132 -8.660015 1.099305 0.030117 1.000000
1.909075 -1.971561 0.045226 0.027380 1.000000
4.512180 -2.207071 -0.735765 -0.138195 1.000000
85.346016 77.276009 10.865497 0.093060 1.000000
85.346016 77.276009 10.865497 0.093060 1.000000
56.254951 3.397554 0.116158 0.004260 1.000000
36.874889 0.732861 -3.366254 -0.091018 1.000000
31.193974 24.142752 -1.875072 -0.043524 1.000000
106.827362 -2.474756 3.630574 0.036959 1.000000
34.011612 -2.752181 3.707010 0.106136 1.000000
20.987200 -11.370831 -4.213001 -0.176565 1.000000
32.688705 -15.403161 1.225046 0.031884 1.000000
61.533630 -3.966614 3.498209 0.056672 1.000000
79.658203 77.651245 11.684443 0.104651 1.000000
66.861710 3.528198 1.347909 0.023482 1.000000
107.024292 -2.273740 3.949645 0.038061 1.000000
11.827534 3.318934 0.209594 0.014294 1.000000
30.100851 21.791391 0.379384 0.009041 1.000000
58.839897 -29.246653 5.581819 0.083255 1.000000
34.223145 -0.036389 -4.292205 -0.125448 1.000000
37.791645 -1.078911 -3.562334 -0.092623 1.000000
2.959286 -2.973524 -0.168445 -0.041234 1.000000
52.282375 -0.200477 -0.895121 -0.015989 1.000000
11.610770 3.255372 -2.463274 -0.205807 1.000000
60.972225 -24.406286 1.036631 0.015783 1.000000
56.254951 3.397554 0.116158 0.004260 1.000000
53.768116 -2.864941 -5.910188 -0.108339 1.000000
70.491295 3.680074 1.417699 0.022332 1.000000
50.111557 1.712997 0.327655 0.009816 1.000000
53.361721 5.796321 -0.882526 -0.015105 1.000000
28.067610 18.967051 4.140316 0.128413 1.000000
37.065025 1.811039 -0.237436 -0.003135 1.000000
13.687741 -6.062512 0.797174 0.056599 1.000000
54.464104 -2.692842 -2.520954 -0.043936 1.000000
51.941185 -4.857051 1.696895 0.035699 1.000000
35.290142 1.983969 -3.407840 -0.094641 1.000000
107.728622 -3.381563 -20.285828 -0.186988 1.000000
1.738518 -2.056280 -0.466055 -0.159171 1.000000
1.947599 -1.925900 -0.391018 -0.141800 1.000000
41.108955 2.706910 -0.428670 -0.011910 1.000000
84.564064 2.217131 1.099677 0.012999 1.000000
3.990124 -1.894333 -1.182759 -0.235901 1.000000
20.821049 -9.452567 0.321890 0.014076 1.000000
48.416565 10.168609 1.166726 0.027622 1.000000
49.377232 48.709106 0.246800 0.003558 1.000000
42.242500 -0.961258 -4.445924 -0.103544 1.000000
44.049400 23.019495 -3.294925 -0.065839 1.000000
78.341393 85.937325 -13.588568 -0.115159 1.000000
53.898460 -2.568821 4.408157 0.084215 1.000000
2.248921 -1.904951 -0.752581 -0.291459 1.000000
61.529453 -3.567986 3.578478 0.056454 1.000000
4.509501 -2.206719 -0.824747 -0.173935 1.000000
36.668407 0.102578 -3.346334 -0.091164 1.000000
12.815548 3.277144 -2.238296 -0.167622 1.000000
29.824615 22.179958 0.464898 0.011111 1.000000
54.983299 3.370551 1.015565 0.018434 1.000000
29.824615 22.179958 0.464898 0.011111 1.000000
56.246620 3.436704 0.686807 0.010796 1.000000
1.703262 -2.270579 -0.018068 -0.009150 1.000000
56.254951 3.397554 0.116158 0.004260 1.000000
2.290640 -1.907291 -0.117738 -0.039647 1.000000
53.997303 33.371769 -2.225453 -0.036062 1.000000
7.686543 5.180229 -0.342092 -0.037661 1.000000
34.198692 0.118740 -4.304677 -0.124802 1.000000
66.846802 3.451556 1.568247 0.024789 1.000000
8.008730 5.313268 -1.334069 -0.137926 1.000000
9.521372 5.467995 0.145675 0.017744 1.000000
56.246620 3.436704 0.686807 0.010796 1.000000
54.464104 -2.692842 -2.520954 -0.043936 1.000000
79.693314 -1.240877 -1.618060 -0.021690 1.000000
54.286098 -3.017493 -2.492813 -0.043572 1.000000
49.377232 48.709106 0.246800 0.003558 1.000000
61.533630 -3.966614 3.498209 0.056672 1.000000
68.056465 3.493182 1.691489 0.026182 1.000000
79.664757 -1.051082 -1.601980 -0.021375 1.000000
13.224564 -6.399126 0.907537 0.063328 1.000000
13.219631 -6.564631 0.817093 0.058648 1.000000
1.738518 -2.056280 -0.466055 -0.159171 1.000000
2.500570 -2.017304 -0.870179 -0.291270 1.000000
37.083481 1.863872 -0.326472 -0.006608 1.000000
70.439423 3.454024 2.173304 0.030807 1.000000
7.686543 5.180229 -0.342092 -0.037661 1.000000
53.239456 4.759467 3.297893 0.065778 1.000000
84.564064 2.217131 1.099677 0.012999 1.000000
68.053711 3.433566 1.482350 0.025104 1.000000
113.613327 0.577238 -8.678976 -0.074623 1.000000
3.576864 -1.846034 -0.107798 -0.026775 1.000000
54.893333 -1.960492 -2.384274 -0.044614 1.000000
15.592782 -2.149908 -2.264227 -0.144821 1.000000
51.969299 1.651395 0.333634 0.004793 1.000000
4.521780 -2.207714 -0.786088 -0.160176 1.000000
7.885590 5.326686 -0.382119 -0.039248 1.000000
42.990448 22.541780 -0.838750 -0.018397 1.000000
11.827534 3.318934 0.209594 0.014294 1.000000
13.224564 -6.399126 0.907537 0.063328 1.000000
50.127964 1.769425 0.722281 0.012975 1.000000
10.808820 -6.462940 0.733726 0.063353 1.000000
56.232063 3.441864 0.536636 0.009525 1.000000
70.448303 3.559206 2.030833 0.030153 1.000000
51.893776 1.970516 2.245273 0.043209 1.000000
31.193974 24.142752 -1.875072 -0.043524 1.000000
13.224564 -6.399126 0.907537 0.063328 1.000000
68.010735 3.609162 2.240205 0.031061 1.000000
42.620609 3.352166 1.337609 0.033931 1.000000
107.728622 -3.381563 -20.285828 -0.186988 1.000000
66.311615 -1.394651 -3.377208 -0.052042 1.000000
2.364000 -1.878733 -0.193580 -0.063826 1.000000
21.519918 -10.023351 -4.263712 -0.178852 1.000000
83.958824 76.604927 10.451925 0.090471 1.000000
11.116594 -4.126629 1.889504 0.166321 1.000000
60.094227 3.339661 1.010483 0.016787 1.000000
43.207840 -0.401133 -4.112145 -0.093352 1.000000
2.500570 -2.017304 -0.870179 -0.291270 1.000000
60.108124 3.328557 0.853186 0.015529 1.000000
86.049583 78.723099 10.981286 0.092854 1.000000
30.989071 21.967924 0.361872 0.009223 1.000000
10.344639 7.425935 0.172731 0.020044 1.000000
17.333502 -2.063609 -0.124280 -0.003933 1.000000
34.800339 -2.352016 3.378160 0.101573 1.000000
42.033810 -0.882530 -2.390318 -0.055908 1.000000
27.862684 19.060686 4.340985 0.125534 1.000000
29.051064 19.938997 4.266697 0.118376 1.000000
78.341393 85.937325 -13.588568 -0.115159 1.000000
36.713646 -0.298201 -4.601892 -0.124253 1.000000
56.268513 3.339612 0.120593 0.005386 1.000000
52.887096 5.699065 2.014590 0.041755 1.000000
30.948484 21.936472 0.439087 0.010397 1.000000
34.011612 -2.752181 3.707010 0.106136 1.000000
79.658203 77.651245 11.684443 0.104651 1.000000
48.416565 10.168609 1.166726 0.027622 1.000000
41.808590 -0.603804 -4.392076 -0.103349 1.000000
3.386931 -1.913027 -0.145218 -0.037467 1.000000
61.529453 -3.567986 3.578478 0.056454 1.000000
9.260564 5.392313 0.143184 0.016279 1.000000
38.654442 3.385239 0.617506 0.019693 1.000000
43.134964 21.669342 -0.803673 -0.016933 1.000000
30.948484 21.936472 0.439087 0.010397 1.000000
42.620609 3.352166 1.337609 0.033931 1.000000
70.463860 3.539637 1.374727 0.017853 1.000000
35.254017 2.123890 -4.328435 -0.121948 1.000000
38.654442 3.385239 0.617506 0.019693 1.000000
100.701241 1.923431 -3.162671 -0.032720 1.000000
11.610770 3.255372 -2.463274 -0.205807 1.000000
9.213425 5.399636 0.156003 0.011982 1.000000
108.479034 -1.461321 -3.498279 -0.030468 1.000000
52.905186 5.740666 2.223315 0.041755 1.000000
54.603493 -2.033620 -2.504494 -0.044868 1.000000
57.520348 3.522499 0.897293 0.017877 1.000000
55.413475 -35.013283 -1.699837 -0.028409 1.000000
51.890121 1.767552 1.887832 0.038836 1.000000
69.274269 3.590889 1.215132 0.019753 1.000000
38.640144 3.405200 0.760528 0.018107 1.000000
3.990124 -1.894333 -1.182759 -0.235901 1.000000
50.179039 36.540585 -5.800117 -0.089609 1.000000
9.289921 -2.003788 -2.556118 -0.272906 1.000000
52.887096 5.699065 2.014590 0.041755 1.000000
83.958824 76.604927 10.451925 0.090471 1.000000
38.681431 3.296769 0.608953 0.018228 1.000000
83.280022 72.376183 10.858430 0.098021 1.000000
60.108124 3.328557 0.853186 0.015529 1.000000
9.521372 5.467995 0.145675 0.017744 1.000000
83.280022 72.376183 10.858430 0.098021 1.000000
53.421146 -37.927162 4.384657 0.067974 1.000000
113.068436 -1.908600 -1.408112 -0.011377 1.000000
43.134964 21.669342 -0.803673 -0.016933 1.000000
2.382068 -1.937613 -0.243918 -0.084433 1.000000
4.869830 -2.687959 -0.704802 -0.129536 1.000000
70.448303 3.559206 2.030833 0.030153 1.000000
15.911668 -1.608860 -2.386856 -0.146264 1.000000
105.283691 1.031841 -3.180760 -0.027525 1.000000
11.610770 3.255372 -2.463274 -0.205807 1.000000
11.846233 3.330990 0.100057 0.010506 1.000000
55.413475 -35.013283 -1.699837 -0.028409 1.000000
42.033810 -0.882530 -2.390318 -0.055908 1.000000
36.745132 -8.660015 1.099305 0.030117 1.000000
68.056465 3.493182 1.691489 0.026182 1.000000
69.253807 3.421487 1.758911 0.023615 1.000000
68.028038 3.584742 2.173627 0.030177 1.000000
107.482849 -2.970429 2.835877 0.024789 1.000000
108.479034 -1.461321 -3.498279 -0.030468 1.000000
32.998764 17.894047 1.377120 0.040023 1.000000
60.094227 3.339661 1.010483 0.016787 1.000000
61.544174 -3.733766 3.550443 0.055557 1.000000
56.247162 3.396344 0.422453 0.008847 1.000000
83.812813 76.745659 10.522127 0.091298 1.000000
2.516285 -1.940853 -0.246026 -0.085296 1.000000
1.843429 -2.355211 0.122112 0.044844 1.000000
10.594544 5.352177 0.752493 0.066991 1.000000
79.666885 -1.265405 -1.599321 -0.021533 1.000000
30.100851 21.791391 0.379384 0.009041 1.000000
38.632408 3.404504 0.778381 0.020068 1.000000
35.829494 -6.895703 1.146514 0.031412 1.000000
3.990124 -1.894333 -1.182759 -0.235901 1.000000
43.207840 -0.401133 -4.112145 -0.093352 1.000000
15.592782 -2.149908 -2.264227 -0.144821 1.000000
27.779509 -5.718173 1.102013 0.038836 1.000000
99.953285 2.082444 -2.124528 -0.022610 1.000000
69.253807 3.421487 1.758911 0.023615 1.000000
32.898930 17.891556 1.689276 0.043209 1.000000
10.526730 5.296110 -1.614075 -0.130879 1.000000
41.108955 2.706910 -0.428670 -0.011910 1.000000
17.204695 -2.019790 -0.323313 -0.020056 1.000000
60.972225 -24.406286 1.036631 0.015783 1.000000
56.254951 3.397554 0.116158 0.004260 1.000000
11.827534 3.318934 0.209594 0.014294 1.000000
10.594533 3.489343 0.049134 0.010300 1.000000
68.029198 3.502824 1.992743 0.027828 1.000000
54.464104 -2.692842 -2.520954 -0.043936 1.000000
21.058697 9.440424 2.267991 0.095796 1.000000
30.100851 21.791391 0.379384 0.009041 1.000000
83.958824 76.604927 10.451925 0.090471 1.000000
2.737348 -2.074785 -0.387572 -0.126266 1.000000
52.922756 5.581603 2.434208 0.043790 1.000000
58.839897 -29.246653 5.581819 0.083255 1.000000
50.111557 1.712997 0.327655 0.009816 1.000000
36.713646 -0.298201 -4.601892 -0.124253 1.000000
20.987200 -11.370831 -4.213001 -0.176565 1.000000
60.094227 3.339661 1.010483 0.016787 1.000000
1.947599 -1.925900 -0.391018 -0.141800 1.000000
69.259712 3.556181 1.444572 0.022174 1.000000
11.827534 3.318934 0.209594 0.014294 1.000000
21.519918 -10.023351 -4.263712 -0.178852 1.000000
21.481581 14.632413 1.390716 0.059569 1.000000
79.693314 -1.240877 -1.618060 -0.021690 1.000000
66.861710 3.528198 1.347909 0.023482 1.000000
54.983299 3.370551 1.015565 0.018434 1.000000
36.006725 -1.795603 -0.258067 -0.008751 1.000000
4.524136 -2.209172 -0.803400 -0.175102 1.000000
49.377232 48.709106 0.246800 0.003558 1.000000
3.565804 -1.881490 -0.157114 -0.038993 1.000000
70.464622 3.683088 1.427620 0.018845 1.000000
113.613327 0.577238 -8.678976 -0.074623 1.000000
4.521780 -2.207714 -0.786088 -0.160176 1.000000
48.997723 27.827618 -1.128021 -0.017344 1.000000
85.044624 80.410980 11.379987 0.096926 1.000000
87.134270 80.248093 11.568626 0.097352 1.000000
36.745132 -8.660015 1.099305 0.030117 1.000000
54.476116 40.017174 -2.538776 -0.038485 1.000000
35.829494 -6.895703 1.146514 0.031412 1.000000
53.421146 -37.927162 4.384657 0.067974 1.000000
50.475185 5.050902 0.763836 0.015057 1.000000
78.341393 85.937325 -13.588568 -0.115159 1.000000
56.254951 3.397554 0.116158 0.004260 1.000000
37.083481 1.863872 -0.326472 -0.006608 1.000000
12.568498 -5.595979 0.508903 0.041404 1.000000
52.887096 5.699065 2.014590 0.041755 1.000000
56.534153 29.989388 -1.967286 -0.031824 1.000000
11.827534 3.318934 0.209594 0.014294 1.000000
42.033810 -0.882530 -2.390318 -0.055908 1.000000
1.667146 -2.092938 -0.052538 -0.019632 1.000000
30.948484 21.936472 0.439087 0.010397 1.000000
21.519918 -10.023351 -4.263712 -0.178852 1.000000
22.234709 -9.774993 0.477656 0.016328 1.000000
1.947599 -1.925900 -0.391018 -0.141800 1.000000
53.898460 -2.568821 4.408157 0.084215 1.000000
7.863850 5.360065 -1.335976 -0.138634 1.000000
37.083481 1.863872 -0.326472 -0.006608 1.000000
2.338398 -1.883779 -0.201410 -0.064517 1.000000
79.666885 -1.265405 -1.599321 -0.021533 1.000000
17.333502 -2.063609 -0.124280 -0.003933 1.000000
31.193974 24.142752 -1.875072 -0.043524 1.000000
27.779509 -5.718173 1.102013 0.038836 1.000000
70.406425 3.344797 1.519760 0.019850 1.000000
84.642639 2.553198 0.793742 0.011462 1.000000
50.179039 36.540585 -5.800117 -0.089609 1.000000
34.198692 0.118740 -4.304677 -0.124802 1.000000
4.499839 -2.199750 -0.762434 -0.151061 1.000000
15.901840 -1.505138 -1.823549 -0.113673 1.000000
60.094227 3.339661 1.010483 0.016787 1.000000
61.535412 -4.016244 3.441127 0.057036 1.000000
79.658203 77.651245 11.684443 0.104651 1.000000
57.520348 3.522499 0.897293 0.017877 1.000000
53.239456 4.759467 3.297893 0.065778 1.000000
11.872175 3.360470 0.145759 0.011813 1.000000
106.964958 -2.241334 4.164574 0.037528 1.000000
48.802448 28.044964 -1.118698 -0.017950 1.000000
56.534153 29.989388 -1.967286 -0.031824 1.000000
53.239456 4.759467 3.297893 0.065778 1.000000
52.887096 5.699065 2.014590 0.041755 1.000000
53.239250 4.641828 3.309148 0.063498 1.000000
4.524136 -2.209172 -0.803400 -0.175102 1.000000
56.232063 3.441864 0.536636 0.009525 1.000000
2.275715 -1.865669 -0.104098 -0.035360 1.000000
9.230242 5.371790 0.160397 0.013144 1.000000
34.800339 -2.352016 3.378160 0.101573 1.000000
54.983299 3.370551 1.015565 0.018434 1.000000
9.260564 5.392313 0.143184 0.016279 1.000000
7.686543 5.180229 -0.342092 -0.037661 1.000000
61.535343 -4.129602 3.230113 0.054635 1.000000
55.004395 -2.505987 -6.557776 -0.119169 1.000000
35.290142 1.983969 -3.407840 -0.094641 1.000000
84.093994 76.379440 10.864491 0.095346 1.000000
30.948484 21.936472 0.439087 0.010397 1.000000
54.603493 -2.033620 -2.504494 -0.044868 1.000000
54.603493 -2.033620 -2.504494 -0.044868 1.000000
50.127964 1.769425 0.722281 0.012975 1.000000
66.850296 3.467347 1.368988 0.022719 1.000000
10.808820 -6.462940 0.733726 0.063353 1.000000
84.431221 81.326584 10.622981 0.090520 1.000000
60.138203 -26.272982 0.289559 0.005507 1.000000
54.150124 -2.783869 4.797775 0.089767 1.000000
29.861958 21.934912 0.233489 0.008521 1.000000
53.898460 -2.568821 4.408157 0.084215 1.000000
46.037415 8.030640 -5.041999 -0.107475 1.000000
38.821472 11.558218 1.004308 0.024789 1.000000
108.479034 -1.461321 -3.498279 -0.030468 1.000000
7.885590 5.326686 -0.382119 -0.039248 1.000000
11.872175 3.360470 0.145759 0.011813 1.000000
9.289921 -2.003788 -2.556118 -0.272906 1.000000
38.821472 11.558218 1.004308 0.024789 1.000000
108.479034 -1.461321 -3.498279 -0.030468 1.000000
55.413475 -35.013283 -1.699837 -0.028409 1.000000
2.318161 -1.869348 -0.062334 -0.022961 1.000000
34.204723 -0.282274 -4.272195 -0.124253 1.000000
70.491295 3.680074 1.417699 0.022332 1.000000
9.230242 5.371790 0.160397 0.013144 1.000000
69.224129 3.466969 1.835005 0.024789 1.000000
38.654442 3.385239 0.617506 0.019693 1.000000
15.841639 -1.602865 -2.388960 -0.145493 1.000000
10.579990 3.474895 -0.025679 -0.000000 1.000000
52.905186 5.740666 2.223315 0.041755 1.000000
19.782917 16.380053 -2.846677 -0.108303 1.000000
20.821049 -9.452567 0.321890 0.014076 1.000000
41.108955 2.706910 -0.428670 -0.011910 1.000000
56.247162 3.396344 0.422453 0.008847 1.000000
39.981880 -7.119875 -4.172500 -0.102911 1.000000
1.703262 -2.270579 -0.018068 -0.009150 1.000000
100.701241 1.923431 -3.162671 -0.032720 1.000000
51.883221 1.831531 2.036481 0.040677 1.000000
41.108955 2.706910 -0.428670 -0.011910 1.000000
53.292099 4.762186 3.206066 0.062637 1.000000
10.730353 -7.622167 1.108569 0.089633 1.000000
9.213425 5.399636 0.156003 0.011982 1.000000
70.448303 3.559206 2.030833 0.030153 1.000000
55.018265 32.182037 0.093015 0.005761 1.000000
10.808820 -6.462940 0.733726 0.063353 1.000000
48.802448 28.044964 -1.118698 -0.017950 1.000000
46.918892 23.098116 -0.813624 -0.015868 1.000000
12.835297 3.283522 -2.276695 -0.166959 1.000000
15.592782 -2.149908 -2.264227 -0.144821 1.000000
85.346016 77.276009 10.865497 0.093060 1.000000
107.024292 -2.273740 3.949645 0.038061 1.000000
9.521372 5.467995 0.145675 0.017744 1.000000
50.127964 1.769425 0.722281 0.012975 1.000000
68.010735 3.609162 2.240205 0.031061 1.000000
52.922756 5.581603 2.434208 0.043790 1.000000
84.564064 2.217131 1.099677 0.012999 1.000000
70.439423 3.454024 2.173304 0.030807 1.000000
11.201803 -3.619465 2.356011 0.188581 1.000000
84.674973 77.815262 10.764054 0.092100 1.000000
84.093994 76.379440 10.864491 0.095346 1.000000
20.987200 -11.370831 -4.213001 -0.176565 1.000000
9.289921 -2.003788 -2.556118 -0.272906 1.000000
43.607113 5.264772 -5.979379 -0.135299 1.000000
54.464104 -2.692842 -2.520954 -0.043936 1.000000
52.905186 5.740666 2.223315 0.041755 1.000000
70.448303 3.559206 2.030833 0.030153 1.000000
38.632408 3.404504 0.778381 0.020068 1.000000
2.318161 -1.869348 -0.062334 -0.022961 1.000000
35.290142 1.983969 -3.407840 -0.094641 1.000000
66.311615 -1.394651 -3.377208 -0.052042 1.000000
57.520348 3.522499 0.897293 0.017877 1.000000
35.829494 -6.895703 1.146514 0.031412 1.000000
47.123768 1.667568 0.335261 0.009368 1.000000
66.850296 3.467347 1.368988 0.022719 1.000000
49.491928 35.913311 -5.767282 -0.090496 1.000000
11.116594 -4.126629 1.889504 0.166321 1.000000
27.779509 -5.718173 1.102013 0.038836 1.000000
51.883221 1.831531 2.036481 0.040677 1.000000
10.526730 5.296110 -1.614075 -0.130879 1.000000
11.201803 -3.619465 2.356011 0.188581 1.000000
29.364834 -19.107792 2.280057 0.067100 1.000000
30.100851 21.791391 0.379384 0.009041 1.000000
60.138203 -26.272982 0.289559 0.005507 1.000000
13.217323 -6.434600 0.956545 0.064978 1.000000
37.490692 5.995886 4.063596 0.103385 1.000000
85.200058 2.660912 -11.632355 -0.134798 1.000000
83.812813 76.745659 10.522127 0.091298 1.000000
30.948484 21.936472 0.439087 0.010397 1.000000
60.089897 3.450507 1.056596 0.015843 1.000000
84.564064 2.217131 1.099677 0.012999 1.000000
7.678448 2.928127 1.217158 0.166125 1.000000
34.204723 -0.282274 -4.272195 -0.124253 1.000000
107.728622 -3.381563 -20.285828 -0.186988 1.000000
3.450391 -1.848787 -1.008425 -0.276292 1.000000
70.491295 3.680074 1.417699 0.022332 1.000000
7.703228 2.711063 -1.675568 -0.199617 1.000000
87.134270 80.248093 11.568626 0.097352 1.000000
10.555081 5.345436 0.142632 0.012055 1.000000
10.344639 7.425935 0.172731 0.020044 1.000000
9.260564 5.392313 0.143184 0.016279 1.000000
53.997303 33.371769 -2.225453 -0.036062 1.000000
32.898930 17.891556 1.689276 0.043209 1.000000
46.458733 4.853065 -5.865890 -0.125326 1.000000
107.728622 -3.381563 -20.285828 -0.186988 1.000000
53.361721 5.796321 -0.882526 -0.015105 1.000000
106.964958 -2.241334 4.164574 0.037528 1.000000
10.308828 -4.306288 2.080969 0.179394 1.000000
18.987158 14.970849 -3.432855 -0.139967 1.000000
30.948484 21.936472 0.439087 0.010397 1.000000
10.526730 5.296110 -1.614075 -0.130879 1.000000
38.821472 11.558218 1.004308 0.024789 1.000000
30.413237 22.110428 0.518598 0.012612 1.000000
69.224129 3.466969 1.835005 0.024789 1.000000
10.308828 -4.306288 2.080969 0.179394 1.000000
69.253807 3.421487 1.758911 0.023615 1.000000
105.283691 1.031841 -3.180760 -0.027525 1.000000
79.693314 -1.240877 -1.618060 -0.021690 1.000000
60.101398 3.348882 0.705355 0.013967 1.000000
21.519918 -10.023351 -4.263712 -0.178852 1.000000
30.107552 21.780804 0.174016 0.004466 1.000000
79.693314 -1.240877 -1.618060 -0.021690 1.000000
53.239456 4.759467 3.297893 0.065778 1.000000
2.275715 -1.865669 -0.104098 -0.035360 1.000000
2.959286 -2.973524 -0.168445 -0.041234 1.000000
2.364000 -1.878733 -0.193580 -0.063826 1.000000
79.163605 78.812149 10.697099 0.100283 1.000000
66.850296 3.467347 1.368988 0.022719 1.000000
1.738518 -2.056280 -0.466055 -0.159171 1.000000
38.821472 11.558218 1.004308 0.024789 1.000000
53.239250 4.641828 3.309148 0.063498 1.000000
61.529453 -3.567986 3.578478 0.056454 1.000000
69.224129 3.466969 1.835005 0.024789 1.000000
46.037415 8.030640 -5.041999 -0.107475 1.000000
10.579990 3.474895 -0.025679 -0.000000 1.000000
7.572173 -2.198706 -2.338064 -0.288264 1.000000
10.562599 5.370665 0.163804 0.012006 1.000000
43.207268 22.344065 -0.862716 -0.017974 1.000000
53.768116 -2.864941 -5.910188 -0.108339 1.000000
4.524136 -2.209172 -0.803400 -0.175102 1.000000
42.990448 22.541780 -0.838750 -0.018397 1.000000
46.037415 8.030640 -5.041999 -0.107475 1.000000
9.230242 5.371790 0.160397 0.013144 1.000000
47.355419 28.949995 -0.894619 -0.014149 1.000000
35.829494 -6.895703 1.146514 0.031412 1.000000
9.230242 5.371790 0.160397 0.013144 1.000000
12.835297 3.283522 -2.276695 -0.166959 1.000000
2.468845 -2.195948 0.140612 0.056599 1.000000
56.254951 3.397554 0.116158 0.004260 1.000000
30.413237 22.110428 0.518598 0.012612 1.000000
