56.095619 0.117943 1.084401 0.018180 1.000000
65.218033 -5.083655 0.203507 0.007516 1.000000
116.812790 -5.268744 -3.708271 -0.027719 1.000000
81.932487 0.435719 -0.912802 -0.009937 1.000000
107.752136 -0.048328 -1.504768 -0.011220 1.000000
65.218033 -5.083655 0.203507 0.007516 1.000000
116.812790 -5.268744 -3.708271 -0.027719 1.000000
20.039684 1.009394 0.185619 0.011014 1.000000
13.238604 -11.849627 -0.343474 -0.019329 1.000000
12.032817 1.215260 0.286625 0.020673 1.000000
6.790432 -5.410196 0.575622 0.061412 1.000000
12.023384 1.263067 0.171030 0.016485 1.000000
50.175671 -4.237679 2.102240 0.040871 1.000000
45.621208 -13.078364 -2.054039 -0.040120 1.000000
17.987707 1.090933 0.365277 0.024789 1.000000
8.000690 1.358766 0.405367 0.046637 1.000000
6.010913 3.167658 -1.165694 -0.159355 1.000000
25.415112 -5.507117 -0.168337 -0.006996 1.000000
2.634465 3.328836 -1.030191 -0.246648 1.000000
22.096825 0.877489 0.926538 0.039369 1.000000
34.028938 -6.769660 -3.252643 -0.091687 1.000000
20.054911 1.041057 0.040400 0.005713 1.000000
67.665405 5.906153 -4.687569 -0.069248 1.000000
8.950320 3.048522 1.689333 0.194100 1.000000
17.113832 -12.101030 1.026511 0.052114 1.000000
47.797428 -5.432526 0.593691 0.011764 1.000000
46.154465 20.658449 1.716253 0.035723 1.000000
75.169395 -11.493767 -4.171046 -0.051363 1.000000
9.798989 -5.297280 -0.071071 -0.006862 1.000000
36.148975 -6.010947 -2.927128 -0.078337 1.000000
19.322029 -12.296517 1.251110 0.052878 1.000000
107.315605 -7.639514 2.002868 0.019826 1.000000
17.865925 2.763615 -0.170260 -0.004139 1.000000
34.166996 0.567458 0.367691 0.010760 1.000000
29.208361 0.114824 3.892954 0.135470 1.000000
48.316959 -4.724454 -0.762509 -0.014597 1.000000
106.161072 -1.225874 5.663619 0.056442 1.000000
32.767326 -12.538623 -3.122670 -0.088600 1.000000
22.172575 1.022575 0.116322 0.005241 1.000000
12.035764 1.232085 0.322127 0.024789 1.000000
17.372982 3.261925 -2.048938 -0.112966 1.000000
48.316959 -4.724454 -0.762509 -0.014597 1.000000
50.154804 -4.165276 2.113027 0.041961 1.000000
14.038867 1.170311 0.274881 0.018010 1.000000
38.032211 -12.681808 -5.390539 -0.130928 1.000000
14.027692 1.139779 0.270207 0.016691 1.000000
6.807961 -5.788209 0.049912 0.008617 1.000000
50.138763 0.059655 0.900065 0.017950 1.000000
30.621040 -12.447794 -5.938780 -0.178742 1.000000
81.439850 -13.503016 -10.219421 -0.123168 1.000000
49.603336 -5.059817 0.178023 0.003570 1.000000
50.856590 -5.871870 0.395447 0.012261 1.000000
118.066307 -19.385883 2.444863 0.020431 1.000000
24.303205 0.879304 0.296290 0.010965 1.000000
17.001270 -5.517220 -1.020582 -0.056090 1.000000
55.675827 -0.943128 -3.080907 -0.052987 1.000000
43.043308 -6.556804 0.656137 0.015069 1.000000
117.339203 -18.025629 4.733167 0.039417 1.000000
3.040539 3.325598 -0.543267 -0.112455 1.000000
3.431541 3.364230 -0.783604 -0.177352 1.000000
1.290657 3.393229 0.383345 0.088418 1.000000
20.080965 0.999964 0.201820 0.008351 1.000000
26.228201 -12.358765 -2.646495 -0.089742 1.000000
12.035764 1.232085 0.322127 0.024789 1.000000
29.208984 0.789540 3.994559 0.142277 1.000000
40.304596 19.225622 0.557130 0.017768 1.000000
90.704643 -16.240562 -11.165505 -0.120583 1.000000
20.881081 -12.309153 1.112136 0.044372 1.000000
10.910353 2.968397 -0.180094 -0.016860 1.000000
3.736283 -4.728020 -1.321455 -0.203882 1.000000
24.698322 -12.447022 1.712095 0.061825 1.000000
110.893196 -7.462043 -1.185157 -0.011183 1.000000
44.726742 -6.693871 0.735091 0.015250 1.000000
54.017193 -0.034129 1.026408 0.017841 1.000000
118.120667 -19.193598 2.253786 0.019935 1.000000
4.237828 2.983861 -0.322412 -0.062479 1.000000
48.814945 -6.427740 0.670902 0.012672 1.000000
12.000370 1.262567 0.136859 0.016328 1.000000
34.180302 0.605877 0.267963 0.009319 1.000000
29.208361 0.114824 3.892954 0.135470 1.000000
34.145573 -5.893052 -1.744812 -0.049594 1.000000
40.113338 0.406755 0.344727 0.008593 1.000000
4.237828 2.983861 -0.322412 -0.062479 1.000000
82.389412 0.586398 -0.667048 -0.008896 1.000000
34.210300 0.553207 0.286553 0.007589 1.000000
16.141256 -5.514341 -0.732029 -0.041561 1.000000
20.022923 0.984859 0.172274 0.007310 1.000000
22.123341 -5.872967 -1.882576 -0.081531 1.000000
8.102318 -5.145748 0.091434 0.007516 1.000000
44.709339 -6.669452 0.632557 0.015274 1.000000
81.932487 0.435719 -0.912802 -0.009937 1.000000
7.344116 -4.766494 -2.500640 -0.292369 1.000000
36.396549 -12.817477 -4.844306 -0.122265 1.000000
25.422953 -12.401325 -2.662509 -0.093850 1.000000
107.752136 -0.048328 -1.504768 -0.011220 1.000000
20.054911 1.041057 0.040400 0.005713 1.000000
48.301807 -4.704912 -0.903703 -0.016037 1.000000
9.451754 -5.241352 1.943685 0.190500 1.000000
45.621208 -13.078364 -2.054039 -0.040120 1.000000
69.989143 -0.518808 0.922009 0.017828 1.000000
26.965240 19.916552 1.391199 0.043536 1.000000
19.412600 -12.164057 1.195598 0.057666 1.000000
29.208984 0.789540 3.994559 0.142277 1.000000
46.154465 20.658449 1.716253 0.035723 1.000000
87.970772 -0.887498 1.574714 0.017441 1.000000
118.032410 -19.470758 3.058757 0.028191 1.000000
4.047836 3.223160 -0.003786 -0.003764 1.000000
8.015589 1.338518 0.368124 0.038472 1.000000
16.023382 -6.185042 -2.706718 -0.149274 1.000000
40.076454 0.418839 0.177308 0.003328 1.000000
16.024893 1.124414 0.422177 0.031291 1.000000
15.988346 1.143605 0.150775 0.015928 1.000000
6.961658 -4.915122 -2.367031 -0.284693 1.000000
4.026124 1.488837 -0.058904 -0.014597 1.000000
6.721282 -5.439411 0.577477 0.066688 1.000000
35.563061 -5.686899 -3.270802 -0.089402 1.000000
25.675655 -5.481830 -0.817041 -0.027647 1.000000
7.705060 -5.077682 -0.240460 -0.025237 1.000000
85.665131 -7.726254 3.768736 0.048527 1.000000
38.070084 -12.791361 -5.333171 -0.130610 1.000000
35.030113 -5.033216 4.799448 0.143072 1.000000
24.303205 0.879304 0.296290 0.010965 1.000000
36.148975 -6.010947 -2.927128 -0.078337 1.000000
40.079903 0.472533 0.255060 0.011304 1.000000
44.726742 -6.693871 0.735091 0.015250 1.000000
28.001196 0.787587 1.243970 0.043088 1.000000
111.995941 -5.624103 -2.085829 -0.015976 1.000000
57.091457 -0.043423 -10.625225 -0.183799 1.000000
21.955849 0.993770 0.227101 0.014197 1.000000
20.725361 -12.360863 1.203302 0.049024 1.000000
107.336952 -6.694928 1.338914 0.016800 1.000000
12.035764 1.232085 0.322127 0.024789 1.000000
55.338299 -2.361424 -4.514408 -0.081251 1.000000
17.372982 3.261925 -2.048938 -0.112966 1.000000
50.831230 -5.771441 0.616642 0.014996 1.000000
35.563061 -5.686899 -3.270802 -0.089402 1.000000
65.218033 -5.083655 0.203507 0.007516 1.000000
40.651501 19.628651 0.587264 0.018301 1.000000
1.558887 3.452088 0.309716 0.067331 1.000000
35.030113 -5.033216 4.799448 0.143072 1.000000
43.069271 -6.620780 0.558469 0.012200 1.000000
57.091457 -0.043423 -10.625225 -0.183799 1.000000
40.079903 0.472533 0.255060 0.011304 1.000000
43.043308 -6.556804 0.656137 0.015069 1.000000
27.984287 0.755794 1.174527 0.039853 1.000000
1.920785 1.659403 -0.046576 -0.011329 1.000000
34.165974 -6.248517 -2.878474 -0.081458 1.000000
12.000519 1.280779 0.140292 0.019208 1.000000
16.771320 3.222056 1.860103 0.112431 1.000000
50.831230 -5.771441 0.616642 0.014996 1.000000
108.859291 -0.771107 -18.864134 -0.170299 1.000000
48.814945 -6.427740 0.670902 0.012672 1.000000
27.809528 -5.826396 0.972585 0.039974 1.000000
25.415112 -5.507117 -0.168337 -0.006996 1.000000
43.063141 -6.593634 0.624705 0.013350 1.000000
56.055847 -0.019185 0.702715 0.017332 1.000000
7.705060 -5.077682 -0.240460 -0.025237 1.000000
16.027554 1.101463 0.501676 0.033616 1.000000
35.950321 -6.032507 -3.320208 -0.088819 1.000000
26.057768 -12.397238 2.126985 0.079673 1.000000
56.100571 -0.157267 0.972974 0.016679 1.000000
12.000370 1.262567 0.136859 0.016328 1.000000
42.712582 -12.625196 -8.597949 -0.190944 1.000000
2.634465 3.328836 -1.030191 -0.246648 1.000000
6.245924 3.169180 -1.154395 -0.163352 1.000000
40.304596 19.225622 0.557130 0.017768 1.000000
10.910353 2.968397 -0.180094 -0.016860 1.000000
50.856590 -5.871870 0.395447 0.012261 1.000000
41.426861 -6.495252 0.649827 0.014476 1.000000
15.461125 2.938617 -2.214533 -0.139795 1.000000
8.483052 -5.054064 0.730290 0.066833 1.000000
6.961658 -4.915122 -2.367031 -0.284693 1.000000
117.339203 -18.025629 4.733167 0.039417 1.000000
10.883533 2.976440 -0.164298 -0.014560 1.000000
16.771320 3.222056 1.860103 0.112431 1.000000
43.074722 -6.553400 0.598902 0.015032 1.000000
1.926428 -5.034235 -1.521887 -0.259299 1.000000
42.616028 -12.306169 -8.809755 -0.196444 1.000000
19.320911 -12.204904 1.139292 0.049812 1.000000
107.776993 -0.115668 -0.690050 -0.006402 1.000000
69.989143 -0.518808 0.922009 0.017828 1.000000
17.987707 1.090933 0.365277 0.024789 1.000000
20.881081 -12.309153 1.112136 0.044372 1.000000
41.458221 -6.362362 0.859139 0.023579 1.000000
110.909042 -7.520494 -1.081756 -0.009731 1.000000
3.711801 3.449001 -0.543124 -0.113843 1.000000
116.812790 -5.268744 -3.708271 -0.027719 1.000000
40.408546 -12.692014 -8.682350 -0.202745 1.000000
42.712582 -12.625196 -8.597949 -0.190944 1.000000
18.016220 1.023367 0.310211 0.015335 1.000000
2.004540 -4.732286 1.701189 0.294531 1.000000
1.981360 1.581252 0.041094 0.007976 1.000000
40.079903 0.472533 0.255060 0.011304 1.000000
106.411331 -1.064904 -1.213030 -0.011522 1.000000
33.144527 -5.924420 -3.018611 -0.089414 1.000000
117.362885 -1.413485 2.704075 0.022114 1.000000
43.043308 -6.556804 0.656137 0.015069 1.000000
48.301807 -4.704912 -0.903703 -0.016037 1.000000
14.027692 1.139779 0.270207 0.016691 1.000000
50.151371 -4.193489 1.559306 0.036050 1.000000
54.005638 0.123426 0.563681 0.015226 1.000000
6.245924 3.169180 -1.154395 -0.163352 1.000000
58.754627 0.004356 -1.539587 -0.026121 1.000000
34.624256 -7.180196 -1.723818 -0.045668 1.000000
35.563061 -5.686899 -3.270802 -0.089402 1.000000
17.865925 2.763615 -0.170260 -0.004139 1.000000
20.881081 -12.309153 1.112136 0.044372 1.000000
90.801964 -7.454494 -8.231120 -0.090350 1.000000
22.172575 1.022575 0.116322 0.005241 1.000000
28.595871 3.093307 3.046193 0.111420 1.000000
110.909042 -7.520494 -1.081756 -0.009731 1.000000
18.834499 3.178823 2.616507 0.144747 1.000000
6.917376 -5.825294 0.934043 0.093814 1.000000
48.243549 -4.647869 -1.068334 -0.018034 1.000000
106.447906 -1.273242 -0.695546 -0.007298 1.000000
3.944640 1.491139 -0.964898 -0.213107 1.000000
22.908890 -6.461004 -2.261826 -0.093170 1.000000
21.981646 0.966450 0.266333 0.018058 1.000000
6.010913 3.167658 -1.165694 -0.159355 1.000000
20.022923 0.984859 0.172274 0.007310 1.000000
42.616028 -12.306169 -8.809755 -0.196444 1.000000
32.213398 -6.356342 0.412263 0.011776 1.000000
14.004221 1.194769 0.264563 0.018821 1.000000
1.422467 3.451649 0.297494 0.065718 1.000000
19.366205 -12.201589 1.220946 0.056611 1.000000
24.698322 -12.447022 1.712095 0.061825 1.000000
117.595444 -19.562798 4.029382 0.038049 1.000000
4.026124 1.488837 -0.058904 -0.014597 1.000000
22.096825 0.877489 0.926538 0.039369 1.000000
74.064880 -11.373359 -9.802154 -0.128609 1.000000
17.991888 1.063601 0.320708 0.017792 1.000000
3.266788 3.177929 -1.076746 -0.241394 1.000000
17.173519 -12.135771 1.129704 0.059218 1.000000
6.679460 -6.488145 0.519618 0.052175 1.000000
27.998419 0.801660 1.179163 0.039938 1.000000
7.945210 -5.160815 -0.283101 -0.027429 1.000000
16.001701 -6.113583 -3.075379 -0.182654 1.000000
48.834900 -4.476827 0.992781 0.021605 1.000000
118.066307 -19.385883 2.444863 0.020431 1.000000
107.336952 -6.694928 1.338914 0.016800 1.000000
34.240543 0.554269 0.478757 0.013096 1.000000
66.344597 7.077475 -14.068486 -0.207489 1.000000
72.249725 -10.530733 -3.015984 -0.040943 1.000000
107.724426 -4.484295 -5.254017 -0.046237 1.000000
3.266788 3.177929 -1.076746 -0.241394 1.000000
50.246811 -4.246985 2.039040 0.039066 1.000000
74.064880 -11.373359 -9.802154 -0.128609 1.000000
50.151371 -4.193489 1.559306 0.036050 1.000000
117.362885 -1.413485 2.704075 0.022114 1.000000
45.285656 3.178431 -3.815614 -0.081919 1.000000
68.020515 -0.115650 -0.952570 -0.011220 1.000000
18.833229 2.848625 0.635923 0.033374 1.000000
17.987707 1.090933 0.365277 0.024789 1.000000
50.135330 -4.116579 1.756914 0.038230 1.000000
65.218033 -5.083655 0.203507 0.007516 1.000000
111.995941 -5.624103 -2.085829 -0.015976 1.000000
33.134571 -6.281805 -3.125107 -0.091504 1.000000
48.243549 -4.647869 -1.068334 -0.018034 1.000000
19.366205 -12.201589 1.220946 0.056611 1.000000
54.005638 0.123426 0.563681 0.015226 1.000000
40.571907 -12.575167 -8.582579 -0.199876 1.000000
7.089034 -6.300019 0.568319 0.057981 1.000000
29.619387 -12.283791 -5.319892 -0.160299 1.000000
2.458763 3.397124 -0.056831 -0.010796 1.000000
3.902204 3.385976 -0.646644 -0.134713 1.000000
81.932487 0.435719 -0.912802 -0.009937 1.000000
33.557228 -6.372666 -2.925458 -0.083522 1.000000
6.010913 3.167658 -1.165694 -0.159355 1.000000
35.852512 -5.960921 -3.295907 -0.089694 1.000000
20.881081 -12.309153 1.112136 0.044372 1.000000
14.033264 1.207662 0.229464 0.018506 1.000000
6.807961 -5.788209 0.049912 0.008617 1.000000
34.078594 -6.786291 -3.206363 -0.092015 1.000000
18.519751 3.007277 0.713685 0.043257 1.000000
1.998172 3.255399 0.573190 0.124253 1.000000
72.171829 -10.428958 -2.989652 -0.041295 1.000000
7.275120 -4.857243 0.374425 0.040895 1.000000
2.515405 3.383276 -0.067145 -0.013301 1.000000
107.801941 -0.138613 -0.790864 -0.008109 1.000000
107.336952 -6.694928 1.338914 0.016800 1.000000
50.175671 -4.237679 2.102240 0.040871 1.000000
29.208361 0.114824 3.892954 0.135470 1.000000
107.061966 -7.335016 2.036301 0.020189 1.000000
16.083710 -6.177647 -2.607181 -0.146056 1.000000
82.337898 0.646941 -0.703466 -0.008726 1.000000
10.910353 2.968397 -0.180094 -0.016860 1.000000
22.130045 2.736519 0.117741 0.006983 1.000000
52.324440 0.084958 -4.254877 -0.080365 1.000000
110.118919 -7.728930 -8.669517 -0.077463 1.000000
6.786989 -5.421339 0.591839 0.063146 1.000000
35.008450 -4.885834 4.993294 0.145811 1.000000
50.138763 0.059655 0.900065 0.017950 1.000000
20.022923 0.984859 0.172274 0.007310 1.000000
8.023256 1.345760 0.386459 0.041646 1.000000
41.434120 -6.540682 0.738534 0.016860 1.000000
107.724426 -4.484295 -5.254017 -0.046237 1.000000
48.243549 -4.647869 -1.068334 -0.018034 1.000000
12.023384 1.263067 0.171030 0.016485 1.000000
72.171829 -10.428958 -2.989652 -0.041295 1.000000
16.034149 1.074478 0.519174 0.029366 1.000000
33.144527 -5.924420 -3.018611 -0.089414 1.000000
2.748197 3.297595 -0.154411 -0.036813 1.000000
6.538633 -4.778732 -1.273698 -0.159857 1.000000
34.165974 -6.248517 -2.878474 -0.081458 1.000000
15.654867 -5.382120 0.696611 0.040725 1.000000
12.288465 -5.260736 -0.714770 -0.052963 1.000000
52.324440 0.084958 -4.254877 -0.080365 1.000000
90.752342 -7.748112 -9.404335 -0.102887 1.000000
48.814945 -6.427740 0.670902 0.012672 1.000000
78.112633 -9.504257 2.462220 0.035869 1.000000
88.696037 -6.860331 -17.762833 -0.196975 1.000000
44.708519 -6.651163 0.517796 0.014379 1.000000
57.091457 -0.043423 -10.625225 -0.183799 1.000000
3.385659 3.232265 -0.841098 -0.164505 1.000000
29.208984 0.789540 3.994559 0.142277 1.000000
52.211830 -0.495648 -3.634223 -0.069490 1.000000
41.426861 -6.495252 0.649827 0.014476 1.000000
2.849095 -5.054395 -0.055132 -0.009864 1.000000
15.183578 3.139289 -1.656965 -0.106464 1.000000
3.431541 3.364230 -0.783604 -0.177352 1.000000
44.726742 -6.693871 0.735091 0.015250 1.000000
40.571907 -12.575167 -8.582579 -0.199876 1.000000
68.020515 -0.115650 -0.952570 -0.011220 1.000000
6.712976 -4.951854 0.275086 0.035396 1.000000
117.339203 -18.025629 4.733167 0.039417 1.000000
13.238604 -11.849627 -0.343474 -0.019329 1.000000
7.966872 -5.468551 1.153917 0.118852 1.000000
52.324440 0.084958 -4.254877 -0.080365 1.000000
117.595444 -19.562798 4.029382 0.038049 1.000000
43.081242 -6.579279 0.683099 0.015008 1.000000
58.098850 0.026833 -5.095847 -0.087434 1.000000
1.926428 -5.034235 -1.521887 -0.259299 1.000000
9.962786 -11.699312 0.200966 0.016436 1.000000
43.063141 -6.593634 0.624705 0.013350 1.000000
50.154804 -4.165276 2.113027 0.041961 1.000000
108.805138 0.041198 -1.467487 -0.014064 1.000000
47.810150 -5.712629 0.675712 0.013047 1.000000
43.069271 -6.620780 0.558469 0.012200 1.000000
6.853229 -6.383155 0.428059 0.044154 1.000000
44.685783 -6.663358 0.399928 0.013423 1.000000
2.515405 3.383276 -0.067145 -0.013301 1.000000
21.878906 -5.577041 -0.854358 -0.034779 1.000000
1.953414 1.643849 -0.031068 -0.008521 1.000000
116.882179 -4.610497 -3.943583 -0.033701 1.000000
88.021011 -0.888335 1.639358 0.019923 1.000000
50.151371 -4.193489 1.559306 0.036050 1.000000
41.434120 -6.540682 0.738534 0.016860 1.000000
52.542366 0.779550 -4.232255 -0.080596 1.000000
2.515405 3.383276 -0.067145 -0.013301 1.000000
8.015589 1.338518 0.368124 0.038472 1.000000
48.324902 -4.744024 -0.734439 -0.015625 1.000000
104.659119 -2.962086 1.136163 0.015262 1.000000
45.299477 2.750151 -3.746718 -0.082259 1.000000
111.995941 -5.624103 -2.085829 -0.015976 1.000000
115.105728 -4.007955 -14.385014 -0.124253 1.000000
1.920785 1.659403 -0.046576 -0.011329 1.000000
50.486149 1.714645 -2.895779 -0.054951 1.000000
18.040792 1.025696 0.296517 0.014391 1.000000
38.005219 -12.522677 -6.218085 -0.154172 1.000000
1.926428 -5.034235 -1.521887 -0.259299 1.000000
8.022618 1.390326 0.330699 0.044675 1.000000
25.415112 -5.507117 -0.168337 -0.006996 1.000000
39.041992 -6.561635 0.666323 0.018155 1.000000
54.558319 -0.248386 0.639876 0.016521 1.000000
54.044403 0.063663 0.902787 0.018107 1.000000
81.384323 -13.009297 -4.079437 -0.045947 1.000000
36.396549 -12.817477 -4.844306 -0.122265 1.000000
107.061966 -7.335016 2.036301 0.020189 1.000000
58.938099 0.085785 -1.708142 -0.029572 1.000000
48.324902 -4.744024 -0.734439 -0.015625 1.000000
110.909042 -7.520494 -1.081756 -0.009731 1.000000
14.038867 1.170311 0.274881 0.018010 1.000000
14.864737 2.843063 -0.042973 -0.001053 1.000000
2.999275 3.249482 -1.199775 -0.275538 1.000000
7.566375 -5.401588 0.524257 0.062576 1.000000
34.145573 -5.893052 -1.744812 -0.049594 1.000000
50.856590 -5.871870 0.395447 0.012261 1.000000
81.605331 0.182197 -17.293373 -0.208825 1.000000
107.801941 -0.138613 -0.790864 -0.008109 1.000000
36.981449 2.658180 -4.884925 -0.130769 1.000000
72.182922 -8.391807 -9.271725 -0.126510 1.000000
35.008450 -4.885834 4.993294 0.145811 1.000000
33.557228 -6.372666 -2.925458 -0.083522 1.000000
34.166996 0.567458 0.367691 0.010760 1.000000
8.950320 3.048522 1.689333 0.194100 1.000000
48.324902 -4.744024 -0.734439 -0.015625 1.000000
16.034149 1.074478 0.519174 0.029366 1.000000
7.892194 -5.380744 0.861132 0.084045 1.000000
27.984287 0.755794 1.174527 0.039853 1.000000
50.856590 -5.871870 0.395447 0.012261 1.000000
42.772675 -12.391601 -8.711576 -0.193188 1.000000
3.385659 3.232265 -0.841098 -0.164505 1.000000
55.361416 -1.690629 -4.454999 -0.079491 1.000000
1.926428 -5.034235 -1.521887 -0.259299 1.000000
3.266788 3.177929 -1.076746 -0.241394 1.000000
35.049026 -12.521921 -5.469420 -0.145909 1.000000
8.417097 -5.039608 -0.070744 -0.006088 1.000000
54.017193 -0.034129 1.026408 0.017841 1.000000
107.769836 -0.076920 -1.111537 -0.009126 1.000000
32.767326 -12.538623 -3.122670 -0.088600 1.000000
38.005219 -12.522677 -6.218085 -0.154172 1.000000
5.762400 -5.521888 -0.715011 -0.091954 1.000000
107.315605 -7.639514 2.002868 0.019826 1.000000
50.151371 -4.193489 1.559306 0.036050 1.000000
110.118919 -7.728930 -8.669517 -0.077463 1.000000
81.054482 -7.088529 -10.158873 -0.122972 1.000000
24.686415 -12.534926 1.629366 0.057108 1.000000
44.685783 -6.663358 0.399928 0.013423 1.000000
110.893196 -7.462043 -1.185157 -0.011183 1.000000
81.054482 -7.088529 -10.158873 -0.122972 1.000000
33.557228 -6.372666 -2.925458 -0.083522 1.000000
54.005638 0.123426 0.563681 0.015226 1.000000
35.852512 -5.960921 -3.295907 -0.089694 1.000000
23.918880 -5.412292 -2.930443 -0.118120 1.000000
6.245924 3.169180 -1.154395 -0.163352 1.000000
20.039684 1.009394 0.185619 0.011014 1.000000
72.171829 -10.428958 -2.989652 -0.041295 1.000000
25.422953 -12.401325 -2.662509 -0.093850 1.000000
87.981010 -0.863712 1.534392 0.020419 1.000000
13.238604 -11.849627 -0.343474 -0.019329 1.000000
6.679460 -6.488145 0.519618 0.052175 1.000000
116.812790 -5.268744 -3.708271 -0.027719 1.000000
7.061039 -5.383978 -0.168078 -0.017163 1.000000
57.091457 -0.043423 -10.625225 -0.183799 1.000000
2.004540 -4.732286 1.701189 0.294531 1.000000
4.032250 1.504939 -0.047951 -0.013350 1.000000
118.120667 -19.193598 2.253786 0.019935 1.000000
48.040806 -4.837863 0.100837 0.004950 1.000000
8.483052 -5.054064 0.730290 0.066833 1.000000
109.532639 -7.489726 -5.144651 -0.044408 1.000000
29.208984 0.789540 3.994559 0.142277 1.000000
57.628975 -11.683985 -11.087921 -0.183663 1.000000
35.030113 -5.033216 4.799448 0.143072 1.000000
88.696037 -6.860331 -17.762833 -0.196975 1.000000
117.998047 -0.645005 2.322887 0.019027 1.000000
4.237828 2.983861 -0.322412 -0.062479 1.000000
2.973813 3.369758 0.799012 0.212315 1.000000
20.036442 1.001422 0.231296 0.010433 1.000000
29.208984 0.789540 3.994559 0.142277 1.000000
20.050177 1.015136 0.070445 0.009210 1.000000
34.210300 0.553207 0.286553 0.007589 1.000000
4.032250 1.504939 -0.047951 -0.013350 1.000000
47.714333 -4.393333 0.217862 0.009114 1.000000
40.571907 -12.575167 -8.582579 -0.199876 1.000000
3.902204 3.385976 -0.646644 -0.134713 1.000000
4.047836 3.223160 -0.003786 -0.003764 1.000000
33.144527 -5.924420 -3.018611 -0.089414 1.000000
106.447906 -1.273242 -0.695546 -0.007298 1.000000
41.426861 -6.495252 0.649827 0.014476 1.000000
49.603336 -5.059817 0.178023 0.003570 1.000000
17.372982 3.261925 -2.048938 -0.112966 1.000000
12.032817 1.215260 0.286625 0.020673 1.000000
116.812790 -5.268744 -3.708271 -0.027719 1.000000
17.173519 -12.135771 1.129704 0.059218 1.000000
20.039684 1.009394 0.185619 0.011014 1.000000
19.320911 -12.204904 1.139292 0.049812 1.000000
40.571907 -12.575167 -8.582579 -0.199876 1.000000
35.008450 -4.885834 4.993294 0.145811 1.000000
9.451754 -5.241352 1.943685 0.190500 1.000000
115.221802 -3.781313 -14.290774 -0.122509 1.000000
89.532967 -16.321938 -11.348217 -0.122899 1.000000
2.445709 -5.350044 0.101256 0.014040 1.000000
40.076454 0.418839 0.177308 0.003328 1.000000
3.237818 3.257465 -0.975359 -0.217199 1.000000
34.145573 -5.893052 -1.744812 -0.049594 1.000000
71.635719 -26.134985 -7.214250 -0.092975 1.000000
12.023384 1.263067 0.171030 0.016485 1.000000
17.989819 1.098744 0.325417 0.024789 1.000000
44.726742 -6.693871 0.735091 0.015250 1.000000
24.303205 0.879304 0.296290 0.010965 1.000000
23.918880 -5.412292 -2.930443 -0.118120 1.000000
82.389412 0.586398 -0.667048 -0.008896 1.000000
40.651501 19.628651 0.587264 0.018301 1.000000
8.015589 1.338518 0.368124 0.038472 1.000000
14.009727 1.199584 0.160415 0.016049 1.000000
23.918880 -5.412292 -2.930443 -0.118120 1.000000
32.305588 -6.287006 0.372498 0.010288 1.000000
29.208361 0.114824 3.892954 0.135470 1.000000
43.043308 -6.556804 0.656137 0.015069 1.000000
7.197896 -5.151234 -0.050671 -0.005725 1.000000
56.100571 -0.157267 0.972974 0.016679 1.000000
88.006668 -0.944701 1.645474 0.018010 1.000000
34.665333 -7.017557 -1.484940 -0.041997 1.000000
7.185294 -6.190155 0.670501 0.064274 1.000000
24.303205 0.879304 0.296290 0.010965 1.000000
1.992582 1.571345 0.042246 0.007347 1.000000
17.001270 -5.517220 -1.020582 -0.056090 1.000000
13.990203 1.203920 0.117926 0.015214 1.000000
53.982487 0.142555 0.743232 0.016933 1.000000
3.944640 1.491139 -0.964898 -0.213107 1.000000
21.491182 -5.212663 -2.094833 -0.092769 1.000000
37.014534 2.534661 -4.905484 -0.130073 1.000000
8.022618 1.390326 0.330699 0.044675 1.000000
47.810150 -5.712629 0.675712 0.013047 1.000000
48.295815 -4.747787 -0.778913 -0.016073 1.000000
81.605331 0.182197 -17.293373 -0.208825 1.000000
118.066307 -19.385883 2.444863 0.020431 1.000000
39.089291 -6.547547 0.550591 0.013229 1.000000
40.079903 0.472533 0.255060 0.011304 1.000000
54.558319 -0.248386 0.639876 0.016521 1.000000
9.991221 -11.807750 0.525636 0.034984 1.000000
45.299477 2.750151 -3.746718 -0.082259 1.000000
3.556322 3.304638 -0.502554 -0.110129 1.000000
1.920785 1.659403 -0.046576 -0.011329 1.000000
50.918926 0.902264 -2.313394 -0.045789 1.000000
6.721282 -5.439411 0.577477 0.066688 1.000000
35.049026 -12.521921 -5.469420 -0.145909 1.000000
39.041992 -6.561635 0.666323 0.018155 1.000000
8.000690 1.358766 0.405367 0.046637 1.000000
117.998047 -0.645005 2.322887 0.019027 1.000000
34.165974 -6.248517 -2.878474 -0.081458 1.000000
47.810150 -5.712629 0.675712 0.013047 1.000000
37.014534 2.534661 -4.905484 -0.130073 1.000000
56.095417 0.076146 1.048430 0.018688 1.000000
10.020737 1.325754 0.153428 0.015178 1.000000
24.686415 -12.534926 1.629366 0.057108 1.000000
51.317619 0.135203 -8.763000 -0.166395 1.000000
44.709339 -6.669452 0.632557 0.015274 1.000000
3.949650 1.518569 -0.863201 -0.213764 1.000000
2.458763 3.397124 -0.056831 -0.010796 1.000000
20.039684 1.009394 0.185619 0.011014 1.000000
20.725361 -12.360863 1.203302 0.049024 1.000000
106.411331 -1.064904 -1.213030 -0.011522 1.000000
1.175363 3.422756 0.034259 0.003825 1.000000
10.011786 1.307962 0.361174 0.033410 1.000000
48.324902 -4.744024 -0.734439 -0.015625 1.000000
110.893196 -7.462043 -1.185157 -0.011183 1.000000
6.010913 3.167658 -1.165694 -0.159355 1.000000
118.066307 -19.385883 2.444863 0.020431 1.000000
117.998047 -0.645005 2.322887 0.019027 1.000000
33.929779 -6.218615 -3.518206 -0.099310 1.000000
42.712582 -12.625196 -8.597949 -0.190944 1.000000
18.834499 3.178823 2.616507 0.144747 1.000000
50.097763 -4.099119 2.022627 0.041719 1.000000
6.917376 -5.825294 0.934043 0.093814 1.000000
1.953414 1.643849 -0.031068 -0.008521 1.000000
4.047836 3.223160 -0.003786 -0.003764 1.000000
2.445709 -5.350044 0.101256 0.014040 1.000000
54.017193 -0.034129 1.026408 0.017841 1.000000
81.054482 -7.088529 -10.158873 -0.122972 1.000000
35.769112 -5.636468 -3.234857 -0.089098 1.000000
39.089291 -6.547547 0.550591 0.013229 1.000000
34.148983 0.617505 0.122275 0.008593 1.000000
6.807961 -5.788209 0.049912 0.008617 1.000000
81.384323 -13.009297 -4.079437 -0.045947 1.000000
8.100616 -5.082847 0.180012 0.018821 1.000000
24.303205 0.879304 0.296290 0.010965 1.000000
21.491182 -5.212663 -2.094833 -0.092769 1.000000
57.628975 -11.683985 -11.087921 -0.183663 1.000000
46.154465 20.658449 1.716253 0.035723 1.000000
18.016220 1.023367 0.310211 0.015335 1.000000
54.017193 -0.034129 1.026408 0.017841 1.000000
90.801964 -7.454494 -8.231120 -0.090350 1.000000
7.998155 1.372922 0.371845 0.045789 1.000000
69.136345 -0.837846 -5.143571 -0.074429 1.000000
81.605331 0.182197 -17.293373 -0.208825 1.000000
48.316959 -4.724454 -0.762509 -0.014597 1.000000
108.859291 -0.771107 -18.864134 -0.170299 1.000000
26.164234 -12.446959 -2.752580 -0.094799 1.000000
7.566375 -5.401588 0.524257 0.062576 1.000000
2.849095 -5.054395 -0.055132 -0.009864 1.000000
23.918880 -5.412292 -2.930443 -0.118120 1.000000
34.180302 0.605877 0.267963 0.009319 1.000000
7.566375 -5.401588 0.524257 0.062576 1.000000
7.091098 -5.468717 -0.155887 -0.014004 1.000000
3.266788 3.177929 -1.076746 -0.241394 1.000000
40.571907 -12.575167 -8.582579 -0.199876 1.000000
7.207873 -5.298765 -0.855961 -0.091310 1.000000
90.721718 -16.555187 -11.855162 -0.127852 1.000000
107.308044 -6.948270 2.106426 0.018736 1.000000
16.031752 1.088971 0.563552 0.033386 1.000000
14.038867 1.170311 0.274881 0.018010 1.000000
43.069271 -6.620780 0.558469 0.012200 1.000000
3.237818 3.257465 -0.975359 -0.217199 1.000000
117.339500 -18.007750 4.704010 0.042336 1.000000
32.767326 -12.538623 -3.122670 -0.088600 1.000000
36.148975 -6.010947 -2.927128 -0.078337 1.000000
48.751450 -6.692185 0.612484 0.017054 1.000000
32.767326 -12.538623 -3.122670 -0.088600 1.000000
6.621477 -5.048724 -1.561271 -0.185350 1.000000
25.422953 -12.401325 -2.662509 -0.093850 1.000000
26.164234 -12.446959 -2.752580 -0.094799 1.000000
34.165974 -6.248517 -2.878474 -0.081458 1.000000
20.800110 -12.296079 1.210004 0.055460 1.000000
12.288465 -5.260736 -0.714770 -0.052963 1.000000
45.304062 1.840757 -2.665544 -0.058721 1.000000
12.000370 1.262567 0.136859 0.016328 1.000000
3.902204 3.385976 -0.646644 -0.134713 1.000000
50.918926 0.902264 -2.313394 -0.045789 1.000000
16.083710 -6.177647 -2.607181 -0.146056 1.000000
34.145573 -5.893052 -1.744812 -0.049594 1.000000
69.136345 -0.837846 -5.143571 -0.074429 1.000000
1.989385 1.613140 0.027522 0.006463 1.000000
50.135330 -4.116579 1.756914 0.038230 1.000000
56.095619 0.117943 1.084401 0.018180 1.000000
3.902204 3.385976 -0.646644 -0.134713 1.000000
12.032817 1.215260 0.286625 0.020673 1.000000
11.017541 3.097673 0.446525 0.045934 1.000000
16.771320 3.222056 1.860103 0.112431 1.000000
78.112633 -9.504257 2.462220 0.035869 1.000000
4.010053 1.536524 -0.064039 -0.014911 1.000000
47.797428 -5.432526 0.593691 0.011764 1.000000
44.698936 -6.766343 0.700853 0.014851 1.000000
2.004540 -4.732286 1.701189 0.294531 1.000000
6.010913 3.167658 -1.165694 -0.159355 1.000000
23.488602 -5.564819 0.044100 0.004769 1.000000
29.208984 0.789540 3.994559 0.142277 1.000000
81.384323 -13.009297 -4.079437 -0.045947 1.000000
15.461125 2.938617 -2.214533 -0.139795 1.000000
108.859291 -0.771107 -18.864134 -0.170299 1.000000
29.208984 0.789540 3.994559 0.142277 1.000000
17.865925 2.763615 -0.170260 -0.004139 1.000000
22.908890 -6.461004 -2.261826 -0.093170 1.000000
50.831230 -5.771441 0.616642 0.014996 1.000000
2.748197 3.297595 -0.154411 -0.036813 1.000000
9.962786 -11.699312 0.200966 0.016436 1.000000
15.981978 1.084989 0.553839 0.034561 1.000000
7.089034 -6.300019 0.568319 0.057981 1.000000
16.034149 1.074478 0.519174 0.029366 1.000000
107.801941 -0.138613 -0.790864 -0.008109 1.000000
106.411331 -1.064904 -1.213030 -0.011522 1.000000
7.005881 -5.069337 -2.542864 -0.279133 1.000000
36.148975 -6.010947 -2.927128 -0.078337 1.000000
111.845474 -6.173238 -2.500678 -0.018276 1.000000
107.308044 -6.948270 2.106426 0.018736 1.000000
14.033264 1.207662 0.229464 0.018506 1.000000
7.566375 -5.401588 0.524257 0.062576 1.000000
110.909042 -7.520494 -1.081756 -0.009731 1.000000
50.097763 -4.099119 2.022627 0.041719 1.000000
25.675655 -5.481830 -0.817041 -0.027647 1.000000
40.304596 19.225622 0.557130 0.017768 1.000000
34.166996 0.567458 0.367691 0.010760 1.000000
34.195118 0.604539 0.364366 0.009368 1.000000
20.054911 1.041057 0.040400 0.005713 1.000000
81.439850 -13.503016 -10.219421 -0.123168 1.000000
35.876278 -5.975277 -3.198375 -0.087713 1.000000
18.519751 3.007277 0.713685 0.043257 1.000000
25.422953 -12.401325 -2.662509 -0.093850 1.000000
20.050177 1.015136 0.070445 0.009210 1.000000
19.322029 -12.296517 1.251110 0.052878 1.000000
80.323914 -10.245155 4.587186 0.057945 1.000000
32.305588 -6.287006 0.372498 0.010288 1.000000
46.154465 20.658449 1.716253 0.035723 1.000000
6.807961 -5.788209 0.049912 0.008617 1.000000
35.030113 -5.033216 4.799448 0.143072 1.000000
12.007105 1.257633 0.285297 0.023627 1.000000
16.141256 -5.514341 -0.732029 -0.041561 1.000000
10.802877 3.142183 1.001523 0.081992 1.000000
26.228201 -12.358765 -2.646495 -0.089742 1.000000
7.566375 -5.401588 0.524257 0.062576 1.000000
34.174801 0.638750 0.186936 0.008787 1.000000
38.032211 -12.681808 -5.390539 -0.130928 1.000000
7.705060 -5.077682 -0.240460 -0.025237 1.000000
8.021412 -5.015034 0.029400 0.008642 1.000000
1.981360 1.581252 0.041094 0.007976 1.000000
35.926769 -6.012319 -3.249852 -0.087094 1.000000
53.982487 0.142555 0.743232 0.016933 1.000000
32.767326 -12.538623 -3.122670 -0.088600 1.000000
3.949650 1.518569 -0.863201 -0.213764 1.000000
45.304062 1.840757 -2.665544 -0.058721 1.000000
17.001270 -5.517220 -1.020582 -0.056090 1.000000
40.050846 0.406250 0.258434 0.005676 1.000000
41.470795 -6.354000 0.626662 0.014936 1.000000
11.794337 -5.260913 -0.196995 -0.015565 1.000000
17.987707 1.090933 0.365277 0.024789 1.000000
3.944640 1.491139 -0.964898 -0.213107 1.000000
35.769112 -5.636468 -3.234857 -0.089098 1.000000
104.659119 -2.962086 1.136163 0.015262 1.000000
50.151371 -4.193489 1.559306 0.036050 1.000000
48.301807 -4.704912 -0.903703 -0.016037 1.000000
27.974350 0.809098 1.149201 0.041040 1.000000
34.148983 0.617505 0.122275 0.008593 1.000000
69.136345 -0.837846 -5.143571 -0.074429 1.000000
44.700806 -6.668048 0.704068 0.015577 1.000000
3.556322 3.304638 -0.502554 -0.110129 1.000000
46.509796 19.429157 1.637614 0.032478 1.000000
52.542366 0.779550 -4.232255 -0.080596 1.000000
16.083710 -6.177647 -2.607181 -0.146056 1.000000
20.800110 -12.296079 1.210004 0.055460 1.000000
104.659119 -2.962086 1.136163 0.015262 1.000000
43.043308 -6.556804 0.656137 0.015069 1.000000
52.296360 1.044881 -4.709367 -0.086863 1.000000
35.769112 -5.636468 -3.234857 -0.089098 1.000000
15.654867 -5.382120 0.696611 0.040725 1.000000
29.619387 -12.283791 -5.319892 -0.160299 1.000000
20.022923 0.984859 0.172274 0.007310 1.000000
4.026124 1.488837 -0.058904 -0.014597 1.000000
34.665333 -7.017557 -1.484940 -0.041997 1.000000
10.802877 3.142183 1.001523 0.081992 1.000000
17.989819 1.098744 0.325417 0.024789 1.000000
15.654867 -5.382120 0.696611 0.040725 1.000000
69.136345 -0.837846 -5.143571 -0.074429 1.000000
40.069698 -6.169830 0.344061 0.011413 1.000000
55.338299 -2.361424 -4.514408 -0.081251 1.000000
23.488602 -5.564819 0.044100 0.004769 1.000000
29.208361 0.114824 3.892954 0.135470 1.000000
52.747871 0.362954 -4.396664 -0.081203 1.000000
20.830994 -12.266169 1.101230 0.045523 1.000000
3.556322 3.304638 -0.502554 -0.110129 1.000000
1.422467 3.451649 0.297494 0.065718 1.000000
19.867407 -5.994229 -2.363043 -0.113941 1.000000
44.709339 -6.669452 0.632557 0.015274 1.000000
111.845474 -6.173238 -2.500678 -0.018276 1.000000
20.881081 -12.309153 1.112136 0.044372 1.000000
33.134571 -6.281805 -3.125107 -0.091504 1.000000
15.183578 3.139289 -1.656965 -0.106464 1.000000
65.218033 -5.083655 0.203507 0.007516 1.000000
81.439850 -13.503016 -10.219421 -0.123168 1.000000
81.932487 0.435719 -0.912802 -0.009937 1.000000
36.981449 2.658180 -4.884925 -0.130769 1.000000
19.320911 -12.204904 1.139292 0.049812 1.000000
36.538456 -12.610544 -5.586903 -0.142888 1.000000
19.412600 -12.164057 1.195598 0.057666 1.000000
110.918861 -8.305609 -16.350018 -0.144123 1.000000
56.100475 -0.004072 0.850210 0.018313 1.000000
15.981978 1.084989 0.553839 0.034561 1.000000
50.486149 1.714645 -2.895779 -0.054951 1.000000
1.998172 3.255399 0.573190 0.124253 1.000000
43.052475 -6.549135 0.480627 0.013967 1.000000
4.026124 1.488837 -0.058904 -0.014597 1.000000
1.981360 1.581252 0.041094 0.007976 1.000000
1.175363 3.422756 0.034259 0.003825 1.000000
24.303205 0.879304 0.296290 0.010965 1.000000
28.595871 3.093307 3.046193 0.111420 1.000000
27.998419 0.801660 1.179163 0.039938 1.000000
2.367607 3.387497 -0.047339 -0.008569 1.000000
3.993472 1.562039 -0.061085 -0.008872 1.000000
72.171829 -10.428958 -2.989652 -0.041295 1.000000
35.926769 -6.012319 -3.249852 -0.087094 1.000000
15.988346 1.143605 0.150775 0.015928 1.000000
40.058777 0.449377 0.190303 0.007952 1.000000
1.920785 1.659403 -0.046576 -0.011329 1.000000
106.447906 -1.273242 -0.695546 -0.007298 1.000000
3.949650 1.518569 -0.863201 -0.213764 1.000000
111.845474 -6.173238 -2.500678 -0.018276 1.000000
88.696037 -6.860331 -17.762833 -0.196975 1.000000
15.654867 -5.382120 0.696611 0.040725 1.000000
118.032410 -19.470758 3.058757 0.028191 1.000000
85.665131 -7.726254 3.768736 0.048527 1.000000
36.981449 2.658180 -4.884925 -0.130769 1.000000
49.603336 -5.059817 0.178023 0.003570 1.000000
15.988346 1.143605 0.150775 0.015928 1.000000
15.461125 2.938617 -2.214533 -0.139795 1.000000
1.926428 -5.034235 -1.521887 -0.259299 1.000000
48.834900 -4.476827 0.992781 0.021605 1.000000
81.932487 0.435719 -0.912802 -0.009937 1.000000
30.621040 -12.447794 -5.938780 -0.178742 1.000000
31.811033 -6.159824 -3.339029 -0.102546 1.000000
3.385659 3.232265 -0.841098 -0.164505 1.000000
18.040792 1.025696 0.296517 0.014391 1.000000
16.771320 3.222056 1.860103 0.112431 1.000000
82.389412 0.586398 -0.667048 -0.008896 1.000000
9.451754 -5.241352 1.943685 0.190500 1.000000
27.809528 -5.826396 0.972585 0.039974 1.000000
7.207873 -5.298765 -0.855961 -0.091310 1.000000
20.881081 -12.309153 1.112136 0.044372 1.000000
79.461945 -11.434164 -9.617404 -0.119229 1.000000
34.078594 -6.786291 -3.206363 -0.092015 1.000000
34.148983 0.617505 0.122275 0.008593 1.000000
14.480214 2.828475 -0.123963 -0.006729 1.000000
3.993472 1.562039 -0.061085 -0.008872 1.000000
58.938099 0.085785 -1.708142 -0.029572 1.000000
56.055847 -0.019185 0.702715 0.017332 1.000000
22.908890 -6.461004 -2.261826 -0.093170 1.000000
20.822292 -12.291548 1.235958 0.049012 1.000000
110.118919 -7.728930 -8.669517 -0.077463 1.000000
35.926769 -6.012319 -3.249852 -0.087094 1.000000
72.109695 -8.845454 -9.090705 -0.124497 1.000000
14.033264 1.207662 0.229464 0.018506 1.000000
8.389226 -4.861898 1.768614 0.194252 1.000000
49.603336 -5.059817 0.178023 0.003570 1.000000
16.141256 -5.514341 -0.732029 -0.041561 1.000000
56.100571 -0.157267 0.972974 0.016679 1.000000
44.700806 -6.668048 0.704068 0.015577 1.000000
117.595444 -19.562798 4.029382 0.038049 1.000000
73.986336 -11.252453 -10.007370 -0.130513 1.000000
8.389226 -4.861898 1.768614 0.194252 1.000000
40.304596 19.225622 0.557130 0.017768 1.000000
4.047836 3.223160 -0.003786 -0.003764 1.000000
88.696037 -6.860331 -17.762833 -0.196975 1.000000
72.171829 -10.428958 -2.989652 -0.041295 1.000000
69.989143 -0.518808 0.922009 0.017828 1.000000
1.422467 3.451649 0.297494 0.065718 1.000000
43.074722 -6.553400 0.598902 0.015032 1.000000
48.040806 -4.837863 0.100837 0.004950 1.000000
29.208361 0.114824 3.892954 0.135470 1.000000
55.361416 -1.690629 -4.454999 -0.079491 1.000000
8.022618 1.390326 0.330699 0.044675 1.000000
48.308235 -4.766258 -0.780477 -0.016691 1.000000
28.001196 0.787587 1.243970 0.043088 1.000000
23.968836 0.935966 0.288742 0.015843 1.000000
109.532639 -7.489726 -5.144651 -0.044408 1.000000
48.301807 -4.704912 -0.903703 -0.016037 1.000000
46.154465 20.658449 1.716253 0.035723 1.000000
43.063141 -6.593634 0.624705 0.013350 1.000000
48.324902 -4.744024 -0.734439 -0.015625 1.000000
6.564859 -6.170341 -1.678587 -0.172104 1.000000
43.040489 -6.557037 0.327792 0.012091 1.000000
41.470795 -6.354000 0.626662 0.014936 1.000000
1.175363 3.422756 0.034259 0.003825 1.000000
108.805138 0.041198 -1.467487 -0.014064 1.000000
50.097763 -4.099119 2.022627 0.041719 1.000000
4.561922 -4.771202 -0.503028 -0.074429 1.000000
50.831230 -5.771441 0.616642 0.014996 1.000000
20.830994 -12.266169 1.101230 0.045523 1.000000
50.109478 1.505783 3.288972 0.067294 1.000000
21.955849 0.993770 0.227101 0.014197 1.000000
82.337898 0.646941 -0.703466 -0.008726 1.000000
106.411331 -1.064904 -1.213030 -0.011522 1.000000
8.483052 -5.054064 0.730290 0.066833 1.000000
38.032211 -12.681808 -5.390539 -0.130928 1.000000
3.949650 1.518569 -0.863201 -0.213764 1.000000
1.979008 3.112446 -1.678667 -0.411944 1.000000
18.040792 1.025696 0.296517 0.014391 1.000000
50.097763 -4.099119 2.022627 0.041719 1.000000
17.173519 -12.135771 1.129704 0.059218 1.000000
17.173519 -12.135771 1.129704 0.059218 1.000000
8.452858 -5.056036 0.723009 0.080681 1.000000
3.944640 1.491139 -0.964898 -0.213107 1.000000
43.040489 -6.557037 0.327792 0.012091 1.000000
1.998172 3.255399 0.573190 0.124253 1.000000
45.285656 3.178431 -3.815614 -0.081919 1.000000
43.069271 -6.620780 0.558469 0.012200 1.000000
2.367607 3.387497 -0.047339 -0.008569 1.000000
115.221802 -3.781313 -14.290774 -0.122509 1.000000
81.439850 -13.503016 -10.219421 -0.123168 1.000000
42.616028 -12.306169 -8.809755 -0.196444 1.000000
7.005881 -5.069337 -2.542864 -0.279133 1.000000
85.665131 -7.726254 3.768736 0.048527 1.000000
41.434120 -6.540682 0.738534 0.016860 1.000000
2.634465 3.328836 -1.030191 -0.246648 1.000000
20.830994 -12.266169 1.101230 0.045523 1.000000
8.013799 1.402829 0.277264 0.042252 1.000000
34.665333 -7.017557 -1.484940 -0.041997 1.000000
107.061966 -7.335016 2.036301 0.020189 1.000000
6.961658 -4.915122 -2.367031 -0.284693 1.000000
52.211830 -0.495648 -3.634223 -0.069490 1.000000
56.095417 0.076146 1.048430 0.018688 1.000000
56.055847 -0.019185 0.702715 0.017332 1.000000
88.006668 -0.944701 1.645474 0.018010 1.000000
46.154465 20.658449 1.716253 0.035723 1.000000
20.725361 -12.360863 1.203302 0.049024 1.000000
46.154465 20.658449 1.716253 0.035723 1.000000
34.195118 0.604539 0.364366 0.009368 1.000000
35.008450 -4.885834 4.993294 0.145811 1.000000
36.148975 -6.010947 -2.927128 -0.078337 1.000000
40.058777 0.449377 0.190303 0.007952 1.000000
34.166996 0.567458 0.367691 0.010760 1.000000
56.100475 -0.004072 0.850210 0.018313 1.000000
3.949650 1.518569 -0.863201 -0.213764 1.000000
12.018504 1.224822 0.231308 0.016328 1.000000
88.021011 -0.888335 1.639358 0.019923 1.000000
17.865925 2.763615 -0.170260 -0.004139 1.000000
14.004221 1.194769 0.264563 0.018821 1.000000
118.032410 -19.470758 3.058757 0.028191 1.000000
30.621040 -12.447794 -5.938780 -0.178742 1.000000
40.076454 0.418839 0.177308 0.003328 1.000000
2.748197 3.297595 -0.154411 -0.036813 1.000000
2.028270 3.154624 -1.691756 -0.408855 1.000000
80.323914 -10.245155 4.587186 0.057945 1.000000
2.028270 3.154624 -1.691756 -0.408855 1.000000
7.966872 -5.468551 1.153917 0.118852 1.000000
38.070084 -12.791361 -5.333171 -0.130610 1.000000
6.786989 -5.421339 0.591839 0.063146 1.000000
22.051373 0.908305 0.910998 0.039805 1.000000
4.561922 -4.771202 -0.503028 -0.074429 1.000000
52.542366 0.779550 -4.232255 -0.080596 1.000000
18.834499 3.178823 2.616507 0.144747 1.000000
7.945210 -5.160815 -0.283101 -0.027429 1.000000
2.458763 3.397124 -0.056831 -0.010796 1.000000
90.752342 -7.748112 -9.404335 -0.102887 1.000000
75.169395 -11.493767 -4.171046 -0.051363 1.000000
12.000519 1.280779 0.140292 0.019208 1.000000
6.853229 -6.383155 0.428059 0.044154 1.000000
10.916020 3.190047 0.647845 0.064929 1.000000
56.052177 -0.044693 1.050280 0.020141 1.000000
90.752342 -7.748112 -9.404335 -0.102887 1.000000
7.061039 -5.383978 -0.168078 -0.017163 1.000000
4.047836 3.223160 -0.003786 -0.003764 1.000000
7.344116 -4.766494 -2.500640 -0.292369 1.000000
8.015589 1.338518 0.368124 0.038472 1.000000
50.109478 1.505783 3.288972 0.067294 1.000000
33.144527 -5.924420 -3.018611 -0.089414 1.000000
110.909042 -7.520494 -1.081756 -0.009731 1.000000
35.448658 -5.793375 4.444896 0.125473 1.000000
9.962786 -11.699312 0.200966 0.016436 1.000000
34.148983 0.617505 0.122275 0.008593 1.000000
6.961658 -4.915122 -2.367031 -0.284693 1.000000
16.024893 1.124414 0.422177 0.031291 1.000000
110.893196 -7.462043 -1.185157 -0.011183 1.000000
54.044403 0.063663 0.902787 0.018107 1.000000
34.148983 0.617505 0.122275 0.008593 1.000000
58.098850 0.026833 -5.095847 -0.087434 1.000000
108.805138 0.041198 -1.467487 -0.014064 1.000000
20.022923 0.984859 0.172274 0.007310 1.000000
81.457397 -13.544253 -10.004166 -0.119973 1.000000
14.004221 1.194769 0.264563 0.018821 1.000000
57.359348 -0.155274 -2.633237 -0.045462 1.000000
36.148975 -6.010947 -2.927128 -0.078337 1.000000
88.006668 -0.944701 1.645474 0.018010 1.000000
50.831230 -5.771441 0.616642 0.014996 1.000000
6.621477 -5.048724 -1.561271 -0.185350 1.000000
52.296360 1.044881 -4.709367 -0.086863 1.000000
19.412600 -12.164057 1.195598 0.057666 1.000000
6.721282 -5.439411 0.577477 0.066688 1.000000
17.991888 1.063601 0.320708 0.017792 1.000000
26.164234 -12.446959 -2.752580 -0.094799 1.000000
110.918861 -8.305609 -16.350018 -0.144123 1.000000
3.385659 3.232265 -0.841098 -0.164505 1.000000
16.771320 3.222056 1.860103 0.112431 1.000000
81.054482 -7.088529 -10.158873 -0.122972 1.000000
41.434120 -6.540682 0.738534 0.016860 1.000000
58.754627 0.004356 -1.539587 -0.026121 1.000000
41.470795 -6.354000 0.626662 0.014936 1.000000
55.361416 -1.690629 -4.454999 -0.079491 1.000000
7.005881 -5.069337 -2.542864 -0.279133 1.000000
117.339500 -18.007750 4.704010 0.042336 1.000000
10.910353 2.968397 -0.180094 -0.016860 1.000000
40.408546 -12.692014 -8.682350 -0.202745 1.000000
52.211830 -0.495648 -3.634223 -0.069490 1.000000
43.040489 -6.557037 0.327792 0.012091 1.000000
2.004540 -4.732286 1.701189 0.294531 1.000000
107.315605 -7.639514 2.002868 0.019826 1.000000
25.542803 -12.373148 -2.592776 -0.091164 1.000000
52.211830 -0.495648 -3.634223 -0.069490 1.000000
50.175671 -4.237679 2.102240 0.040871 1.000000
88.021011 -0.888335 1.639358 0.019923 1.000000
48.814945 -6.427740 0.670902 0.012672 1.000000
34.078594 -6.786291 -3.206363 -0.092015 1.000000
117.339203 -18.025629 4.733167 0.039417 1.000000
20.725361 -12.360863 1.203302 0.049024 1.000000
20.800110 -12.296079 1.210004 0.055460 1.000000
14.038867 1.170311 0.274881 0.018010 1.000000
2.028270 3.154624 -1.691756 -0.408855 1.000000
56.052177 -0.044693 1.050280 0.020141 1.000000
33.144527 -5.924420 -3.018611 -0.089414 1.000000
6.679460 -6.488145 0.519618 0.052175 1.000000
118.066307 -19.385883 2.444863 0.020431 1.000000
34.210300 0.553207 0.286553 0.007589 1.000000
107.801941 -0.138613 -0.790864 -0.008109 1.000000
38.005219 -12.522677 -6.218085 -0.154172 1.000000
10.020737 1.325754 0.153428 0.015178 1.000000
34.174801 0.638750 0.186936 0.008787 1.000000
23.925287 -5.660109 -4.228593 -0.168923 1.000000
8.022618 1.390326 0.330699 0.044675 1.000000
7.091098 -5.468717 -0.155887 -0.014004 1.000000
6.564859 -6.170341 -1.678587 -0.172104 1.000000
42.712582 -12.625196 -8.597949 -0.190944 1.000000
19.867407 -5.994229 -2.363043 -0.113941 1.000000
88.027222 -1.004916 1.685854 0.019148 1.000000
6.721282 -5.439411 0.577477 0.066688 1.000000
1.936293 1.620957 -0.016901 -0.006693 1.000000
44.700806 -6.668048 0.704068 0.015577 1.000000
32.213398 -6.356342 0.412263 0.011776 1.000000
33.144527 -5.924420 -3.018611 -0.089414 1.000000
3.385659 3.232265 -0.841098 -0.164505 1.000000
84.186577 -0.696736 0.625453 0.011922 1.000000
16.023382 -6.185042 -2.706718 -0.149274 1.000000
108.805138 0.041198 -1.467487 -0.014064 1.000000
36.148975 -6.010947 -2.927128 -0.078337 1.000000
33.929779 -6.218615 -3.518206 -0.099310 1.000000
35.769112 -5.636468 -3.234857 -0.089098 1.000000
16.083710 -6.177647 -2.607181 -0.146056 1.000000
10.011786 1.307962 0.361174 0.033410 1.000000
1.936293 1.620957 -0.016901 -0.006693 1.000000
21.981646 0.966450 0.266333 0.018058 1.000000
81.439850 -13.503016 -10.219421 -0.123168 1.000000
45.621208 -13.078364 -2.054039 -0.040120 1.000000
24.698322 -12.447022 1.712095 0.061825 1.000000
107.752136 -0.048328 -1.504768 -0.011220 1.000000
45.621208 -13.078364 -2.054039 -0.040120 1.000000
20.725361 -12.360863 1.203302 0.049024 1.000000
18.040792 1.025696 0.296517 0.014391 1.000000
71.635719 -26.134985 -7.214250 -0.092975 1.000000
35.448658 -5.793375 4.444896 0.125473 1.000000
21.955849 0.993770 0.227101 0.014197 1.000000
39.014950 -6.504137 0.463366 0.014681 1.000000
10.910353 2.968397 -0.180094 -0.016860 1.000000
34.145573 -5.893052 -1.744812 -0.049594 1.000000
50.175671 -4.237679 2.102240 0.040871 1.000000
104.659119 -2.962086 1.136163 0.015262 1.000000
48.295815 -4.747787 -0.778913 -0.016073 1.000000
54.039921 0.048790 1.034083 0.018349 1.000000
39.041992 -6.561635 0.666323 0.018155 1.000000
117.339500 -18.007750 4.704010 0.042336 1.000000
85.665131 -7.726254 3.768736 0.048527 1.000000
111.845474 -6.173238 -2.500678 -0.018276 1.000000
54.005638 0.123426 0.563681 0.015226 1.000000
81.605331 0.182197 -17.293373 -0.208825 1.000000
32.305588 -6.287006 0.372498 0.010288 1.000000
48.295815 -4.747787 -0.778913 -0.016073 1.000000
6.679460 -6.488145 0.519618 0.052175 1.000000
8.015589 1.338518 0.368124 0.038472 1.000000
6.538633 -4.778732 -1.273698 -0.159857 1.000000
20.050177 1.015136 0.070445 0.009210 1.000000
34.165974 -6.248517 -2.878474 -0.081458 1.000000
40.408546 -12.692014 -8.682350 -0.202745 1.000000
40.571907 -12.575167 -8.582579 -0.199876 1.000000
2.367607 3.387497 -0.047339 -0.008569 1.000000
8.013799 1.402829 0.277264 0.042252 1.000000
57.091457 -0.043423 -10.625225 -0.183799 1.000000
7.275120 -4.857243 0.374425 0.040895 1.000000
20.015175 1.004333 0.219518 0.010953 1.000000
106.650711 -2.573162 1.281866 0.013253 1.000000
8.100616 -5.082847 0.180012 0.018821 1.000000
107.724426 -4.484295 -5.254017 -0.046237 1.000000
24.494427 -5.374344 -2.144919 -0.084931 1.000000
1.979008 3.112446 -1.678667 -0.411944 1.000000
22.172575 1.022575 0.116322 0.005241 1.000000
46.154465 20.658449 1.716253 0.035723 1.000000
20.050177 1.015136 0.070445 0.009210 1.000000
14.004221 1.194769 0.264563 0.018821 1.000000
8.452858 -5.056036 0.723009 0.080681 1.000000
19.366205 -12.201589 1.220946 0.056611 1.000000
16.001701 -6.113583 -3.075379 -0.182654 1.000000
6.564859 -6.170341 -1.678587 -0.172104 1.000000
1.953414 1.643849 -0.031068 -0.008521 1.000000
7.998155 1.372922 0.371845 0.045789 1.000000
34.174801 0.638750 0.186936 0.008787 1.000000
7.061039 -5.383978 -0.168078 -0.017163 1.000000
7.089034 -6.300019 0.568319 0.057981 1.000000
12.007105 1.257633 0.285297 0.023627 1.000000
52.211830 -0.495648 -3.634223 -0.069490 1.000000
19.867407 -5.994229 -2.363043 -0.113941 1.000000
25.542803 -12.373148 -2.592776 -0.091164 1.000000
72.171829 -10.428958 -2.989652 -0.041295 1.000000
44.685783 -6.663358 0.399928 0.013423 1.000000
6.772479 -6.077078 0.843970 0.089767 1.000000
54.039921 0.048790 1.034083 0.018349 1.000000
16.024893 1.124414 0.422177 0.031291 1.000000
12.032817 1.215260 0.286625 0.020673 1.000000
27.998419 0.801660 1.179163 0.039938 1.000000
52.542366 0.779550 -4.232255 -0.080596 1.000000
38.005219 -12.522677 -6.218085 -0.154172 1.000000
39.014950 -6.504137 0.463366 0.014681 1.000000
27.998419 0.801660 1.179163 0.039938 1.000000
43.052475 -6.549135 0.480627 0.013967 1.000000
6.679460 -6.488145 0.519618 0.052175 1.000000
20.800110 -12.296079 1.210004 0.055460 1.000000
77.875702 -26.769049 -7.480713 -0.090581 1.000000
54.008408 0.074029 0.960701 0.017090 1.000000
3.415320 3.200403 -0.252290 -0.049594 1.000000
72.249725 -10.530733 -3.015984 -0.040943 1.000000
9.451754 -5.241352 1.943685 0.190500 1.000000
26.228201 -12.358765 -2.646495 -0.089742 1.000000
75.169395 -11.493767 -4.171046 -0.051363 1.000000
6.245924 3.169180 -1.154395 -0.163352 1.000000
7.705060 -5.077682 -0.240460 -0.025237 1.000000
12.288465 -5.260736 -0.714770 -0.052963 1.000000
7.344116 -4.766494 -2.500640 -0.292369 1.000000
107.752136 -0.048328 -1.504768 -0.011220 1.000000
79.461945 -11.434164 -9.617404 -0.119229 1.000000
15.629781 -5.369774 0.894790 0.054090 1.000000
104.659119 -2.962086 1.136163 0.015262 1.000000
50.486149 1.714645 -2.895779 -0.054951 1.000000
40.408546 -12.692014 -8.682350 -0.202745 1.000000
85.665131 -7.726254 3.768736 0.048527 1.000000
56.100475 -0.004072 0.850210 0.018313 1.000000
27.809528 -5.826396 0.972585 0.039974 1.000000
72.109695 -8.845454 -9.090705 -0.124497 1.000000
80.323914 -10.245155 4.587186 0.057945 1.000000
10.011786 1.307962 0.361174 0.033410 1.000000
3.431541 3.364230 -0.783604 -0.177352 1.000000
10.802877 3.142183 1.001523 0.081992 1.000000
50.151371 -4.193489 1.559306 0.036050 1.000000
73.986336 -11.252453 -10.007370 -0.130513 1.000000
117.296814 -1.564623 2.382615 0.024789 1.000000
44.030567 20.544868 0.618552 0.017962 1.000000
18.034365 1.042934 0.307911 0.015795 1.000000
116.882179 -4.610497 -3.943583 -0.033701 1.000000
40.408546 -12.692014 -8.682350 -0.202745 1.000000
34.240543 0.554269 0.478757 0.013096 1.000000
20.015175 1.004333 0.219518 0.010953 1.000000
16.024893 1.124414 0.422177 0.031291 1.000000
6.731366 -5.434541 0.832917 0.086887 1.000000
4.561922 -4.771202 -0.503028 -0.074429 1.000000
20.822292 -12.291548 1.235958 0.049012 1.000000
26.965240 19.916552 1.391199 0.043536 1.000000
1.953414 1.643849 -0.031068 -0.008521 1.000000
6.621477 -5.048724 -1.561271 -0.185350 1.000000
110.893196 -7.462043 -1.185157 -0.011183 1.000000
3.984888 1.584495 -0.054996 -0.004357 1.000000
107.752136 -0.048328 -1.504768 -0.011220 1.000000
90.721718 -16.555187 -11.855162 -0.127852 1.000000
8.022618 1.390326 0.330699 0.044675 1.000000
58.098850 0.026833 -5.095847 -0.087434 1.000000
7.089034 -6.300019 0.568319 0.057981 1.000000
33.144527 -5.924420 -3.018611 -0.089414 1.000000
40.304596 19.225622 0.557130 0.017768 1.000000
41.458221 -6.362362 0.859139 0.023579 1.000000
29.208361 0.114824 3.892954 0.135470 1.000000
41.470795 -6.354000 0.626662 0.014936 1.000000
6.790432 -5.410196 0.575622 0.061412 1.000000
44.685783 -6.663358 0.399928 0.013423 1.000000
3.556322 3.304638 -0.502554 -0.110129 1.000000
117.296814 -1.564623 2.382615 0.024789 1.000000
44.709339 -6.669452 0.632557 0.015274 1.000000
8.021412 -5.015034 0.029400 0.008642 1.000000
34.166996 0.567458 0.367691 0.010760 1.000000
14.038130 1.136242 0.235508 0.014427 1.000000
1.926428 -5.034235 -1.521887 -0.259299 1.000000
30.621040 -12.447794 -5.938780 -0.178742 1.000000
16.083710 -6.177647 -2.607181 -0.146056 1.000000
5.762400 -5.521888 -0.715011 -0.091954 1.000000
42.712582 -12.625196 -8.597949 -0.190944 1.000000
6.245924 3.169180 -1.154395 -0.163352 1.000000
107.811623 -0.240014 -0.658616 -0.006705 1.000000
7.005881 -5.069337 -2.542864 -0.279133 1.000000
2.849095 -5.054395 -0.055132 -0.009864 1.000000
3.431541 3.364230 -0.783604 -0.177352 1.000000
50.175671 -4.237679 2.102240 0.040871 1.000000
40.408546 -12.692014 -8.682350 -0.202745 1.000000
2.515405 3.383276 -0.067145 -0.013301 1.000000
27.984287 0.755794 1.174527 0.039853 1.000000
48.751450 -6.692185 0.612484 0.017054 1.000000
2.004540 -4.732286 1.701189 0.294531 1.000000
18.017141 1.085787 0.354357 0.021666 1.000000
1.368221 3.474499 0.385771 0.086668 1.000000
48.834900 -4.476827 0.992781 0.021605 1.000000
107.363174 -6.685431 1.539527 0.017114 1.000000
10.011786 1.307962 0.361174 0.033410 1.000000
10.011786 1.307962 0.361174 0.033410 1.000000
41.426861 -6.495252 0.649827 0.014476 1.000000
40.113338 0.406755 0.344727 0.008593 1.000000
7.185294 -6.190155 0.670501 0.064274 1.000000
31.877331 -6.077752 -3.431174 -0.104955 1.000000
117.339500 -18.007750 4.704010 0.042336 1.000000
57.091457 -0.043423 -10.625225 -0.183799 1.000000
8.013799 1.402829 0.277264 0.042252 1.000000
35.769112 -5.636468 -3.234857 -0.089098 1.000000
35.563061 -5.686899 -3.270802 -0.089402 1.000000
90.752342 -7.748112 -9.404335 -0.102887 1.000000
16.083710 -6.177647 -2.607181 -0.146056 1.000000
72.171829 -10.428958 -2.989652 -0.041295 1.000000
20.080965 0.999964 0.201820 0.008351 1.000000
7.185294 -6.190155 0.670501 0.064274 1.000000
39.041992 -6.561635 0.666323 0.018155 1.000000
9.451754 -5.241352 1.943685 0.190500 1.000000
69.136345 -0.837846 -5.143571 -0.074429 1.000000
88.021011 -0.888335 1.639358 0.019923 1.000000
18.833229 2.848625 0.635923 0.033374 1.000000
107.811623 -0.240014 -0.658616 -0.006705 1.000000
11.017541 3.097673 0.446525 0.045934 1.000000
34.166996 0.567458 0.367691 0.010760 1.000000
87.970772 -0.887498 1.574714 0.017441 1.000000
14.038867 1.170311 0.274881 0.018010 1.000000
20.015175 1.004333 0.219518 0.010953 1.000000
110.118919 -7.728930 -8.669517 -0.077463 1.000000
3.944640 1.491139 -0.964898 -0.213107 1.000000
69.989143 -0.518808 0.922009 0.017828 1.000000
19.366205 -12.201589 1.220946 0.056611 1.000000
35.876278 -5.975277 -3.198375 -0.087713 1.000000
10.916020 3.190047 0.647845 0.064929 1.000000
85.665131 -7.726254 3.768736 0.048527 1.000000
37.014534 2.534661 -4.905484 -0.130073 1.000000
16.031752 1.088971 0.563552 0.033386 1.000000
50.154804 -4.165276 2.113027 0.041961 1.000000
21.491182 -5.212663 -2.094833 -0.092769 1.000000
46.509796 19.429157 1.637614 0.032478 1.000000
106.161072 -1.225874 5.663619 0.056442 1.000000
20.022923 0.984859 0.172274 0.007310 1.000000
