113.236481 0.071715 0.712670 0.006294 1.000000
81.037003 -9.363626 -1.578679 -0.015383 1.000000
109.236359 -1.423742 2.654352 0.025576 1.000000
26.098383 -12.436264 2.880526 0.099310 1.000000
118.041428 0.260059 4.921154 0.043003 1.000000
114.188049 -0.138977 5.301068 0.045317 1.000000
112.890305 -0.693698 4.826163 0.042724 1.000000
117.584122 -19.515621 3.938534 0.035699 1.000000
5.982929 1.488842 0.026790 0.014415 1.000000
51.395939 1.938769 2.349485 0.047291 1.000000
114.797096 0.140591 4.151439 0.035130 1.000000
52.026497 0.071119 0.749427 0.019293 1.000000
115.789543 0.232984 4.309995 0.036183 1.000000
6.740085 3.205653 0.762692 0.088564 1.000000
6.708875 2.991953 -0.280172 -0.036159 1.000000
115.795738 0.140076 4.107632 0.038485 1.000000
30.904833 -12.454526 -5.134126 -0.153351 1.000000
114.154930 -0.036349 5.248727 0.045947 1.000000
65.792709 -5.617443 1.105912 0.015807 1.000000
113.236481 0.071715 0.712670 0.006294 1.000000
110.727448 -6.032348 3.335298 0.031327 1.000000
114.826805 0.353757 4.205881 0.037940 1.000000
110.654495 -1.048773 3.372455 0.029778 1.000000
108.034180 -6.492897 11.643261 0.106026 1.000000
109.237587 -1.518771 3.018537 0.026944 1.000000
112.513535 -0.118163 4.072402 0.035469 1.000000
28.147139 -5.996673 1.051055 0.034876 1.000000
108.204811 -6.522789 9.277386 0.090386 1.000000
117.406860 -20.357264 4.854160 0.039926 1.000000
21.185539 3.153241 2.056018 0.102424 1.000000
6.414837 3.276153 0.351055 0.063789 1.000000
73.027596 -6.845795 8.838097 0.118133 1.000000
117.257622 -18.149885 6.119982 0.051533 1.000000
110.672882 -5.719896 2.992079 0.026993 1.000000
118.041428 0.260059 4.921154 0.043003 1.000000
81.005028 -8.903161 -1.585553 -0.019426 1.000000
77.717438 -7.416924 -6.649794 -0.081786 1.000000
66.189964 -7.343349 -4.873958 -0.071067 1.000000
3.851151 3.283948 1.363192 0.313597 1.000000
77.036179 -7.972200 4.090395 0.051605 1.000000
65.205666 -5.153806 0.999782 0.016558 1.000000
107.254295 -7.740834 2.287186 0.021266 1.000000
30.821037 -12.354442 -5.338541 -0.157161 1.000000
77.683754 -7.293930 -6.262115 -0.080086 1.000000
43.145729 -12.701415 3.963759 0.086134 1.000000
116.350739 -15.698511 3.993246 0.035178 1.000000
116.855026 -17.570274 5.679000 0.047158 1.000000
110.685013 -5.550499 2.430077 0.024789 1.000000
107.932327 -6.301227 13.141125 0.119498 1.000000
118.489151 -20.663330 -1.033257 -0.007576 1.000000
24.957226 3.008578 2.650935 0.101098 1.000000
61.378994 0.471152 -3.751741 -0.061412 1.000000
6.023447 1.441546 -0.030298 -0.006427 1.000000
77.378052 -7.112773 8.826805 0.111444 1.000000
21.172817 3.200800 2.023715 0.104249 1.000000
36.326305 -12.658934 -5.562650 -0.143561 1.000000
77.683754 -7.293930 -6.262115 -0.080086 1.000000
77.021294 -7.840622 3.647232 0.046274 1.000000
31.108414 -12.538890 -4.475312 -0.131916 1.000000
110.529770 -1.106754 3.652842 0.033035 1.000000
114.159607 -0.047652 5.176081 0.046661 1.000000
106.968300 -6.546590 2.485809 0.023191 1.000000
34.251274 -12.640331 -6.070296 -0.161071 1.000000
110.139748 -4.267501 3.267459 0.029172 1.000000
43.145729 -12.701415 3.963759 0.086134 1.000000
108.406685 -1.872676 3.012626 0.027102 1.000000
112.485512 0.097676 4.090988 0.036353 1.000000
66.152557 -6.222595 0.945801 0.014233 1.000000
6.709919 2.929228 -0.103148 -0.014790 1.000000
114.188049 -0.138977 5.301068 0.045317 1.000000
113.238358 0.007913 0.650955 0.006983 1.000000
77.085770 -7.579644 3.576488 0.047497 1.000000
8.336167 3.059942 -0.285617 -0.031013 1.000000
111.076004 -6.468094 3.912633 0.034658 1.000000
65.217842 -5.145733 1.203631 0.017732 1.000000
116.797325 -17.809530 5.558980 0.048212 1.000000
111.379753 -5.814459 6.415851 0.058806 1.000000
107.326942 -6.537977 1.963191 0.017901 1.000000
26.170515 -12.392555 2.923805 0.099371 1.000000
21.166716 3.119093 2.280951 0.106209 1.000000
77.516968 -7.364209 7.013012 0.095212 1.000000
90.397163 -7.440655 -3.360385 -0.034597 1.000000
66.323212 0.153881 9.863399 0.154318 1.000000
106.968300 -6.546590 2.485809 0.023191 1.000000
114.774643 0.316541 3.942055 0.037358 1.000000
80.090691 -0.893560 1.282464 0.015541 1.000000
116.855026 -17.570274 5.679000 0.047158 1.000000
6.501273 3.025243 -1.612580 -0.214817 1.000000
27.233429 -12.527925 2.881377 0.092805 1.000000
24.882759 3.161662 2.697789 0.110178 1.000000
109.220886 -1.415064 2.354188 0.024487 1.000000
6.036217 1.431416 0.080710 0.008993 1.000000
3.620461 3.224874 0.681155 0.139575 1.000000
40.046112 -12.763850 -5.834729 -0.137987 1.000000
65.874275 -5.861997 0.913515 0.013350 1.000000
117.257622 -18.149885 6.119982 0.051533 1.000000
6.653575 3.265696 -1.323026 -0.181587 1.000000
112.899757 -0.826428 4.897410 0.042627 1.000000
45.743057 -13.240056 9.987919 0.202668 1.000000
77.021294 -7.840622 3.647232 0.046274 1.000000
114.826805 0.353757 4.205881 0.037940 1.000000
117.985970 -20.002115 2.254684 0.019935 1.000000
8.459438 3.248093 -1.273895 -0.133211 1.000000
30.821037 -12.354442 -5.338541 -0.157161 1.000000
116.350739 -15.698511 3.993246 0.035178 1.000000
118.101601 0.263859 4.912157 0.041004 1.000000
21.166716 3.119093 2.280951 0.106209 1.000000
61.297886 0.688094 -3.570691 -0.057217 1.000000
108.175835 -6.263735 9.945909 0.094811 1.000000
73.027596 -6.845795 8.838097 0.118133 1.000000
111.076004 -6.468094 3.912633 0.034658 1.000000
77.683754 -7.293930 -6.262115 -0.080086 1.000000
76.007248 -0.541992 1.480933 0.018458 1.000000
9.063203 2.950900 -2.141087 -0.220965 1.000000
109.219681 -1.566144 2.071429 0.023458 1.000000
110.564804 -1.064540 1.755880 0.018785 1.000000
73.155830 -7.937163 -8.753998 -0.118108 1.000000
78.678329 1.359768 2.789415 0.034258 1.000000
118.489151 -20.663330 -1.033257 -0.007576 1.000000
31.108414 -12.538890 -4.475312 -0.131916 1.000000
114.772919 0.190693 3.826020 0.037952 1.000000
116.797325 -17.809530 5.558980 0.048212 1.000000
37.226444 -12.883994 -5.150467 -0.130073 1.000000
110.197510 -8.347510 12.579270 0.116694 1.000000
108.289474 -7.507315 16.952168 0.154919 1.000000
73.027596 -6.845795 8.838097 0.118133 1.000000
117.678505 -19.230059 4.388336 0.037940 1.000000
61.297886 0.688094 -3.570691 -0.057217 1.000000
6.414837 3.276153 0.351055 0.063789 1.000000
21.166716 3.119093 2.280951 0.106209 1.000000
112.494247 -0.105612 2.280522 0.024789 1.000000
110.672882 -5.719896 2.992079 0.026993 1.000000
51.540012 1.900450 2.385463 0.045232 1.000000
114.774643 0.316541 3.942055 0.037358 1.000000
10.386953 2.909610 2.243270 0.191844 1.000000
109.220886 -1.415064 2.354188 0.024487 1.000000
30.543478 -12.502174 2.989004 0.089208 1.000000
108.010086 -6.275013 12.349004 0.112772 1.000000
111.375534 -5.886638 6.268448 0.059206 1.000000
117.257622 -18.149885 6.119982 0.051533 1.000000
110.685013 -5.550499 2.430077 0.024789 1.000000
20.510675 3.191480 2.301681 0.110433 1.000000
6.414837 3.276153 0.351055 0.063789 1.000000
50.287327 0.879425 7.890384 0.152273 1.000000
110.562340 -1.019727 3.008763 0.026242 1.000000
108.022667 -6.367163 11.742809 0.108096 1.000000
60.552261 0.073066 -7.201324 -0.115768 1.000000
115.169807 -0.308179 3.520760 0.030080 1.000000
111.375534 -5.886638 6.268448 0.059206 1.000000
116.855026 -17.570274 5.679000 0.047158 1.000000
115.789543 0.232984 4.309995 0.036183 1.000000
52.026497 0.071119 0.749427 0.019293 1.000000
107.254295 -7.740834 2.287186 0.021266 1.000000
108.010086 -6.275013 12.349004 0.112772 1.000000
50.287327 0.879425 7.890384 0.152273 1.000000
51.555588 1.984068 2.329939 0.043572 1.000000
31.122652 -12.562373 -4.756563 -0.140786 1.000000
118.489151 -20.663330 -1.033257 -0.007576 1.000000
6.000793 1.458093 0.060169 0.009743 1.000000
65.874275 -5.861997 0.913515 0.013350 1.000000
50.402260 1.069699 7.756441 0.155004 1.000000
113.293304 0.142517 -0.602598 -0.005918 1.000000
9.535065 3.005706 1.993757 0.205498 1.000000
80.060188 -9.381884 -1.175633 -0.014609 1.000000
65.792709 -5.617443 1.105912 0.015807 1.000000
66.040062 -6.151353 0.811239 0.015105 1.000000
115.812485 0.342947 4.029072 0.034258 1.000000
117.856255 -0.363577 3.370304 0.033156 1.000000
110.654495 -1.048773 3.372455 0.029778 1.000000
110.564804 -1.064540 1.755880 0.018785 1.000000
26.722811 -12.456719 2.546188 0.086146 1.000000
49.033352 -13.452654 10.667147 0.203792 1.000000
3.599877 3.209556 0.773486 0.159024 1.000000
116.347450 -15.684613 3.822737 0.035287 1.000000
3.892675 3.333314 1.083262 0.236448 1.000000
109.729294 -7.793119 13.363570 0.119656 1.000000
108.175835 -6.263735 9.945909 0.094811 1.000000
108.204811 -6.522789 9.277386 0.090386 1.000000
90.846970 -7.121875 -3.021954 -0.032114 1.000000
115.843399 0.135184 4.145112 0.040410 1.000000
5.982929 1.488842 0.026790 0.014415 1.000000
23.583778 -6.658102 -3.593557 -0.144454 1.000000
115.169807 -0.308179 3.520760 0.030080 1.000000
115.795738 0.140076 4.107632 0.038485 1.000000
118.101601 0.263859 4.912157 0.041004 1.000000
108.204811 -6.522789 9.277386 0.090386 1.000000
26.086018 -12.322286 2.893137 0.104237 1.000000
51.395939 1.938769 2.349485 0.047291 1.000000
109.235085 -1.538519 2.473033 0.022211 1.000000
112.485512 0.097676 4.090988 0.036353 1.000000
114.826805 0.353757 4.205881 0.037940 1.000000
112.513535 -0.118163 4.072402 0.035469 1.000000
117.300423 -18.118113 5.393147 0.044832 1.000000
118.729805 -21.303638 -1.222599 -0.007734 1.000000
74.061623 -6.741941 8.485370 0.111919 1.000000
107.303024 -7.569860 2.177258 0.019632 1.000000
86.439697 -7.185209 4.108062 0.052114 1.000000
21.166716 3.119093 2.280951 0.106209 1.000000
26.086018 -12.322286 2.893137 0.104237 1.000000
9.063203 2.950900 -2.141087 -0.220965 1.000000
114.159607 -0.047652 5.176081 0.046661 1.000000
110.654495 -1.048773 3.372455 0.029778 1.000000
51.998001 0.147188 1.552585 0.031352 1.000000
81.005028 -8.903161 -1.585553 -0.019426 1.000000
6.668262 3.225559 0.469677 0.055835 1.000000
40.145184 -12.699212 -5.606103 -0.132368 1.000000
112.513535 -0.118163 4.072402 0.035469 1.000000
112.918182 -0.780252 4.609288 0.042131 1.000000
65.205666 -5.153806 0.999782 0.016558 1.000000
117.300423 -18.118113 5.393147 0.044832 1.000000
112.485512 0.097676 4.090988 0.036353 1.000000
3.620461 3.224874 0.681155 0.139575 1.000000
80.060188 -9.381884 -1.175633 -0.014609 1.000000
118.101601 0.263859 4.912157 0.041004 1.000000
65.235847 -5.047293 0.622246 0.012394 1.000000
90.846970 -7.121875 -3.021954 -0.032114 1.000000
118.489151 -20.663330 -1.033257 -0.007576 1.000000
86.439697 -7.185209 4.108062 0.052114 1.000000
110.571449 -1.119904 1.292495 0.016122 1.000000
39.439156 -12.494156 -5.810221 -0.138696 1.000000
76.037781 -0.572192 1.618623 0.020564 1.000000
28.081156 -12.590453 2.839727 0.089791 1.000000
109.205269 -1.486004 2.881254 0.026375 1.000000
109.235085 -1.538519 2.473033 0.022211 1.000000
110.529770 -1.106754 3.652842 0.033035 1.000000
114.805504 0.333150 4.449688 0.038739 1.000000
6.481262 3.076498 1.603625 0.232060 1.000000
76.037781 -0.572192 1.618623 0.020564 1.000000
30.821037 -12.354442 -5.338541 -0.157161 1.000000
3.620461 3.224874 0.681155 0.139575 1.000000
26.667370 -12.487879 2.414202 0.083571 1.000000
51.391438 2.011159 2.057864 0.045450 1.000000
108.401924 -8.210341 19.803049 0.180184 1.000000
6.709919 2.929228 -0.103148 -0.014790 1.000000
115.212967 -0.050122 3.118531 0.031630 1.000000
110.622711 -5.758123 2.967034 0.031267 1.000000
50.402260 1.069699 7.756441 0.155004 1.000000
77.337433 -7.329397 9.298303 0.118120 1.000000
25.391832 -12.378538 2.468440 0.093704 1.000000
52.031006 0.123124 1.065091 0.020467 1.000000
117.214577 -18.349001 5.970897 0.051484 1.000000
65.205666 -5.153806 0.999782 0.016558 1.000000
74.220985 -7.083624 7.852841 0.103300 1.000000
27.216471 -12.455543 2.629473 0.086498 1.000000
117.214577 -18.349001 5.970897 0.051484 1.000000
65.793564 -5.795101 0.952954 0.014427 1.000000
110.562340 -1.019727 3.008763 0.026242 1.000000
10.386953 2.909610 2.243270 0.191844 1.000000
52.100304 0.124486 1.318846 0.028639 1.000000
35.003616 -12.385759 -6.451650 -0.172350 1.000000
80.583290 -9.434419 -1.360194 -0.016763 1.000000
27.216471 -12.455543 2.629473 0.086498 1.000000
9.441495 2.900684 1.869903 0.169267 1.000000
86.533798 -7.265055 4.204156 0.047631 1.000000
23.583778 -6.658102 -3.593557 -0.144454 1.000000
30.904833 -12.454526 -5.134126 -0.153351 1.000000
111.634239 -15.925817 16.741072 0.152690 1.000000
68.035767 -0.102088 0.682575 0.009053 1.000000
8.459438 3.248093 -1.273895 -0.133211 1.000000
80.036743 -0.767013 1.462267 0.019584 1.000000
42.095951 -13.233233 2.331824 0.052054 1.000000
74.061623 -6.741941 8.485370 0.111919 1.000000
114.722252 0.082121 4.623056 0.039236 1.000000
36.312553 -12.654077 -5.605217 -0.144282 1.000000
112.494247 -0.105612 2.280522 0.024789 1.000000
78.623711 1.523696 2.628410 0.036619 1.000000
52.031006 0.123124 1.065091 0.020467 1.000000
65.748619 -5.791516 0.917409 0.013265 1.000000
116.710007 0.213602 4.469848 0.042942 1.000000
9.788207 3.060935 2.141363 0.233001 1.000000
113.460266 -0.011685 3.669992 0.035348 1.000000
66.040062 -6.151353 0.811239 0.015105 1.000000
51.998001 0.147188 1.552585 0.031352 1.000000
49.192280 1.473043 7.550178 0.149274 1.000000
118.729805 -21.303638 -1.222599 -0.007734 1.000000
114.834686 0.211276 4.293101 0.036825 1.000000
77.717438 -7.416924 -6.649794 -0.081786 1.000000
116.864876 -17.402306 5.357954 0.044735 1.000000
49.092533 -13.457966 10.531753 0.202470 1.000000
86.439697 -7.185209 4.108062 0.052114 1.000000
27.216471 -12.455543 2.629473 0.086498 1.000000
117.257622 -18.149885 6.119982 0.051533 1.000000
52.100304 0.124486 1.318846 0.028639 1.000000
24.882759 3.161662 2.697789 0.110178 1.000000
113.236481 0.071715 0.712670 0.006294 1.000000
77.378052 -7.112773 8.826805 0.111444 1.000000
26.098383 -12.436264 2.880526 0.099310 1.000000
115.209488 -0.196548 3.837561 0.032599 1.000000
6.668262 3.225559 0.469677 0.055835 1.000000
52.026497 0.071119 0.749427 0.019293 1.000000
114.160721 0.150338 4.126545 0.040786 1.000000
116.873093 -17.238157 5.098647 0.045898 1.000000
108.289474 -7.507315 16.952168 0.154919 1.000000
90.846970 -7.121875 -3.021954 -0.032114 1.000000
118.259880 0.003957 5.504819 0.049594 1.000000
112.890305 -0.693698 4.826163 0.042724 1.000000
49.062374 -13.327250 10.792200 0.205288 1.000000
115.795738 0.140076 4.107632 0.038485 1.000000
65.874275 -5.861997 0.913515 0.013350 1.000000
110.564804 -1.064540 1.755880 0.018785 1.000000
116.873093 -17.238157 5.098647 0.045898 1.000000
74.220985 -7.083624 7.852841 0.103300 1.000000
51.450123 1.893072 2.387203 0.045050 1.000000
109.641571 -7.678478 13.882634 0.124753 1.000000
113.404922 -0.155861 4.774855 0.041355 1.000000
8.336167 3.059942 -0.285617 -0.031013 1.000000
9.535065 3.005706 1.993757 0.205498 1.000000
65.239952 -5.178160 1.220881 0.017683 1.000000
110.562340 -1.019727 3.008763 0.026242 1.000000
51.998001 0.147188 1.552585 0.031352 1.000000
6.000793 1.458093 0.060169 0.009743 1.000000
78.678329 1.359768 2.789415 0.034258 1.000000
49.033352 -13.452654 10.667147 0.203792 1.000000
114.834686 0.211276 4.293101 0.036825 1.000000
77.683754 -7.293930 -6.262115 -0.080086 1.000000
112.918182 -0.780252 4.609288 0.042131 1.000000
86.439697 -7.185209 4.108062 0.052114 1.000000
2.718180 3.467203 0.502929 0.106245 1.000000
6.000793 1.458093 0.060169 0.009743 1.000000
60.552261 0.073066 -7.201324 -0.115768 1.000000
65.874275 -5.861997 0.913515 0.013350 1.000000
111.076004 -6.468094 3.912633 0.034658 1.000000
90.397163 -7.440655 -3.360385 -0.034597 1.000000
49.209808 1.377499 7.573015 0.149274 1.000000
40.021599 -12.945786 -5.253559 -0.124253 1.000000
109.729294 -7.793119 13.363570 0.119656 1.000000
114.191818 0.055918 4.679727 0.044020 1.000000
21.172817 3.200800 2.023715 0.104249 1.000000
118.019135 -19.719315 5.143527 0.047291 1.000000
34.156513 -12.493134 -5.782845 -0.158006 1.000000
30.561012 -12.692643 -3.713039 -0.111736 1.000000
36.326305 -12.658934 -5.562650 -0.143561 1.000000
25.225712 -12.576808 2.459657 0.091043 1.000000
117.629173 -19.053988 4.426307 0.037128 1.000000
107.932327 -6.301227 13.141125 0.119498 1.000000
117.856255 -0.363577 3.370304 0.033156 1.000000
112.899757 -0.826428 4.897410 0.042627 1.000000
77.717438 -7.416924 -6.649794 -0.081786 1.000000
40.145184 -12.699212 -5.606103 -0.132368 1.000000
108.204811 -6.522789 9.277386 0.090386 1.000000
30.561012 -12.692643 -3.713039 -0.111736 1.000000
36.318554 -12.826272 -5.377088 -0.138867 1.000000
65.828880 -5.669100 0.707330 0.013580 1.000000
116.855026 -17.570274 5.679000 0.047158 1.000000
77.516968 -7.364209 7.013012 0.095212 1.000000
65.746056 -5.986139 0.441252 0.011111 1.000000
114.722252 0.082121 4.623056 0.039236 1.000000
113.293304 0.142517 -0.602598 -0.005918 1.000000
24.448046 2.904743 3.232410 0.141226 1.000000
112.493332 -0.235436 4.059072 0.035529 1.000000
66.189964 -7.343349 -4.873958 -0.071067 1.000000
77.021294 -7.840622 3.647232 0.046274 1.000000
84.174057 -1.011014 1.430027 0.016303 1.000000
114.756866 0.096582 4.788501 0.040980 1.000000
59.027145 -0.159752 -1.044618 -0.017695 1.000000
118.409203 -20.435986 2.194701 0.022380 1.000000
49.016186 -13.463033 10.606484 0.205708 1.000000
59.027145 -0.159752 -1.044618 -0.017695 1.000000
108.401924 -8.210341 19.803049 0.180184 1.000000
86.533798 -7.265055 4.204156 0.047631 1.000000
21.641388 -6.211100 -3.139769 -0.139893 1.000000
115.841377 -0.226927 4.121890 0.036886 1.000000
114.191818 0.055918 4.679727 0.044020 1.000000
28.147139 -5.996673 1.051055 0.034876 1.000000
10.386953 2.909610 2.243270 0.191844 1.000000
77.021294 -7.840622 3.647232 0.046274 1.000000
112.902725 -0.786953 5.224582 0.045171 1.000000
76.024033 -0.573066 1.445804 0.020346 1.000000
112.902725 -0.786953 5.224582 0.045171 1.000000
65.793564 -5.795101 0.952954 0.014427 1.000000
40.885036 -13.101049 -5.165676 -0.118620 1.000000
114.826805 0.353757 4.205881 0.037940 1.000000
78.678329 1.359768 2.789415 0.034258 1.000000
73.155830 -7.937163 -8.753998 -0.118108 1.000000
51.555588 1.984068 2.329939 0.043572 1.000000
80.583290 -9.434419 -1.360194 -0.016763 1.000000
66.323212 0.153881 9.863399 0.154318 1.000000
115.209488 -0.196548 3.837561 0.032599 1.000000
110.562340 -1.019727 3.008763 0.026242 1.000000
37.298580 -12.705058 -5.516615 -0.138928 1.000000
117.302902 -18.160170 5.415240 0.044747 1.000000
117.573563 0.003097 5.503249 0.046165 1.000000
113.234428 -0.006880 -1.166670 -0.006051 1.000000
117.257622 -18.149885 6.119982 0.051533 1.000000
115.795738 0.140076 4.107632 0.038485 1.000000
6.709919 2.929228 -0.103148 -0.014790 1.000000
24.889446 3.254745 2.237363 0.097826 1.000000
116.864876 -17.402306 5.357954 0.044735 1.000000
34.251274 -12.640331 -6.070296 -0.161071 1.000000
77.717438 -7.416924 -6.649794 -0.081786 1.000000
36.318554 -12.826272 -5.377088 -0.138867 1.000000
107.303024 -7.569860 2.177258 0.019632 1.000000
117.257622 -18.149885 6.119982 0.051533 1.000000
6.732380 2.860322 -0.030752 -0.006596 1.000000
37.257786 -12.740982 -5.410812 -0.136350 1.000000
75.999184 -0.584204 1.686474 0.022186 1.000000
112.863457 -0.825049 5.558521 0.048564 1.000000
40.021599 -12.945786 -5.253559 -0.124253 1.000000
114.172089 -0.025373 5.124911 0.044250 1.000000
105.918419 -2.560822 14.038700 0.130769 1.000000
80.060188 -9.381884 -1.175633 -0.014609 1.000000
116.873093 -17.238157 5.098647 0.045898 1.000000
90.846970 -7.121875 -3.021954 -0.032114 1.000000
35.003616 -12.385759 -6.451650 -0.172350 1.000000
24.638079 -12.383799 2.518945 0.097790 1.000000
117.678505 -19.230059 4.388336 0.037940 1.000000
77.421570 -7.248853 8.043681 0.106659 1.000000
36.318554 -12.826272 -5.377088 -0.138867 1.000000
49.062374 -13.327250 10.792200 0.205288 1.000000
66.040062 -6.151353 0.811239 0.015105 1.000000
107.254295 -7.740834 2.287186 0.021266 1.000000
110.727448 -6.032348 3.335298 0.031327 1.000000
52.026497 0.071119 0.749427 0.019293 1.000000
118.685684 -21.412163 -1.471841 -0.008351 1.000000
5.879220 3.133626 0.586250 0.109447 1.000000
40.145184 -12.699212 -5.606103 -0.132368 1.000000
65.239952 -5.178160 1.220881 0.017683 1.000000
51.555588 1.984068 2.329939 0.043572 1.000000
107.303024 -7.569860 2.177258 0.019632 1.000000
6.653575 3.265696 -1.323026 -0.181587 1.000000
117.214577 -18.349001 5.970897 0.051484 1.000000
118.409203 -20.435986 2.194701 0.022380 1.000000
5.879220 3.133626 0.586250 0.109447 1.000000
65.205666 -5.153806 0.999782 0.016558 1.000000
6.740085 3.205653 0.762692 0.088564 1.000000
6.708875 2.991953 -0.280172 -0.036159 1.000000
80.090691 -0.893560 1.282464 0.015541 1.000000
23.583778 -6.658102 -3.593557 -0.144454 1.000000
9.985118 3.011664 -0.203294 -0.017950 1.000000
111.076004 -6.468094 3.912633 0.034658 1.000000
6.668262 3.225559 0.469677 0.055835 1.000000
61.263107 0.427065 -2.195903 -0.034742 1.000000
111.076004 -6.468094 3.912633 0.034658 1.000000
110.197510 -8.347510 12.579270 0.116694 1.000000
9.112632 3.081225 1.867305 0.219005 1.000000
49.033352 -13.452654 10.667147 0.203792 1.000000
36.318554 -12.826272 -5.377088 -0.138867 1.000000
3.620461 3.224874 0.681155 0.139575 1.000000
51.991821 0.085757 1.407775 0.026230 1.000000
108.010086 -6.275013 12.349004 0.112772 1.000000
6.481262 3.076498 1.603625 0.232060 1.000000
24.448046 2.904743 3.232410 0.141226 1.000000
115.843399 0.135184 4.145112 0.040410 1.000000
117.584122 -19.515621 3.938534 0.035699 1.000000
2.718180 3.467203 0.502929 0.106245 1.000000
6.633008 3.123753 -1.245137 -0.163843 1.000000
115.800865 0.334776 4.274776 0.036898 1.000000
116.864876 -17.402306 5.357954 0.044735 1.000000
49.192280 1.473043 7.550178 0.149274 1.000000
80.060188 -9.381884 -1.175633 -0.014609 1.000000
76.037781 -0.572192 1.618623 0.020564 1.000000
9.063203 2.950900 -2.141087 -0.220965 1.000000
110.601830 -0.969706 3.440752 0.032405 1.000000
114.834686 0.211276 4.293101 0.036825 1.000000
110.571449 -1.119904 1.292495 0.016122 1.000000
110.571449 -1.119904 1.292495 0.016122 1.000000
65.205666 -5.153806 0.999782 0.016558 1.000000
112.918182 -0.780252 4.609288 0.042131 1.000000
27.216471 -12.455543 2.629473 0.086498 1.000000
86.439697 -7.185209 4.108062 0.052114 1.000000
6.036217 1.431416 0.080710 0.008993 1.000000
37.226444 -12.883994 -5.150467 -0.130073 1.000000
6.000793 1.458093 0.060169 0.009743 1.000000
49.033352 -13.452654 10.667147 0.203792 1.000000
9.063203 2.950900 -2.141087 -0.220965 1.000000
9.788207 3.060935 2.141363 0.233001 1.000000
24.889446 3.254745 2.237363 0.097826 1.000000
80.059555 -9.522485 -0.846198 -0.010978 1.000000
5.879220 3.133626 0.586250 0.109447 1.000000
40.145184 -12.699212 -5.606103 -0.132368 1.000000
108.204811 -6.522789 9.277386 0.090386 1.000000
26.797029 -12.381926 2.355649 0.083486 1.000000
115.212967 -0.050122 3.118531 0.031630 1.000000
117.300423 -18.118113 5.393147 0.044832 1.000000
115.213020 0.009120 3.722230 0.032296 1.000000
5.879220 3.133626 0.586250 0.109447 1.000000
112.918182 -0.780252 4.609288 0.042131 1.000000
3.620461 3.224874 0.681155 0.139575 1.000000
65.793564 -5.795101 0.952954 0.014427 1.000000
49.192280 1.473043 7.550178 0.149274 1.000000
114.722252 0.082121 4.623056 0.039236 1.000000
51.555588 1.984068 2.329939 0.043572 1.000000
28.081156 -12.590453 2.839727 0.089791 1.000000
112.890305 -0.693698 4.826163 0.042724 1.000000
37.226444 -12.883994 -5.150467 -0.130073 1.000000
74.464935 -7.289846 8.049662 0.108814 1.000000
42.095951 -13.233233 2.331824 0.052054 1.000000
106.968300 -6.546590 2.485809 0.023191 1.000000
111.076004 -6.468094 3.912633 0.034658 1.000000
108.087616 -6.358586 11.251110 0.105028 1.000000
49.092533 -13.457966 10.531753 0.202470 1.000000
50.287327 0.879425 7.890384 0.152273 1.000000
117.406860 -20.357264 4.854160 0.039926 1.000000
61.260113 0.396031 -2.363986 -0.038569 1.000000
26.722811 -12.456719 2.546188 0.086146 1.000000
110.562340 -1.019727 3.008763 0.026242 1.000000
6.006074 1.478832 0.032107 0.011885 1.000000
26.667370 -12.487879 2.414202 0.083571 1.000000
109.220886 -1.415064 2.354188 0.024487 1.000000
110.529770 -1.106754 3.652842 0.033035 1.000000
49.192280 1.473043 7.550178 0.149274 1.000000
37.298580 -12.705058 -5.516615 -0.138928 1.000000
9.606730 3.083141 -0.414606 -0.040883 1.000000
6.740085 3.205653 0.762692 0.088564 1.000000
66.040062 -6.151353 0.811239 0.015105 1.000000
110.654495 -1.048773 3.372455 0.029778 1.000000
111.634239 -15.925817 16.741072 0.152690 1.000000
108.010086 -6.275013 12.349004 0.112772 1.000000
3.476968 3.274843 0.348170 0.059242 1.000000
9.063203 2.950900 -2.141087 -0.220965 1.000000
27.216471 -12.455543 2.629473 0.086498 1.000000
65.236336 -5.190053 1.233623 0.018301 1.000000
115.213020 0.009120 3.722230 0.032296 1.000000
117.302902 -18.160170 5.415240 0.044747 1.000000
26.086018 -12.322286 2.893137 0.104237 1.000000
77.474327 -7.205814 8.496285 0.107207 1.000000
40.021599 -12.945786 -5.253559 -0.124253 1.000000
114.834686 0.211276 4.293101 0.036825 1.000000
109.220886 -1.415064 2.354188 0.024487 1.000000
65.748619 -5.791516 0.917409 0.013265 1.000000
45.743057 -13.240056 9.987919 0.202668 1.000000
110.571449 -1.119904 1.292495 0.016122 1.000000
110.571449 -1.119904 1.292495 0.016122 1.000000
113.410530 -0.104967 4.209005 0.038424 1.000000
76.037781 -0.572192 1.618623 0.020564 1.000000
111.356033 -5.916668 5.996412 0.058442 1.000000
3.620461 3.224874 0.681155 0.139575 1.000000
113.293304 0.142517 -0.602598 -0.005918 1.000000
61.297886 0.688094 -3.570691 -0.057217 1.000000
118.101601 0.263859 4.912157 0.041004 1.000000
114.191818 0.055918 4.679727 0.044020 1.000000
9.535065 3.005706 1.993757 0.205498 1.000000
111.356033 -5.916668 5.996412 0.058442 1.000000
80.060188 -9.381884 -1.175633 -0.014609 1.000000
115.213020 0.009120 3.722230 0.032296 1.000000
118.101601 0.263859 4.912157 0.041004 1.000000
76.007248 -0.541992 1.480933 0.018458 1.000000
31.024473 -12.432367 -2.986222 -0.088734 1.000000
43.145729 -12.701415 3.963759 0.086134 1.000000
47.240734 -13.262074 0.437483 0.008448 1.000000
37.298580 -12.705058 -5.516615 -0.138928 1.000000
52.026497 0.071119 0.749427 0.019293 1.000000
3.892675 3.333314 1.083262 0.236448 1.000000
60.552261 0.073066 -7.201324 -0.115768 1.000000
109.729294 -7.793119 13.363570 0.119656 1.000000
108.087616 -6.358586 11.251110 0.105028 1.000000
110.622711 -5.758123 2.967034 0.031267 1.000000
107.932327 -6.301227 13.141125 0.119498 1.000000
52.100304 0.124486 1.318846 0.028639 1.000000
9.985118 3.011664 -0.203294 -0.017950 1.000000
115.185112 -0.156361 3.527504 0.031921 1.000000
115.864349 -3.659214 7.765810 0.070036 1.000000
115.208313 -0.348222 3.850881 0.032417 1.000000
118.041428 0.260059 4.921154 0.043003 1.000000
90.987358 -7.345660 -4.130191 -0.044226 1.000000
114.154930 -0.036349 5.248727 0.045947 1.000000
61.661419 0.926233 -4.409273 -0.069175 1.000000
108.204811 -6.522789 9.277386 0.090386 1.000000
77.516968 -7.364209 7.013012 0.095212 1.000000
114.797096 0.140591 4.151439 0.035130 1.000000
52.012779 -0.104127 1.503319 0.027598 1.000000
42.095951 -13.233233 2.331824 0.052054 1.000000
117.257622 -18.149885 6.119982 0.051533 1.000000
115.795738 0.140076 4.107632 0.038485 1.000000
110.622711 -5.758123 2.967034 0.031267 1.000000
52.100304 0.124486 1.318846 0.028639 1.000000
34.251274 -12.640331 -6.070296 -0.161071 1.000000
37.272896 -12.661619 -5.638348 -0.141666 1.000000
115.212967 -0.050122 3.118531 0.031630 1.000000
27.216471 -12.455543 2.629473 0.086498 1.000000
110.672882 -5.719896 2.992079 0.026993 1.000000
65.239952 -5.178160 1.220881 0.017683 1.000000
24.882759 3.161662 2.697789 0.110178 1.000000
74.061623 -6.741941 8.485370 0.111919 1.000000
24.957226 3.008578 2.650935 0.101098 1.000000
113.236481 0.071715 0.712670 0.006294 1.000000
27.233429 -12.527925 2.881377 0.092805 1.000000
37.257786 -12.740982 -5.410812 -0.136350 1.000000
108.010086 -6.275013 12.349004 0.112772 1.000000
113.293304 0.142517 -0.602598 -0.005918 1.000000
114.805504 0.333150 4.449688 0.038739 1.000000
40.027107 -12.783300 -5.495143 -0.128963 1.000000
117.678505 -19.230059 4.388336 0.037940 1.000000
115.812485 0.342947 4.029072 0.034258 1.000000
3.892675 3.333314 1.083262 0.236448 1.000000
117.629173 -19.053988 4.426307 0.037128 1.000000
68.035767 -0.102088 0.682575 0.009053 1.000000
6.023447 1.441546 -0.030298 -0.006427 1.000000
108.087616 -6.358586 11.251110 0.105028 1.000000
30.543478 -12.502174 2.989004 0.089208 1.000000
9.112632 3.081225 1.867305 0.219005 1.000000
26.797029 -12.381926 2.355649 0.083486 1.000000
65.239952 -5.178160 1.220881 0.017683 1.000000
115.169807 -0.308179 3.520760 0.030080 1.000000
80.135742 -0.798449 1.412758 0.016933 1.000000
111.634239 -15.925817 16.741072 0.152690 1.000000
109.641571 -7.678478 13.882634 0.124753 1.000000
50.287327 0.879425 7.890384 0.152273 1.000000
61.661419 0.926233 -4.409273 -0.069175 1.000000
24.889446 3.254745 2.237363 0.097826 1.000000
52.012779 -0.104127 1.503319 0.027598 1.000000
74.464935 -7.289846 8.049662 0.108814 1.000000
30.561012 -12.692643 -3.713039 -0.111736 1.000000
65.239952 -5.178160 1.220881 0.017683 1.000000
105.918419 -2.560822 14.038700 0.130769 1.000000
117.584122 -19.515621 3.938534 0.035699 1.000000
34.251274 -12.640331 -6.070296 -0.161071 1.000000
35.003616 -12.385759 -6.451650 -0.172350 1.000000
118.489151 -20.663330 -1.033257 -0.007576 1.000000
61.378994 0.471152 -3.751741 -0.061412 1.000000
115.778397 0.255062 4.528319 0.038376 1.000000
28.081156 -12.590453 2.839727 0.089791 1.000000
114.797096 0.140591 4.151439 0.035130 1.000000
113.238358 0.007913 0.650955 0.006983 1.000000
114.756866 0.096582 4.788501 0.040980 1.000000
65.235847 -5.047293 0.622246 0.012394 1.000000
42.095951 -13.233233 2.331824 0.052054 1.000000
86.533798 -7.265055 4.204156 0.047631 1.000000
117.985970 -20.002115 2.254684 0.019935 1.000000
110.529770 -1.106754 3.652842 0.033035 1.000000
105.918419 -2.560822 14.038700 0.130769 1.000000
9.063203 2.950900 -2.141087 -0.220965 1.000000
108.406685 -1.872676 3.012626 0.027102 1.000000
65.205666 -5.153806 0.999782 0.016558 1.000000
6.036217 1.431416 0.080710 0.008993 1.000000
117.520905 0.187891 4.778930 0.043693 1.000000
24.882759 3.161662 2.697789 0.110178 1.000000
115.795738 0.140076 4.107632 0.038485 1.000000
30.561012 -12.692643 -3.713039 -0.111736 1.000000
27.216471 -12.455543 2.629473 0.086498 1.000000
115.864349 -3.659214 7.765810 0.070036 1.000000
86.439697 -7.185209 4.108062 0.052114 1.000000
66.147781 -6.338171 0.716178 0.010167 1.000000
51.391438 2.011159 2.057864 0.045450 1.000000
6.740085 3.205653 0.762692 0.088564 1.000000
107.326942 -6.537977 1.963191 0.017901 1.000000
114.172089 -0.025373 5.124911 0.044250 1.000000
112.579689 -0.064736 3.735650 0.034488 1.000000
116.347450 -15.684613 3.822737 0.035287 1.000000
76.007248 -0.541992 1.480933 0.018458 1.000000
51.540012 1.900450 2.385463 0.045232 1.000000
26.797029 -12.381926 2.355649 0.083486 1.000000
107.932327 -6.301227 13.141125 0.119498 1.000000
6.000793 1.458093 0.060169 0.009743 1.000000
116.347450 -15.684613 3.822737 0.035287 1.000000
80.583290 -9.434419 -1.360194 -0.016763 1.000000
6.709919 2.929228 -0.103148 -0.014790 1.000000
34.946888 -12.375412 -6.456928 -0.172940 1.000000
42.095951 -13.233233 2.331824 0.052054 1.000000
108.401924 -8.210341 19.803049 0.180184 1.000000
52.100304 0.124486 1.318846 0.028639 1.000000
23.583778 -6.658102 -3.593557 -0.144454 1.000000
52.026497 0.071119 0.749427 0.019293 1.000000
113.234428 -0.006880 -1.166670 -0.006051 1.000000
9.249010 2.976650 1.826412 0.194322 1.000000
112.863457 -0.825049 5.558521 0.048564 1.000000
117.584122 -19.515621 3.938534 0.035699 1.000000
65.205666 -5.153806 0.999782 0.016558 1.000000
34.156513 -12.493134 -5.782845 -0.158006 1.000000
68.035767 -0.102088 0.682575 0.009053 1.000000
117.257622 -18.149885 6.119982 0.051533 1.000000
110.654495 -1.048773 3.372455 0.029778 1.000000
113.234428 -0.006880 -1.166670 -0.006051 1.000000
117.257622 -18.149885 6.119982 0.051533 1.000000
65.793564 -5.795101 0.952954 0.014427 1.000000
113.410530 -0.104967 4.209005 0.038424 1.000000
50.402260 1.069699 7.756441 0.155004 1.000000
107.932327 -6.301227 13.141125 0.119498 1.000000
77.378052 -7.112773 8.826805 0.111444 1.000000
111.076004 -6.468094 3.912633 0.034658 1.000000
108.087616 -6.358586 11.251110 0.105028 1.000000
76.024033 -0.573066 1.445804 0.020346 1.000000
49.033352 -13.452654 10.667147 0.203792 1.000000
114.772919 0.190693 3.826020 0.037952 1.000000
77.474327 -7.205814 8.496285 0.107207 1.000000
114.797096 0.140591 4.151439 0.035130 1.000000
49.192280 1.473043 7.550178 0.149274 1.000000
77.516968 -7.364209 7.013012 0.095212 1.000000
34.156513 -12.493134 -5.782845 -0.158006 1.000000
107.303024 -7.569860 2.177258 0.019632 1.000000
117.302902 -18.160170 5.415240 0.044747 1.000000
65.217842 -5.145733 1.203631 0.017732 1.000000
114.834686 0.211276 4.293101 0.036825 1.000000
66.152557 -6.222595 0.945801 0.014233 1.000000
114.774643 0.316541 3.942055 0.037358 1.000000
39.273170 -12.854856 1.637179 0.042591 1.000000
74.061623 -6.741941 8.485370 0.111919 1.000000
5.982929 1.488842 0.026790 0.014415 1.000000
116.571503 -0.089280 3.027126 0.030516 1.000000
35.003616 -12.385759 -6.451650 -0.172350 1.000000
112.890305 -0.693698 4.826163 0.042724 1.000000
9.063203 2.950900 -2.141087 -0.220965 1.000000
77.717438 -7.416924 -6.649794 -0.081786 1.000000
5.982929 1.488842 0.026790 0.014415 1.000000
50.402260 1.069699 7.756441 0.155004 1.000000
51.450123 1.893072 2.387203 0.045050 1.000000
117.856255 -0.363577 3.370304 0.033156 1.000000
35.003616 -12.385759 -6.451650 -0.172350 1.000000
80.036743 -0.767013 1.462267 0.019584 1.000000
9.985118 3.011664 -0.203294 -0.017950 1.000000
75.999184 -0.584204 1.686474 0.022186 1.000000
26.797029 -12.381926 2.355649 0.083486 1.000000
81.005028 -8.903161 -1.585553 -0.019426 1.000000
114.154930 -0.036349 5.248727 0.045947 1.000000
36.312553 -12.654077 -5.605217 -0.144282 1.000000
80.066772 -0.580533 1.364820 0.021678 1.000000
109.205269 -1.486004 2.881254 0.026375 1.000000
116.350739 -15.698511 3.993246 0.035178 1.000000
77.085770 -7.579644 3.576488 0.047497 1.000000
30.561012 -12.692643 -3.713039 -0.111736 1.000000
110.685013 -5.550499 2.430077 0.024789 1.000000
40.885036 -13.101049 -5.165676 -0.118620 1.000000
49.192280 1.473043 7.550178 0.149274 1.000000
9.417998 3.154972 -1.324033 -0.136508 1.000000
80.060188 -9.381884 -1.175633 -0.014609 1.000000
117.678505 -19.230059 4.388336 0.037940 1.000000
36.326305 -12.658934 -5.562650 -0.143561 1.000000
113.404922 -0.155861 4.774855 0.041355 1.000000
112.579689 -0.064736 3.735650 0.034488 1.000000
110.564804 -1.064540 1.755880 0.018785 1.000000
109.220886 -1.415064 2.354188 0.024487 1.000000
91.108231 -7.137960 -3.544241 -0.038763 1.000000
73.027596 -6.845795 8.838097 0.118133 1.000000
115.843399 0.135184 4.145112 0.040410 1.000000
107.254295 -7.740834 2.287186 0.021266 1.000000
110.529770 -1.106754 3.652842 0.033035 1.000000
6.036217 1.431416 0.080710 0.008993 1.000000
26.797029 -12.381926 2.355649 0.083486 1.000000
36.318554 -12.826272 -5.377088 -0.138867 1.000000
9.063203 2.950900 -2.141087 -0.220965 1.000000
28.147139 -5.996673 1.051055 0.034876 1.000000
112.494247 -0.105612 2.280522 0.024789 1.000000
43.145729 -12.701415 3.963759 0.086134 1.000000
112.513535 -0.118163 4.072402 0.035469 1.000000
45.650036 -13.213146 9.944952 0.204657 1.000000
116.855026 -17.570274 5.679000 0.047158 1.000000
117.406860 -20.357264 4.854160 0.039926 1.000000
75.996132 -0.534048 1.480609 0.018942 1.000000
110.672882 -5.719896 2.992079 0.026993 1.000000
118.259880 0.003957 5.504819 0.049594 1.000000
118.101601 0.263859 4.912157 0.041004 1.000000
76.024033 -0.573066 1.445804 0.020346 1.000000
117.214577 -18.349001 5.970897 0.051484 1.000000
40.885036 -13.101049 -5.165676 -0.118620 1.000000
61.661419 0.926233 -4.409273 -0.069175 1.000000
49.016186 -13.463033 10.606484 0.205708 1.000000
65.236336 -5.190053 1.233623 0.018301 1.000000
115.908806 -3.731791 6.812125 0.063450 1.000000
80.135742 -0.798449 1.412758 0.016933 1.000000
110.672882 -5.719896 2.992079 0.026993 1.000000
111.356033 -5.916668 5.996412 0.058442 1.000000
113.410530 -0.104967 4.209005 0.038424 1.000000
36.312553 -12.654077 -5.605217 -0.144282 1.000000
25.225712 -12.576808 2.459657 0.091043 1.000000
77.474327 -7.205814 8.496285 0.107207 1.000000
114.834686 0.211276 4.293101 0.036825 1.000000
37.272896 -12.661619 -5.638348 -0.141666 1.000000
112.485512 0.097676 4.090988 0.036353 1.000000
36.312553 -12.654077 -5.605217 -0.144282 1.000000
110.672882 -5.719896 2.992079 0.026993 1.000000
50.310299 0.927332 7.672184 0.151306 1.000000
65.874275 -5.861997 0.913515 0.013350 1.000000
34.156513 -12.493134 -5.782845 -0.158006 1.000000
40.027107 -12.783300 -5.495143 -0.128963 1.000000
108.289474 -7.507315 16.952168 0.154919 1.000000
115.812485 0.342947 4.029072 0.034258 1.000000
115.841377 -0.226927 4.121890 0.036886 1.000000
73.027596 -6.845795 8.838097 0.118133 1.000000
108.010086 -6.275013 12.349004 0.112772 1.000000
9.441495 2.900684 1.869903 0.169267 1.000000
51.450123 1.893072 2.387203 0.045050 1.000000
9.063203 2.950900 -2.141087 -0.220965 1.000000
117.584122 -19.515621 3.938534 0.035699 1.000000
74.061623 -6.741941 8.485370 0.111919 1.000000
3.892675 3.333314 1.083262 0.236448 1.000000
27.233429 -12.527925 2.881377 0.092805 1.000000
115.212967 -0.050122 3.118531 0.031630 1.000000
112.903419 -0.743587 4.698801 0.044650 1.000000
107.932327 -6.301227 13.141125 0.119498 1.000000
109.220886 -1.415064 2.354188 0.024487 1.000000
26.170515 -12.392555 2.923805 0.099371 1.000000
26.797029 -12.381926 2.355649 0.083486 1.000000
76.007248 -0.541992 1.480933 0.018458 1.000000
6.740085 3.205653 0.762692 0.088564 1.000000
108.010086 -6.275013 12.349004 0.112772 1.000000
49.092533 -13.457966 10.531753 0.202470 1.000000
115.789543 0.232984 4.309995 0.036183 1.000000
113.293304 0.142517 -0.602598 -0.005918 1.000000
65.746056 -5.986139 0.441252 0.011111 1.000000
115.789543 0.232984 4.309995 0.036183 1.000000
6.023447 1.441546 -0.030298 -0.006427 1.000000
9.417998 3.154972 -1.324033 -0.136508 1.000000
109.220886 -1.415064 2.354188 0.024487 1.000000
111.076004 -6.468094 3.912633 0.034658 1.000000
115.795738 0.140076 4.107632 0.038485 1.000000
9.441495 2.900684 1.869903 0.169267 1.000000
116.347450 -15.684613 3.822737 0.035287 1.000000
117.302902 -18.160170 5.415240 0.044747 1.000000
112.863457 -0.825049 5.558521 0.048564 1.000000
108.204811 -6.522789 9.277386 0.090386 1.000000
117.300423 -18.118113 5.393147 0.044832 1.000000
77.085770 -7.579644 3.576488 0.047497 1.000000
111.076004 -6.468094 3.912633 0.034658 1.000000
111.379753 -5.814459 6.415851 0.058806 1.000000
107.303024 -7.569860 2.177258 0.019632 1.000000
49.092533 -13.457966 10.531753 0.202470 1.000000
40.885036 -13.101049 -5.165676 -0.118620 1.000000
114.774643 0.316541 3.942055 0.037358 1.000000
61.297886 0.688094 -3.570691 -0.057217 1.000000
110.139748 -4.267501 3.267459 0.029172 1.000000
111.076004 -6.468094 3.912633 0.034658 1.000000
109.729294 -7.793119 13.363570 0.119656 1.000000
30.561012 -12.692643 -3.713039 -0.111736 1.000000
107.932327 -6.301227 13.141125 0.119498 1.000000
30.561012 -12.692643 -3.713039 -0.111736 1.000000
75.999184 -0.584204 1.686474 0.022186 1.000000
116.873093 -17.238157 5.098647 0.045898 1.000000
6.708875 2.991953 -0.280172 -0.036159 1.000000
117.573563 0.003097 5.503249 0.046165 1.000000
110.571449 -1.119904 1.292495 0.016122 1.000000
80.036743 -0.767013 1.462267 0.019584 1.000000
26.086018 -12.322286 2.893137 0.104237 1.000000
25.391832 -12.378538 2.468440 0.093704 1.000000
5.879220 3.133626 0.586250 0.109447 1.000000
113.293304 0.142517 -0.602598 -0.005918 1.000000
115.908806 -3.731791 6.812125 0.063450 1.000000
27.270880 -12.416307 2.652061 0.087142 1.000000
109.235085 -1.538519 2.473033 0.022211 1.000000
39.273170 -12.854856 1.637179 0.042591 1.000000
106.968300 -6.546590 2.485809 0.023191 1.000000
9.788207 3.060935 2.141363 0.233001 1.000000
77.516968 -7.364209 7.013012 0.095212 1.000000
65.828880 -5.669100 0.707330 0.013580 1.000000
113.404922 -0.155861 4.774855 0.041355 1.000000
111.379753 -5.814459 6.415851 0.058806 1.000000
