0.690118 -2.409452 -0.207883 -0.077427 1.000000
3.393763 2.851405 -0.723264 -0.145273 1.000000
36.140255 -27.726528 -1.705719 -0.036014 1.000000
10.037664 2.166430 -0.688323 -0.073167 1.000000
53.201126 -5.127636 3.019456 0.056332 1.000000
48.205254 8.945941 1.750972 0.035869 1.000000
13.619055 -6.458251 3.165465 0.203730 1.000000
75.780151 6.349792 11.436726 0.149274 1.000000
41.097408 -6.998685 7.814995 0.184291 1.000000
104.016846 18.851480 12.111191 0.113990 1.000000
8.125481 1.522751 -4.095673 -0.434123 1.000000
9.032578 1.666003 0.737042 0.090277 1.000000
33.765110 15.283154 2.530695 0.065026 1.000000
61.531063 0.246821 -8.307035 -0.133443 1.000000
41.335674 -7.045012 -5.461098 -0.132539 1.000000
104.658974 -33.431278 0.639622 0.006136 1.000000
23.982763 17.286470 2.758422 0.093036 1.000000
98.537895 16.676914 -15.439372 -0.152751 1.000000
49.194252 -0.105672 0.831316 0.016521 1.000000
51.703503 -1.499959 1.885750 0.035917 1.000000
36.770187 -8.097171 8.113766 0.207439 1.000000
57.354656 -15.152857 -7.031676 -0.119229 1.000000
3.393763 2.851405 -0.723264 -0.145273 1.000000
25.874174 -8.258655 3.019459 0.109946 1.000000
48.205254 8.945941 1.750972 0.035869 1.000000
9.068686 2.474808 -0.642938 -0.068289 1.000000
33.036079 -8.205146 3.186389 0.092890 1.000000
13.162428 6.919608 -1.676486 -0.109228 1.000000
102.573944 -39.241722 -0.514801 -0.005531 1.000000
17.561108 -10.745132 2.853750 0.139600 1.000000
42.539604 8.113422 -2.987828 -0.068884 1.000000
9.068686 2.474808 -0.642938 -0.068289 1.000000
59.976124 -6.299866 3.924016 0.063765 1.000000
38.380009 -6.681514 7.992486 0.203384 1.000000
38.228760 -2.338219 0.822067 0.021000 1.000000
41.072487 -6.956832 8.610061 0.203817 1.000000
54.924965 2.138144 0.597108 0.010518 1.000000
71.506279 3.283927 4.920441 0.068653 1.000000
38.237743 -2.333514 0.682990 0.017623 1.000000
48.445057 -0.867312 0.373221 0.007431 1.000000
25.874174 -8.258655 3.019459 0.109946 1.000000
48.612442 -4.764214 -9.496074 -0.189662 1.000000
6.196269 -2.458162 -2.115761 -0.285273 1.000000
42.539604 8.113422 -2.987828 -0.068884 1.000000
44.526325 -3.429062 6.716266 0.149274 1.000000
7.466369 1.505741 -1.450786 -0.188220 1.000000
11.612288 -7.239572 0.701651 0.051557 1.000000
8.212752 -4.550565 -0.529537 -0.060636 1.000000
13.619055 -6.458251 3.165465 0.203730 1.000000
11.578484 -7.312274 0.672704 0.049594 1.000000
109.645447 23.296814 14.282317 0.126778 1.000000
32.462570 -8.217292 3.241225 0.095030 1.000000
51.839088 8.975684 -7.020230 -0.132087 1.000000
103.227722 -37.622242 -0.910907 -0.008291 1.000000
55.412674 2.159871 0.550141 0.009719 1.000000
38.268982 -15.175898 -1.352494 -0.032841 1.000000
41.119091 -17.656967 2.545530 0.056381 1.000000
33.036079 -8.205146 3.186389 0.092890 1.000000
44.056545 7.521348 2.466788 0.053848 1.000000
51.801247 -1.417142 1.984727 0.037734 1.000000
113.191742 10.340437 -8.836256 -0.077585 1.000000
6.196269 -2.458162 -2.115761 -0.285273 1.000000
41.354721 -8.137328 7.822716 0.182568 1.000000
67.049515 2.407027 10.268398 0.152506 1.000000
55.412674 2.159871 0.550141 0.009719 1.000000
11.578484 -7.312274 0.672704 0.049594 1.000000
64.189583 0.941282 -9.202765 -0.146117 1.000000
32.478016 -8.223389 3.169163 0.094580 1.000000
59.143200 5.858803 -10.134350 -0.168101 1.000000
0.690118 -2.409452 -0.207883 -0.077427 1.000000
53.114548 -5.137800 3.315666 0.062055 1.000000
77.763145 7.283428 11.570789 0.145689 1.000000
51.810631 -1.399197 1.819603 0.034960 1.000000
34.720119 20.747904 2.070725 0.052611 1.000000
25.828360 -8.210177 2.979876 0.107450 1.000000
27.366158 -8.065288 -4.860991 -0.176470 1.000000
8.732234 1.522872 -1.625076 -0.193410 1.000000
17.578114 -10.791581 2.835946 0.131953 1.000000
117.167412 24.498493 -7.223961 -0.060503 1.000000
2.920059 -2.503109 0.582972 0.170397 1.000000
83.405144 10.827984 -8.893194 -0.107828 1.000000
9.049459 -4.629760 -0.659824 -0.072135 1.000000
88.748405 11.635594 -10.124846 -0.113186 1.000000
64.219376 0.971686 -8.791983 -0.136044 1.000000
64.189583 0.941282 -9.202765 -0.146117 1.000000
86.174721 18.586733 -3.191008 -0.036728 1.000000
32.455559 -8.213660 3.207926 0.095528 1.000000
6.069611 2.770713 0.093395 0.018785 1.000000
24.449314 17.520231 -2.095297 -0.070133 1.000000
73.869972 5.477061 10.915352 0.146668 1.000000
43.339725 -24.316402 -3.352873 -0.065754 1.000000
33.765110 15.283154 2.530695 0.065026 1.000000
58.333042 -36.797405 4.265413 0.062419 1.000000
33.105797 -8.295620 3.372316 0.099310 1.000000
51.605865 -1.366559 1.783616 0.034536 1.000000
31.240992 -8.327467 2.977489 0.091833 1.000000
42.933327 -8.149559 8.235343 0.183984 1.000000
42.937004 -8.046314 8.320633 0.189575 1.000000
104.089005 -36.736595 -0.694659 -0.005640 1.000000
111.351524 21.875883 12.909292 0.113478 1.000000
22.427803 17.498398 -2.160237 -0.076298 1.000000
48.958107 -0.938954 0.644913 0.013180 1.000000
42.995827 -7.997718 8.366905 0.191252 1.000000
9.011833 2.525965 -0.608174 -0.063801 1.000000
41.156109 -7.091397 5.479876 0.128767 1.000000
53.164532 -5.074010 3.253230 0.059509 1.000000
9.032578 1.666003 0.737042 0.090277 1.000000
48.958107 -0.938954 0.644913 0.013180 1.000000
42.955082 -8.118346 8.131553 0.182999 1.000000
54.795040 1.439255 0.514827 0.009392 1.000000
25.874174 -8.258655 3.019459 0.109946 1.000000
41.217751 -7.068874 5.185817 0.123375 1.000000
23.683056 17.559460 2.750459 0.091286 1.000000
86.314400 10.446065 -10.059944 -0.116548 1.000000
35.984459 18.293102 2.320360 0.058211 1.000000
30.423540 -6.956068 3.091754 0.097036 1.000000
16.339432 -10.613827 2.850094 0.149274 1.000000
38.837959 -2.250540 0.633906 0.015698 1.000000
68.254730 2.655608 -9.108352 -0.133431 1.000000
23.683056 17.559460 2.750459 0.091286 1.000000
34.421925 9.261239 3.301379 0.093935 1.000000
30.366465 -6.983112 3.097352 0.098459 1.000000
30.346809 -6.986968 3.102797 0.099310 1.000000
50.350704 -0.242290 0.488177 0.009029 1.000000
104.102448 18.733389 11.438397 0.107280 1.000000
11.578484 -7.312274 0.672704 0.049594 1.000000
105.605751 22.739553 12.331987 0.113965 1.000000
3.221654 2.991225 -0.737487 -0.154539 1.000000
41.217751 -7.068874 5.185817 0.123375 1.000000
48.205254 8.945941 1.750972 0.035869 1.000000
78.524445 4.222978 5.198336 0.066009 1.000000
11.689980 -7.579138 0.756138 0.054841 1.000000
62.300392 0.196576 -8.717929 -0.140028 1.000000
77.318085 4.451296 5.383815 0.069405 1.000000
88.318451 11.575707 -7.850085 -0.088369 1.000000
117.014626 -6.070963 -4.678376 -0.039853 1.000000
49.082893 -0.631167 0.586812 0.011304 1.000000
35.540379 -28.240290 -2.118858 -0.045438 1.000000
88.748405 11.635594 -10.124846 -0.113186 1.000000
9.945059 1.527866 2.249818 0.200555 1.000000
94.397285 -31.679863 -4.021150 -0.041258 1.000000
28.638273 5.483441 1.132972 0.038121 1.000000
3.506966 1.964337 -0.709930 -0.158117 1.000000
33.044800 -8.238375 3.244482 0.093571 1.000000
68.254730 2.655608 -9.108352 -0.133431 1.000000
104.658974 -33.431278 0.639622 0.006136 1.000000
37.990391 -7.470851 8.172993 0.203372 1.000000
51.837627 -1.323512 1.809186 0.034876 1.000000
48.170063 9.087664 1.796017 0.036450 1.000000
106.818130 9.672832 -8.782997 -0.081458 1.000000
41.329906 -8.231211 8.243843 0.189193 1.000000
13.619055 -6.458251 3.165465 0.203730 1.000000
68.119522 2.842780 -5.772778 -0.084470 1.000000
51.828327 -1.433645 1.937041 0.036474 1.000000
41.348499 -8.128679 8.107489 0.190072 1.000000
62.256622 0.119266 -8.635942 -0.140003 1.000000
0.768818 1.646342 -0.066274 -0.039187 1.000000
3.515050 1.997622 -0.770404 -0.188294 1.000000
89.590019 12.586737 -7.338620 -0.083049 1.000000
58.065613 -13.153857 -7.357955 -0.121229 1.000000
46.269299 -1.625760 0.414326 0.008230 1.000000
23.755505 18.174511 -2.445627 -0.081980 1.000000
25.857315 -8.288721 3.001509 0.110092 1.000000
30.345793 -6.937937 3.119021 0.100295 1.000000
11.578484 -7.312274 0.672704 0.049594 1.000000
87.901665 11.606378 7.995669 0.089001 1.000000
49.328384 1.355302 0.709259 0.014306 1.000000
49.177280 1.226026 0.970421 0.019257 1.000000
17.562504 -10.741355 2.827848 0.133675 1.000000
49.089195 -0.614585 0.073604 -0.000000 1.000000
77.318085 4.451296 5.383815 0.069405 1.000000
113.191742 10.340437 -8.836256 -0.077585 1.000000
103.957306 19.169643 11.500583 0.108570 1.000000
42.539604 8.113422 -2.987828 -0.068884 1.000000
9.825511 3.223441 -0.596204 -0.056320 1.000000
34.423546 8.904533 3.266654 0.092489 1.000000
103.227722 -37.622242 -0.910907 -0.008291 1.000000
34.720119 20.747904 2.070725 0.052611 1.000000
68.112404 2.833248 -5.823902 -0.085879 1.000000
45.063473 9.778090 3.889621 0.084713 1.000000
51.473454 0.448121 0.333339 0.006221 1.000000
104.063751 18.845240 11.461429 0.107511 1.000000
52.027702 -5.177500 -5.953199 -0.112491 1.000000
116.351562 24.812664 -7.683084 -0.064723 1.000000
41.557034 -8.219342 -7.591094 -0.179098 1.000000
75.828270 6.384233 11.207784 0.146766 1.000000
72.334297 3.587036 -3.441220 -0.049594 1.000000
48.026630 -6.625968 -6.837808 -0.141470 1.000000
9.831265 3.211275 -0.623366 -0.060200 1.000000
46.269299 -1.625760 0.414326 0.008230 1.000000
5.840161 1.832295 -1.095765 -0.184771 1.000000
114.924774 24.160999 -8.562980 -0.073506 1.000000
54.869583 2.300768 0.037194 -0.000000 1.000000
23.456762 10.694665 -1.147298 -0.045062 1.000000
48.958107 -0.938954 0.644913 0.013180 1.000000
6.892426 4.807009 -0.518009 -0.065329 1.000000
106.627579 -37.156574 -0.401817 -0.002917 1.000000
108.379417 -24.516327 12.471967 0.111079 1.000000
43.005672 -8.171260 8.062785 0.178483 1.000000
8.724401 -3.345749 -0.593112 -0.068131 1.000000
41.335674 -7.045012 -5.461098 -0.132539 1.000000
41.189133 -7.089346 5.305057 0.126656 1.000000
72.263206 3.824953 -3.278991 -0.046371 1.000000
25.634617 11.876221 5.431827 0.196173 1.000000
49.007812 -0.861113 1.842543 0.036341 1.000000
41.870678 -2.748179 0.269673 0.006427 1.000000
46.269299 -1.625760 0.414326 0.008230 1.000000
48.176319 8.793493 1.515414 0.031085 1.000000
38.242165 -2.273231 0.668696 0.017453 1.000000
78.037979 7.510968 -10.198326 -0.132319 1.000000
51.473454 0.448121 0.333339 0.006221 1.000000
32.478016 -8.223389 3.169163 0.094580 1.000000
23.683056 17.559460 2.750459 0.091286 1.000000
111.740402 22.820396 -7.543971 -0.066761 1.000000
103.332016 47.331516 5.332474 0.045195 1.000000
58.333042 -36.797405 4.265413 0.062419 1.000000
9.842698 3.194548 -0.571481 -0.054551 1.000000
36.373737 -8.231645 -6.725705 -0.185067 1.000000
0.708532 1.664291 -0.153135 -0.083061 1.000000
35.984459 18.293102 2.320360 0.058211 1.000000
118.879578 -6.429006 -6.448445 -0.056417 1.000000
33.063370 -8.284370 3.107654 0.090921 1.000000
3.360012 -3.668032 -0.738087 -0.141336 1.000000
36.402351 17.881870 -1.851434 -0.046177 1.000000
59.052372 -35.695618 4.103183 0.059933 1.000000
87.199387 11.531715 7.779128 0.088211 1.000000
78.524445 4.222978 5.198336 0.066009 1.000000
60.207726 -7.032976 3.719108 0.060794 1.000000
97.436081 -30.573320 9.324912 0.089439 1.000000
113.191742 10.340437 -8.836256 -0.077585 1.000000
41.870678 -2.748179 0.269673 0.006427 1.000000
34.720119 20.747904 2.070725 0.052611 1.000000
103.227722 -37.622242 -0.910907 -0.008291 1.000000
77.763145 7.283428 11.570789 0.145689 1.000000
54.795040 1.439255 0.514827 0.009392 1.000000
42.995827 -7.997718 8.366905 0.191252 1.000000
41.119091 -17.656967 2.545530 0.056381 1.000000
11.578484 -7.312274 0.672704 0.049594 1.000000
2.977697 -2.514168 0.616206 0.129695 1.000000
77.318085 4.451296 5.383815 0.069405 1.000000
50.591873 -0.448096 2.146919 0.042131 1.000000
23.995623 17.199545 2.906620 0.100904 1.000000
9.825511 3.223441 -0.596204 -0.056320 1.000000
50.591873 -0.448096 2.146919 0.042131 1.000000
104.658974 -33.431278 0.639622 0.006136 1.000000
78.037979 7.510968 -10.198326 -0.132319 1.000000
44.248104 10.529909 -7.517299 -0.163794 1.000000
37.425823 -8.019426 8.058719 0.208553 1.000000
44.526325 -3.429062 6.716266 0.149274 1.000000
49.379761 1.229273 0.716827 0.013386 1.000000
75.828270 6.384233 11.207784 0.146766 1.000000
51.670006 -1.448539 1.691665 0.032635 1.000000
98.537895 16.676914 -15.439372 -0.152751 1.000000
50.310371 -0.249212 -0.592001 -0.011619 1.000000
51.473454 0.448121 0.333339 0.006221 1.000000
34.356167 9.568181 3.476050 0.099310 1.000000
94.397285 -31.679863 -4.021150 -0.041258 1.000000
7.466369 1.505741 -1.450786 -0.188220 1.000000
86.174721 18.586733 -3.191008 -0.036728 1.000000
54.869583 2.300768 0.037194 -0.000000 1.000000
28.909225 11.731500 -5.084014 -0.159171 1.000000
36.809044 15.499687 2.677155 0.066931 1.000000
38.247601 -2.280559 0.692599 0.018046 1.000000
44.056545 7.521348 2.466788 0.053848 1.000000
87.845901 -22.081934 13.521966 0.147708 1.000000
53.164532 -5.074010 3.253230 0.059509 1.000000
105.831833 -38.860004 0.634499 0.005628 1.000000
111.907394 22.625612 13.043324 0.113636 1.000000
32.455559 -8.213660 3.207926 0.095528 1.000000
111.740402 22.820396 -7.543971 -0.066761 1.000000
44.744057 12.384565 0.274473 0.005422 1.000000
6.230741 -2.475384 -1.885513 -0.254465 1.000000
16.339432 -10.613827 2.850094 0.149274 1.000000
8.971237 1.586341 0.689117 0.085259 1.000000
24.449314 17.520231 -2.095297 -0.070133 1.000000
111.907394 22.625612 13.043324 0.113636 1.000000
48.791180 -0.864332 -0.252784 -0.005180 1.000000
104.536903 20.880461 13.587575 0.127120 1.000000
41.180641 -7.024159 5.345129 0.127950 1.000000
30.415081 -6.855491 3.193338 0.103398 1.000000
23.995623 17.199545 2.906620 0.100904 1.000000
13.162428 6.919608 -1.676486 -0.109228 1.000000
40.054562 -8.087317 8.107755 0.194803 1.000000
64.189583 0.941282 -9.202765 -0.146117 1.000000
17.573101 -10.745297 2.787874 0.134530 1.000000
51.910198 -5.186271 -6.846736 -0.131697 1.000000
32.478016 -8.223389 3.169163 0.094580 1.000000
48.170063 9.087664 1.796017 0.036450 1.000000
24.855885 13.661743 5.607425 0.199617 1.000000
24.075714 17.259428 3.187781 0.108765 1.000000
49.067707 -0.997245 0.575487 0.011474 1.000000
117.014626 -6.070963 -4.678376 -0.039853 1.000000
78.334801 3.724758 5.889711 0.074429 1.000000
31.240992 -8.327467 2.977489 0.091833 1.000000
61.428596 0.270512 -9.971438 -0.160041 1.000000
42.970989 -8.117551 8.107740 0.183319 1.000000
53.201126 -5.127636 3.019456 0.056332 1.000000
7.188166 1.542262 -1.433497 -0.175828 1.000000
88.854111 11.612338 -10.047411 -0.112942 1.000000
22.694124 17.416941 3.278867 0.110555 1.000000
97.436081 -30.573320 9.324912 0.089439 1.000000
6.196269 -2.458162 -2.115761 -0.285273 1.000000
13.162428 6.919608 -1.676486 -0.109228 1.000000
68.119522 2.842780 -5.772778 -0.084470 1.000000
24.860098 13.660908 5.368800 0.184550 1.000000
17.684450 -12.150066 -2.834953 -0.136276 1.000000
32.548168 -8.261150 3.123868 0.093461 1.000000
10.018970 1.543540 1.771442 0.191424 1.000000
67.049515 2.407027 10.268398 0.152506 1.000000
64.902618 -23.870710 2.775292 0.038775 1.000000
55.412674 2.159871 0.550141 0.009719 1.000000
17.578114 -10.791581 2.835946 0.131953 1.000000
48.026630 -6.625968 -6.837808 -0.141470 1.000000
55.412674 2.159871 0.550141 0.009719 1.000000
37.990391 -7.470851 8.172993 0.203372 1.000000
40.113800 -8.085727 7.934066 0.192349 1.000000
9.064166 2.460889 -0.532510 -0.055096 1.000000
33.036079 -8.205146 3.186389 0.092890 1.000000
85.252167 10.216240 -9.059707 -0.105126 1.000000
28.909225 11.731500 -5.084014 -0.159171 1.000000
33.765110 15.283154 2.530695 0.065026 1.000000
78.334801 3.724758 5.889711 0.074429 1.000000
28.909225 11.731500 -5.084014 -0.159171 1.000000
58.333042 -36.797405 4.265413 0.062419 1.000000
24.855885 13.661743 5.607425 0.199617 1.000000
73.869972 5.477061 10.915352 0.146668 1.000000
64.237335 0.963493 -8.067445 -0.124253 1.000000
17.573101 -10.745297 2.787874 0.134530 1.000000
23.958992 17.231411 3.229136 0.105588 1.000000
42.955082 -8.118346 8.131553 0.182999 1.000000
105.605751 22.739553 12.331987 0.113965 1.000000
55.905666 2.401395 -1.334416 -0.024789 1.000000
71.506279 3.283927 4.920441 0.068653 1.000000
51.839088 8.975684 -7.020230 -0.132087 1.000000
0.684060 1.670576 -0.069881 -0.041488 1.000000
115.351715 21.583834 -8.419929 -0.071626 1.000000
8.724401 -3.345749 -0.593112 -0.068131 1.000000
86.174721 18.586733 -3.191008 -0.036728 1.000000
49.263592 -0.584212 0.928688 0.018652 1.000000
25.913433 -8.249332 2.830772 0.105381 1.000000
62.300392 0.196576 -8.717929 -0.140028 1.000000
97.148598 -31.343390 9.483543 0.091529 1.000000
53.114548 -5.137800 3.315666 0.062055 1.000000
75.780151 6.349792 11.436726 0.149274 1.000000
51.910198 -5.186271 -6.846736 -0.131697 1.000000
30.403759 -6.917211 3.212047 0.099602 1.000000
42.995827 -7.997718 8.366905 0.191252 1.000000
56.985672 -38.847572 4.033464 0.059072 1.000000
38.247601 -2.280559 0.692599 0.018046 1.000000
117.014626 -6.070963 -4.678376 -0.039853 1.000000
68.117805 2.857831 -5.867732 -0.085429 1.000000
14.605753 -6.372873 3.176657 0.199617 1.000000
33.968540 -28.826609 3.428649 0.076808 1.000000
9.816001 3.259550 -0.437250 -0.041828 1.000000
44.526325 -3.429062 6.716266 0.149274 1.000000
33.968540 -28.826609 3.428649 0.076808 1.000000
52.027702 -5.177500 -5.953199 -0.112491 1.000000
115.351715 21.583834 -8.419929 -0.071626 1.000000
51.605865 -1.366559 1.783616 0.034536 1.000000
43.088104 -24.724995 -3.617539 -0.070983 1.000000
8.078051 1.528153 -1.714453 -0.212587 1.000000
36.770187 -8.097171 8.113766 0.207439 1.000000
0.729024 1.661426 -0.112973 -0.060976 1.000000
49.007812 -0.861113 1.842543 0.036341 1.000000
52.027702 -5.177500 -5.953199 -0.112491 1.000000
37.990391 -7.470851 8.172993 0.203372 1.000000
49.194252 -0.105672 0.831316 0.016521 1.000000
25.857315 -8.288721 3.001509 0.110092 1.000000
114.777283 -8.468271 -6.123536 -0.052733 1.000000
41.072487 -6.956832 8.610061 0.203817 1.000000
41.217751 -7.068874 5.185817 0.123375 1.000000
41.189133 -7.089346 5.305057 0.126656 1.000000
0.499547 1.557477 -0.211111 -0.112857 1.000000
39.364998 -2.585546 0.445935 0.010602 1.000000
113.036430 8.860127 -8.851834 -0.077876 1.000000
88.985367 12.123160 -7.608041 -0.084445 1.000000
87.934921 11.857390 7.333879 0.082466 1.000000
37.323002 -8.063933 7.652405 0.199617 1.000000
87.397812 11.360063 -10.884646 -0.124253 1.000000
108.379417 -24.516327 12.471967 0.111079 1.000000
54.795040 1.439255 0.514827 0.009392 1.000000
38.278862 -2.436601 0.911249 0.022646 1.000000
30.415081 -6.855491 3.193338 0.103398 1.000000
33.405079 -8.299226 -6.712015 -0.192583 1.000000
38.278862 -2.436601 0.911249 0.022646 1.000000
62.292976 0.398675 -8.628150 -0.136264 1.000000
43.005672 -8.171260 8.062785 0.178483 1.000000
0.499547 1.557477 -0.211111 -0.112857 1.000000
58.065613 -13.153857 -7.357955 -0.121229 1.000000
37.959721 -8.045794 8.084144 0.204200 1.000000
79.633133 7.735055 -6.977293 -0.089402 1.000000
38.237743 -2.333514 0.682990 0.017623 1.000000
72.323105 3.179946 -3.308469 -0.047776 1.000000
11.612288 -7.239572 0.701651 0.051557 1.000000
64.237335 0.963493 -8.067445 -0.124253 1.000000
83.405144 10.827984 -8.893194 -0.107828 1.000000
82.102150 9.024622 -9.587658 -0.115184 1.000000
35.467838 15.034102 2.836013 0.070339 1.000000
42.539604 8.113422 -2.987828 -0.068884 1.000000
117.014626 -6.070963 -4.678376 -0.039853 1.000000
11.737291 -7.053232 0.604013 0.044081 1.000000
25.831066 -8.296380 2.904581 0.107195 1.000000
24.075714 17.259428 3.187781 0.108765 1.000000
38.268982 -15.175898 -1.352494 -0.032841 1.000000
29.756664 2.013466 -0.051702 -0.002203 1.000000
48.233883 -1.087794 0.633564 0.013144 1.000000
10.018970 1.543540 1.771442 0.191424 1.000000
112.013412 22.278337 13.054001 0.113807 1.000000
32.478016 -8.223389 3.169163 0.094580 1.000000
24.967327 13.633677 5.492045 0.196938 1.000000
106.764702 10.696161 -9.598312 -0.088977 1.000000
57.843567 -1.898449 -2.147946 -0.036765 1.000000
11.612288 -7.239572 0.701651 0.051557 1.000000
82.102150 9.024622 -9.587658 -0.115184 1.000000
1.376339 -2.460518 -0.175319 -0.058017 1.000000
48.958107 -0.938954 0.644913 0.013180 1.000000
88.985367 12.123160 -7.608041 -0.084445 1.000000
82.486397 -17.774540 -3.593374 -0.043342 1.000000
25.780186 -8.253304 3.068606 0.114014 1.000000
41.072487 -6.956832 8.610061 0.203817 1.000000
49.082893 -0.631167 0.586812 0.011304 1.000000
40.773232 -8.028323 -7.352224 -0.181190 1.000000
116.351562 24.812664 -7.683084 -0.064723 1.000000
5.728629 2.059357 -1.341828 -0.195210 1.000000
106.818130 9.672832 -8.782997 -0.081458 1.000000
115.453484 24.326361 -6.678868 -0.058066 1.000000
52.027702 -5.177500 -5.953199 -0.112491 1.000000
32.455559 -8.213660 3.207926 0.095528 1.000000
62.292976 0.398675 -8.628150 -0.136264 1.000000
51.605865 -1.366559 1.783616 0.034536 1.000000
97.436081 -30.573320 9.324912 0.089439 1.000000
49.379761 1.229273 0.716827 0.013386 1.000000
51.839088 8.975684 -7.020230 -0.132087 1.000000
42.955082 -8.118346 8.131553 0.182999 1.000000
42.955082 -8.118346 8.131553 0.182999 1.000000
89.590019 12.586737 -7.338620 -0.083049 1.000000
67.021416 2.409827 10.494543 0.155225 1.000000
30.423540 -6.956068 3.091754 0.097036 1.000000
9.552469 -2.434142 -0.680774 -0.065026 1.000000
17.684450 -12.150066 -2.834953 -0.136276 1.000000
48.205254 8.945941 1.750972 0.035869 1.000000
38.380009 -6.681514 7.992486 0.203384 1.000000
111.846420 23.054611 13.341148 0.116548 1.000000
108.750000 -24.391588 -9.759274 -0.086523 1.000000
60.111664 -6.666954 3.561670 0.058648 1.000000
14.618764 -6.384148 3.188681 0.194310 1.000000
51.703503 -1.499959 1.885750 0.035917 1.000000
38.310661 -2.289340 0.717219 0.017611 1.000000
51.839088 8.975684 -7.020230 -0.132087 1.000000
34.399467 -28.252522 3.553062 0.080195 1.000000
105.605751 22.739553 12.331987 0.113965 1.000000
30.372236 -6.911862 3.154778 0.101706 1.000000
17.561108 -10.745132 2.853750 0.139600 1.000000
25.831066 -8.296380 2.904581 0.107195 1.000000
10.096965 1.573217 -0.049472 -0.004841 1.000000
106.121658 30.254606 -4.829409 -0.044117 1.000000
67.049515 2.407027 10.268398 0.152506 1.000000
29.707764 1.931712 -0.149924 -0.005422 1.000000
41.156109 -7.091397 5.479876 0.128767 1.000000
68.119522 2.842780 -5.772778 -0.084470 1.000000
75.816040 6.348292 11.399290 0.149274 1.000000
43.005672 -8.171260 8.062785 0.178483 1.000000
82.195602 8.665672 -11.030718 -0.134237 1.000000
50.172649 -0.090162 0.239623 0.004817 1.000000
3.221654 2.991225 -0.737487 -0.154539 1.000000
55.797028 2.469412 0.319062 0.005713 1.000000
39.364998 -2.585546 0.445935 0.010602 1.000000
9.032578 1.666003 0.737042 0.090277 1.000000
17.581247 -10.752484 2.801451 0.136020 1.000000
5.937646 2.225060 0.090114 0.019184 1.000000
30.345793 -6.937937 3.119021 0.100295 1.000000
6.940526 1.536848 -1.370358 -0.197827 1.000000
23.683056 17.559460 2.750459 0.091286 1.000000
82.102150 9.024622 -9.587658 -0.115184 1.000000
8.212752 -4.550565 -0.529537 -0.060636 1.000000
41.329906 -8.231211 8.243843 0.189193 1.000000
75.828270 6.384233 11.207784 0.146766 1.000000
53.094513 -5.220448 3.322241 0.061546 1.000000
11.612288 -7.239572 0.701651 0.051557 1.000000
53.414249 -4.474402 -5.723379 -0.108595 1.000000
87.199387 11.531715 7.779128 0.088211 1.000000
41.189133 -7.089346 5.305057 0.126656 1.000000
55.799606 2.305403 0.571777 0.009900 1.000000
33.083454 -8.191341 3.122561 0.091711 1.000000
82.486397 -17.774540 -3.593374 -0.043342 1.000000
25.913433 -8.249332 2.830772 0.105381 1.000000
44.526325 -3.429062 6.716266 0.149274 1.000000
17.562504 -10.741355 2.827848 0.133675 1.000000
97.724426 15.935667 11.595011 0.114782 1.000000
24.920300 17.404839 3.430035 0.107584 1.000000
104.063751 18.845240 11.461429 0.107511 1.000000
75.780151 6.349792 11.436726 0.149274 1.000000
38.627243 -2.282400 0.614509 0.015880 1.000000
30.403759 -6.917211 3.212047 0.099602 1.000000
8.078051 1.528153 -1.714453 -0.212587 1.000000
104.102448 18.733389 11.438397 0.107280 1.000000
82.289993 9.330230 -8.503761 -0.101877 1.000000
106.121658 30.254606 -4.829409 -0.044117 1.000000
7.188166 1.542262 -1.433497 -0.175828 1.000000
33.063370 -8.284370 3.107654 0.090921 1.000000
16.339432 -10.613827 2.850094 0.149274 1.000000
30.345793 -6.937937 3.119021 0.100295 1.000000
29.819811 1.920756 -0.009421 -0.001392 1.000000
11.630069 -7.821727 0.720891 0.052599 1.000000
41.335674 -7.045012 -5.461098 -0.132539 1.000000
17.581247 -10.752484 2.801451 0.136020 1.000000
102.573944 -39.241722 -0.514801 -0.005531 1.000000
23.982763 17.286470 2.758422 0.093036 1.000000
33.083454 -8.191341 3.122561 0.091711 1.000000
8.125481 1.522751 -4.095673 -0.434123 1.000000
50.350704 -0.242290 0.488177 0.009029 1.000000
49.379761 1.229273 0.716827 0.013386 1.000000
13.619055 -6.458251 3.165465 0.203730 1.000000
42.995827 -7.997718 8.366905 0.191252 1.000000
23.958992 17.231411 3.229136 0.105588 1.000000
51.801247 -1.417142 1.984727 0.037734 1.000000
84.780357 -20.531723 12.465128 0.141433 1.000000
8.125481 1.522751 -4.095673 -0.434123 1.000000
33.765110 15.283154 2.530695 0.065026 1.000000
44.744057 12.384565 0.274473 0.005422 1.000000
17.578114 -10.791581 2.835946 0.131953 1.000000
32.478016 -8.223389 3.169163 0.094580 1.000000
90.182274 12.663562 -9.734802 -0.107706 1.000000
114.777283 -8.468271 -6.123536 -0.052733 1.000000
10.096965 1.573217 -0.049472 -0.004841 1.000000
49.328384 1.355302 0.709259 0.014306 1.000000
50.172649 -0.090162 0.239623 0.004817 1.000000
2.920059 -2.503109 0.582972 0.170397 1.000000
81.043488 8.228286 -9.175671 -0.114855 1.000000
17.636116 -10.714301 2.868999 0.141641 1.000000
104.658974 -33.431278 0.639622 0.006136 1.000000
89.518646 12.651774 -8.087431 -0.089669 1.000000
59.052372 -35.695618 4.103183 0.059933 1.000000
24.956165 12.937984 -6.015664 -0.207192 1.000000
41.384281 -8.050478 8.295639 0.191807 1.000000
33.765110 15.283154 2.530695 0.065026 1.000000
51.910198 -5.186271 -6.846736 -0.131697 1.000000
37.959721 -8.045794 8.084144 0.204200 1.000000
88.985367 12.123160 -7.608041 -0.084445 1.000000
58.333042 -36.797405 4.265413 0.062419 1.000000
47.446114 0.425254 0.897911 0.018434 1.000000
17.684450 -12.150066 -2.834953 -0.136276 1.000000
0.499547 1.557477 -0.211111 -0.112857 1.000000
72.263206 3.824953 -3.278991 -0.046371 1.000000
97.436081 -30.573320 9.324912 0.089439 1.000000
104.089005 -36.736595 -0.694659 -0.005640 1.000000
26.949240 2.077172 0.482274 0.017477 1.000000
113.036430 8.860127 -8.851834 -0.077876 1.000000
41.329906 -8.231211 8.243843 0.189193 1.000000
17.562504 -10.741355 2.827848 0.133675 1.000000
78.037979 7.510968 -10.198326 -0.132319 1.000000
0.499547 1.557477 -0.211111 -0.112857 1.000000
109.645447 23.296814 14.282317 0.126778 1.000000
37.363373 17.303190 2.227746 0.052211 1.000000
89.590019 12.586737 -7.338620 -0.083049 1.000000
49.319473 0.999750 0.681277 0.013810 1.000000
48.233883 -1.087794 0.633564 0.013144 1.000000
25.913433 -8.249332 2.830772 0.105381 1.000000
9.049459 -4.629760 -0.659824 -0.072135 1.000000
103.227722 -37.622242 -0.910907 -0.008291 1.000000
13.619055 -6.458251 3.165465 0.203730 1.000000
53.414249 -4.474402 -5.723379 -0.108595 1.000000
112.178558 22.883001 -10.105110 -0.088345 1.000000
23.907694 7.358540 -1.946587 -0.076941 1.000000
23.982763 17.286470 2.758422 0.093036 1.000000
103.332016 47.331516 5.332474 0.045195 1.000000
24.150955 17.593790 -2.372528 -0.079236 1.000000
51.473454 0.448121 0.333339 0.006221 1.000000
87.432320 11.665286 7.423949 0.082405 1.000000
2.977697 -2.514168 0.616206 0.129695 1.000000
111.846420 23.054611 13.341148 0.116548 1.000000
24.855885 13.661743 5.607425 0.199617 1.000000
24.956165 12.937984 -6.015664 -0.207192 1.000000
69.544945 7.235696 4.922876 0.070291 1.000000
83.405144 10.827984 -8.893194 -0.107828 1.000000
23.958992 17.231411 3.229136 0.105588 1.000000
17.579945 -10.753022 2.817670 0.134823 1.000000
72.263206 3.824953 -3.278991 -0.046371 1.000000
36.123302 -7.935747 8.013398 0.208441 1.000000
62.300392 0.196576 -8.717929 -0.140028 1.000000
8.125481 1.522751 -4.095673 -0.434123 1.000000
53.094513 -5.220448 3.322241 0.061546 1.000000
6.230741 -2.475384 -1.885513 -0.254465 1.000000
33.065224 -8.221286 3.212916 0.091517 1.000000
33.063370 -8.284370 3.107654 0.090921 1.000000
41.119091 -17.656967 2.545530 0.056381 1.000000
108.379417 -24.516327 12.471967 0.111079 1.000000
32.486008 -8.210113 3.311382 0.095856 1.000000
81.043488 8.228286 -9.175671 -0.114855 1.000000
24.855885 13.661743 5.607425 0.199617 1.000000
0.499547 1.557477 -0.211111 -0.112857 1.000000
85.988991 -53.982296 -12.642245 -0.122070 1.000000
71.506279 3.283927 4.920441 0.068653 1.000000
37.989689 6.485587 1.193384 0.029874 1.000000
30.346809 -6.986968 3.102797 0.099310 1.000000
23.564356 17.877392 2.327752 0.079891 1.000000
0.729024 1.661426 -0.112973 -0.060976 1.000000
30.940792 -8.160157 2.902506 0.090459 1.000000
42.933327 -8.149559 8.235343 0.183984 1.000000
112.013412 22.278337 13.054001 0.113807 1.000000
89.518646 12.651774 -8.087431 -0.089669 1.000000
104.102448 18.733389 11.438397 0.107280 1.000000
42.933327 -8.149559 8.235343 0.183984 1.000000
0.690118 -2.409452 -0.207883 -0.077427 1.000000
9.433116 -2.572425 -0.402454 -0.042579 1.000000
35.984459 18.293102 2.320360 0.058211 1.000000
29.756664 2.013466 -0.051702 -0.002203 1.000000
79.633133 7.735055 -6.977293 -0.089402 1.000000
41.335674 -7.045012 -5.461098 -0.132539 1.000000
30.415081 -6.855491 3.193338 0.103398 1.000000
36.123302 -7.935747 8.013398 0.208441 1.000000
23.755505 18.174511 -2.445627 -0.081980 1.000000
23.982763 17.286470 2.758422 0.093036 1.000000
17.684450 -12.150066 -2.834953 -0.136276 1.000000
24.920300 17.404839 3.430035 0.107584 1.000000
26.962093 2.067751 0.427150 0.015795 1.000000
34.423546 8.904533 3.266654 0.092489 1.000000
41.384281 -8.050478 8.295639 0.191807 1.000000
1.854255 1.635378 -0.650324 -0.238594 1.000000
41.179329 -7.032574 5.537904 0.131147 1.000000
55.797028 2.469412 0.319062 0.005713 1.000000
98.537895 16.676914 -15.439372 -0.152751 1.000000
5.728629 2.059357 -1.341828 -0.195210 1.000000
37.363705 -8.038722 8.298800 0.209035 1.000000
2.977697 -2.514168 0.616206 0.129695 1.000000
59.052372 -35.695618 4.103183 0.059933 1.000000
111.351524 21.875883 12.909292 0.113478 1.000000
9.032578 1.666003 0.737042 0.090277 1.000000
0.980372 -2.347739 0.530238 0.181759 1.000000
85.988991 -53.982296 -12.642245 -0.122070 1.000000
30.403759 -6.917211 3.212047 0.099602 1.000000
51.801247 -1.417142 1.984727 0.037734 1.000000
49.379761 1.229273 0.716827 0.013386 1.000000
88.878471 11.792668 -10.189872 -0.115659 1.000000
14.618764 -6.384148 3.188681 0.194310 1.000000
23.564356 17.877392 2.327752 0.079891 1.000000
45.551620 -1.864626 0.351571 0.007419 1.000000
54.795040 1.439255 0.514827 0.009392 1.000000
42.964916 -8.109105 8.073579 0.183294 1.000000
1.372920 -2.454065 -0.717030 -0.216254 1.000000
22.694124 17.416941 3.278867 0.110555 1.000000
37.425823 -8.019426 8.058719 0.208553 1.000000
87.934921 11.857390 7.333879 0.082466 1.000000
111.907394 22.625612 13.043324 0.113636 1.000000
23.564356 17.877392 2.327752 0.079891 1.000000
106.764702 10.696161 -9.598312 -0.088977 1.000000
60.047562 -6.490452 3.907191 0.063801 1.000000
84.721710 -20.837915 12.496354 0.142265 1.000000
56.985672 -38.847572 4.033464 0.059072 1.000000
84.780357 -20.531723 12.465128 0.141433 1.000000
3.515050 1.997622 -0.770404 -0.188294 1.000000
22.694124 17.416941 3.278867 0.110555 1.000000
32.455559 -8.213660 3.207926 0.095528 1.000000
84.521400 -57.165905 3.928152 0.039429 1.000000
41.180641 -7.024159 5.345129 0.127950 1.000000
44.744057 12.384565 0.274473 0.005422 1.000000
38.380009 -6.681514 7.992486 0.203384 1.000000
54.795040 1.439255 0.514827 0.009392 1.000000
40.054562 -8.087317 8.107755 0.194803 1.000000
83.405144 10.827984 -8.893194 -0.107828 1.000000
104.102448 18.733389 11.438397 0.107280 1.000000
106.121658 30.254606 -4.829409 -0.044117 1.000000
85.252167 10.216240 -9.059707 -0.105126 1.000000
17.581247 -10.752484 2.801451 0.136020 1.000000
6.069611 2.770713 0.093395 0.018785 1.000000
69.544945 7.235696 4.922876 0.070291 1.000000
9.831265 3.211275 -0.623366 -0.060200 1.000000
97.148598 -31.343390 9.483543 0.091529 1.000000
35.540379 -28.240290 -2.118858 -0.045438 1.000000
53.414249 -4.474402 -5.723379 -0.108595 1.000000
37.959721 -8.045794 8.084144 0.204200 1.000000
36.832489 -7.985782 7.881530 0.206153 1.000000
0.708532 1.664291 -0.153135 -0.083061 1.000000
30.423540 -6.956068 3.091754 0.097036 1.000000
33.065224 -8.221286 3.212916 0.091517 1.000000
37.323002 -8.063933 7.652405 0.199617 1.000000
7.188166 1.542262 -1.433497 -0.175828 1.000000
44.056545 7.521348 2.466788 0.053848 1.000000
40.054562 -8.087317 8.107755 0.194803 1.000000
67.049515 2.407027 10.268398 0.152506 1.000000
1.854255 1.635378 -0.650324 -0.238594 1.000000
39.364998 -2.585546 0.445935 0.010602 1.000000
67.021416 2.409827 10.494543 0.155225 1.000000
51.801247 -1.417142 1.984727 0.037734 1.000000
48.205254 8.945941 1.750972 0.035869 1.000000
3.506966 1.964337 -0.709930 -0.158117 1.000000
115.351715 21.583834 -8.419929 -0.071626 1.000000
98.537895 16.676914 -15.439372 -0.152751 1.000000
9.064166 2.460889 -0.532510 -0.055096 1.000000
29.819811 1.920756 -0.009421 -0.001392 1.000000
97.724426 15.935667 11.595011 0.114782 1.000000
62.292976 0.398675 -8.628150 -0.136264 1.000000
37.959721 -8.045794 8.084144 0.204200 1.000000
84.521400 -57.165905 3.928152 0.039429 1.000000
112.013412 22.278337 13.054001 0.113807 1.000000
33.968540 -28.826609 3.428649 0.076808 1.000000
9.552469 -2.434142 -0.680774 -0.065026 1.000000
33.405079 -8.299226 -6.712015 -0.192583 1.000000
24.855885 13.661743 5.607425 0.199617 1.000000
49.089195 -0.614585 0.073604 -0.000000 1.000000
17.573101 -10.745297 2.787874 0.134530 1.000000
49.089195 -0.614585 0.073604 -0.000000 1.000000
42.937004 -8.046314 8.320633 0.189575 1.000000
3.515050 1.997622 -0.770404 -0.188294 1.000000
9.933353 3.204889 -0.622818 -0.060685 1.000000
77.752281 7.254685 11.842479 0.149898 1.000000
87.199387 11.531715 7.779128 0.088211 1.000000
53.094513 -5.220448 3.322241 0.061546 1.000000
102.573944 -39.241722 -0.514801 -0.005531 1.000000
41.354721 -8.137328 7.822716 0.182568 1.000000
25.828360 -8.210177 2.979876 0.107450 1.000000
37.363705 -8.038722 8.298800 0.209035 1.000000
26.949240 2.077172 0.482274 0.017477 1.000000
83.405144 10.827984 -8.893194 -0.107828 1.000000
85.988991 -53.982296 -12.642245 -0.122070 1.000000
32.470512 -8.219529 3.225610 0.095528 1.000000
38.228760 -2.338219 0.822067 0.021000 1.000000
30.345793 -6.937937 3.119021 0.100295 1.000000
36.809044 15.499687 2.677155 0.066931 1.000000
72.263206 3.824953 -3.278991 -0.046371 1.000000
86.174721 18.586733 -3.191008 -0.036728 1.000000
51.910198 -5.186271 -6.846736 -0.131697 1.000000
9.032578 1.666003 0.737042 0.090277 1.000000
41.097408 -6.998685 7.814995 0.184291 1.000000
55.799606 2.305403 0.571777 0.009900 1.000000
55.905666 2.401395 -1.334416 -0.024789 1.000000
30.346809 -6.986968 3.102797 0.099310 1.000000
7.320195 5.054498 -0.543274 -0.064517 1.000000
87.432320 11.665286 7.423949 0.082405 1.000000
42.014965 -2.741782 0.273342 0.006173 1.000000
98.584480 20.268667 10.522474 0.104128 1.000000
17.579945 -10.753022 2.817670 0.134823 1.000000
73.869972 5.477061 10.915352 0.146668 1.000000
118.879578 -6.429006 -6.448445 -0.056417 1.000000
77.318085 4.451296 5.383815 0.069405 1.000000
88.878471 11.792668 -10.189872 -0.115659 1.000000
84.721710 -20.837915 12.496354 0.142265 1.000000
2.977697 -2.514168 0.616206 0.129695 1.000000
9.433116 -2.572425 -0.402454 -0.042579 1.000000
9.831265 3.211275 -0.623366 -0.060200 1.000000
32.462570 -8.217292 3.241225 0.095030 1.000000
42.539604 8.113422 -2.987828 -0.068884 1.000000
75.828270 6.384233 11.207784 0.146766 1.000000
36.140255 -27.726528 -1.705719 -0.036014 1.000000
36.402351 17.881870 -1.851434 -0.046177 1.000000
104.102448 18.733389 11.438397 0.107280 1.000000
8.732234 1.522872 -1.625076 -0.193410 1.000000
36.373737 -8.231645 -6.725705 -0.185067 1.000000
0.684060 1.670576 -0.069881 -0.041488 1.000000
87.934921 11.857390 7.333879 0.082466 1.000000
33.105797 -8.295620 3.372316 0.099310 1.000000
34.423546 8.904533 3.266654 0.092489 1.000000
30.415081 -6.855491 3.193338 0.103398 1.000000
60.111664 -6.666954 3.561670 0.058648 1.000000
31.240992 -8.327467 2.977489 0.091833 1.000000
33.405079 -8.299226 -6.712015 -0.192583 1.000000
49.379761 1.229273 0.716827 0.013386 1.000000
106.818130 9.672832 -8.782997 -0.081458 1.000000
91.029373 41.658382 4.546816 0.043645 1.000000
43.088104 -24.724995 -3.617539 -0.070983 1.000000
33.044800 -8.238375 3.244482 0.093571 1.000000
54.869583 2.300768 0.037194 -0.000000 1.000000
87.901665 11.606378 7.995669 0.089001 1.000000
0.729024 1.661426 -0.112973 -0.060976 1.000000
60.390141 -7.364700 3.905788 0.063256 1.000000
84.721710 -20.837915 12.496354 0.142265 1.000000
5.938912 2.329871 0.158177 0.024789 1.000000
106.818130 9.672832 -8.782997 -0.081458 1.000000
3.329580 -2.403755 -1.158872 -0.237610 1.000000
10.018970 1.543540 1.771442 0.191424 1.000000
72.310440 3.416611 -3.215978 -0.044396 1.000000
25.780186 -8.253304 3.068606 0.114014 1.000000
53.201126 -5.127636 3.019456 0.056332 1.000000
23.340130 16.151020 -2.161114 -0.076007 1.000000
90.182274 12.663562 -9.734802 -0.107706 1.000000
55.905666 2.401395 -1.334416 -0.024789 1.000000
33.105797 -8.295620 3.372316 0.099310 1.000000
55.412674 2.159871 0.550141 0.009719 1.000000
40.773232 -8.028323 -7.352224 -0.181190 1.000000
39.239105 -8.025702 8.003252 0.196123 1.000000
9.945059 1.527866 2.249818 0.200555 1.000000
64.902618 -23.870710 2.775292 0.038775 1.000000
9.064166 2.460889 -0.532510 -0.055096 1.000000
108.379417 -24.516327 12.471967 0.111079 1.000000
102.573944 -39.241722 -0.514801 -0.005531 1.000000
59.143200 5.858803 -10.134350 -0.168101 1.000000
50.350704 -0.242290 0.488177 0.009029 1.000000
30.372236 -6.911862 3.154778 0.101706 1.000000
81.043488 8.228286 -9.175671 -0.114855 1.000000
7.320195 5.054498 -0.543274 -0.064517 1.000000
103.957306 19.169643 11.500583 0.108570 1.000000
88.318451 11.575707 -7.850085 -0.088369 1.000000
88.256920 11.830049 -7.600081 -0.084931 1.000000
41.384281 -8.050478 8.295639 0.191807 1.000000
88.748405 11.635594 -10.124846 -0.113186 1.000000
11.578484 -7.312274 0.672704 0.049594 1.000000
53.114548 -5.137800 3.315666 0.062055 1.000000
37.990391 -7.470851 8.172993 0.203372 1.000000
3.515050 1.997622 -0.770404 -0.188294 1.000000
117.014626 -6.070963 -4.678376 -0.039853 1.000000
27.366158 -8.065288 -4.860991 -0.176470 1.000000
82.289993 9.330230 -8.503761 -0.101877 1.000000
24.860098 13.660908 5.368800 0.184550 1.000000
9.933353 3.204889 -0.622818 -0.060685 1.000000
51.828327 -1.433645 1.937041 0.036474 1.000000
111.846420 23.054611 13.341148 0.116548 1.000000
30.159863 14.941144 -4.404256 -0.129280 1.000000
3.393763 2.851405 -0.723264 -0.145273 1.000000
32.456547 -8.196146 3.084320 0.092258 1.000000
24.449314 17.520231 -2.095297 -0.070133 1.000000
26.949240 2.077172 0.482274 0.017477 1.000000
75.794159 6.305761 11.352696 0.147573 1.000000
118.879578 -6.429006 -6.448445 -0.056417 1.000000
8.379103 1.511723 1.739867 0.194002 1.000000
3.329580 -2.403755 -1.158872 -0.237610 1.000000
82.102150 9.024622 -9.587658 -0.115184 1.000000
42.964916 -8.109105 8.073579 0.183294 1.000000
3.393763 2.851405 -0.723264 -0.145273 1.000000
11.612288 -7.239572 0.701651 0.051557 1.000000
32.455559 -8.213660 3.207926 0.095528 1.000000
9.068686 2.474808 -0.642938 -0.068289 1.000000
1.088779 1.713943 -0.222226 -0.109009 1.000000
27.617287 12.272581 5.591891 0.182962 1.000000
34.399467 -28.252522 3.553062 0.080195 1.000000
49.007812 -0.861113 1.842543 0.036341 1.000000
6.069611 2.770713 0.093395 0.018785 1.000000
9.825511 3.223441 -0.596204 -0.056320 1.000000
48.555374 -1.066330 0.852317 0.017199 1.000000
51.605865 -1.366559 1.783616 0.034536 1.000000
104.102448 18.733389 11.438397 0.107280 1.000000
27.366158 -8.065288 -4.860991 -0.176470 1.000000
89.518646 12.651774 -8.087431 -0.089669 1.000000
22.427803 17.498398 -2.160237 -0.076298 1.000000
11.612288 -7.239572 0.701651 0.051557 1.000000
59.143200 5.858803 -10.134350 -0.168101 1.000000
118.971519 -5.797903 -9.914443 -0.082611 1.000000
111.907394 22.625612 13.043324 0.113636 1.000000
71.506279 3.283927 4.920441 0.068653 1.000000
43.005672 -8.171260 8.062785 0.178483 1.000000
33.105797 -8.295620 3.372316 0.099310 1.000000
36.373737 -8.231645 -6.725705 -0.185067 1.000000
88.318451 11.575707 -7.850085 -0.088369 1.000000
73.869972 5.477061 10.915352 0.146668 1.000000
41.097408 -6.998685 7.814995 0.184291 1.000000
38.247601 -2.280559 0.692599 0.018046 1.000000
9.945059 1.527866 2.249818 0.200555 1.000000
66.989502 2.402184 10.631860 0.157724 1.000000
8.971237 1.586341 0.689117 0.085259 1.000000
30.372236 -6.911862 3.154778 0.101706 1.000000
39.239105 -8.025702 8.003252 0.196123 1.000000
41.189133 -7.089346 5.305057 0.126656 1.000000
108.379417 -24.516327 12.471967 0.111079 1.000000
7.320195 5.054498 -0.543274 -0.064517 1.000000
49.177280 1.226026 0.970421 0.019257 1.000000
30.940792 -8.160157 2.902506 0.090459 1.000000
53.414249 -4.474402 -5.723379 -0.108595 1.000000
78.334801 3.724758 5.889711 0.074429 1.000000
11.612288 -7.239572 0.701651 0.051557 1.000000
9.068686 2.474808 -0.642938 -0.068289 1.000000
49.089195 -0.614585 0.073604 -0.000000 1.000000
42.539604 8.113422 -2.987828 -0.068884 1.000000
51.789181 -1.355712 1.814713 0.034585 1.000000
38.837959 -2.250540 0.633906 0.015698 1.000000
3.221654 2.991225 -0.737487 -0.154539 1.000000
32.486008 -8.210113 3.311382 0.095856 1.000000
10.051763 3.090844 -0.622059 -0.063935 1.000000
59.498276 38.041367 -4.781896 -0.067610 1.000000
51.774452 -1.460063 2.046177 0.038303 1.000000
85.252167 10.216240 -9.059707 -0.105126 1.000000
34.356167 9.568181 3.476050 0.099310 1.000000
51.670006 -1.448539 1.691665 0.032635 1.000000
88.878471 11.792668 -10.189872 -0.115659 1.000000
54.869583 2.300768 0.037194 -0.000000 1.000000
42.995827 -7.997718 8.366905 0.191252 1.000000
31.240992 -8.327467 2.977489 0.091833 1.000000
37.046398 18.111015 3.327986 0.078313 1.000000
8.318915 -4.548523 -0.581070 -0.063401 1.000000
67.021416 2.409827 10.494543 0.155225 1.000000
41.072487 -6.956832 8.610061 0.203817 1.000000
59.976124 -6.299866 3.924016 0.063765 1.000000
17.581247 -10.752484 2.801451 0.136020 1.000000
53.164532 -5.074010 3.253230 0.059509 1.000000
87.432320 11.665286 7.423949 0.082405 1.000000
8.833114 1.541130 1.484662 0.184377 1.000000
104.089005 -36.736595 -0.694659 -0.005640 1.000000
104.102448 18.733389 11.438397 0.107280 1.000000
36.699806 -8.030734 7.908336 0.208540 1.000000
42.014965 -2.741782 0.273342 0.006173 1.000000
25.857315 -8.288721 3.001509 0.110092 1.000000
43.339725 -24.316402 -3.352873 -0.065754 1.000000
49.328384 1.355302 0.709259 0.014306 1.000000
49.319473 0.999750 0.681277 0.013810 1.000000
31.240992 -8.327467 2.977489 0.091833 1.000000
51.910198 -5.186271 -6.846736 -0.131697 1.000000
2.950062 -2.533593 0.560345 0.134371 1.000000
8.078051 1.528153 -1.714453 -0.212587 1.000000
9.033126 2.468113 -0.583255 -0.059824 1.000000
36.832489 -7.985782 7.881530 0.206153 1.000000
9.842698 3.194548 -0.571481 -0.054551 1.000000
85.988991 -53.982296 -12.642245 -0.122070 1.000000
45.063473 9.778090 3.889621 0.084713 1.000000
25.857315 -8.288721 3.001509 0.110092 1.000000
48.791180 -0.864332 -0.252784 -0.005180 1.000000
104.536903 20.880461 13.587575 0.127120 1.000000
87.845901 -22.081934 13.521966 0.147708 1.000000
1.038294 -2.450607 -0.269178 -0.093680 1.000000
41.348499 -8.128679 8.107489 0.190072 1.000000
23.958992 17.231411 3.229136 0.105588 1.000000
34.720119 20.747904 2.070725 0.052611 1.000000
59.337429 -5.177285 3.623355 0.060758 1.000000
49.319473 0.999750 0.681277 0.013810 1.000000
106.764702 10.696161 -9.598312 -0.088977 1.000000
49.379761 1.229273 0.716827 0.013386 1.000000
48.233883 -1.087794 0.633564 0.013144 1.000000
37.363705 -8.038722 8.298800 0.209035 1.000000
49.263592 -0.584212 0.928688 0.018652 1.000000
24.956165 12.937984 -6.015664 -0.207192 1.000000
68.119522 2.842780 -5.772778 -0.084470 1.000000
72.310440 3.416611 -3.215978 -0.044396 1.000000
58.333042 -36.797405 4.265413 0.062419 1.000000
51.910198 -5.186271 -6.846736 -0.131697 1.000000
0.649421 1.671542 -0.097345 -0.054745 1.000000
25.294079 4.589551 0.056940 0.001707 1.000000
26.949240 2.077172 0.482274 0.017477 1.000000
0.499547 1.557477 -0.211111 -0.112857 1.000000
89.518646 12.651774 -8.087431 -0.089669 1.000000
106.121658 30.254606 -4.829409 -0.044117 1.000000
8.318915 -4.548523 -0.581070 -0.063401 1.000000
24.347071 16.458920 2.505158 0.083401 1.000000
32.548168 -8.261150 3.123868 0.093461 1.000000
68.119522 2.842780 -5.772778 -0.084470 1.000000
75.798790 6.387722 11.226656 0.146888 1.000000
9.825511 3.223441 -0.596204 -0.056320 1.000000
54.795040 1.439255 0.514827 0.009392 1.000000
44.056545 7.521348 2.466788 0.053848 1.000000
89.590019 12.586737 -7.338620 -0.083049 1.000000
97.148598 -31.343390 9.483543 0.091529 1.000000
38.837959 -2.250540 0.633906 0.015698 1.000000
49.301620 1.038450 0.782781 0.015359 1.000000
5.805839 1.801922 -1.135727 -0.184698 1.000000
6.196269 -2.458162 -2.115761 -0.285273 1.000000
26.998199 1.905910 0.264284 0.009150 1.000000
57.740101 -15.219778 4.873886 0.080814 1.000000
27.617287 12.272581 5.591891 0.182962 1.000000
117.014626 -6.070963 -4.678376 -0.039853 1.000000
9.068686 2.474808 -0.642938 -0.068289 1.000000
49.301620 1.038450 0.782781 0.015359 1.000000
24.884422 13.660999 5.551052 0.188220 1.000000
81.043488 8.228286 -9.175671 -0.114855 1.000000
48.958107 -0.938954 0.644913 0.013180 1.000000
82.102150 9.024622 -9.587658 -0.115184 1.000000
66.989502 2.402184 10.631860 0.157724 1.000000
54.869583 2.300768 0.037194 -0.000000 1.000000
9.032578 1.666003 0.737042 0.090277 1.000000
33.968540 -28.826609 3.428649 0.076808 1.000000
55.799606 2.305403 0.571777 0.009900 1.000000
23.564356 17.877392 2.327752 0.079891 1.000000
64.219376 0.971686 -8.791983 -0.136044 1.000000
49.379761 1.229273 0.716827 0.013386 1.000000
41.329906 -8.231211 8.243843 0.189193 1.000000
24.449314 17.520231 -2.095297 -0.070133 1.000000
107.606834 -13.387894 -17.961611 -0.166272 1.000000
64.189583 0.941282 -9.202765 -0.146117 1.000000
88.256920 11.830049 -7.600081 -0.084931 1.000000
106.818130 9.672832 -8.782997 -0.081458 1.000000
40.773232 -8.028323 -7.352224 -0.181190 1.000000
48.445057 -0.867312 0.373221 0.007431 1.000000
55.847141 2.458709 0.356372 0.006354 1.000000
23.995623 17.199545 2.906620 0.100904 1.000000
40.113800 -8.085727 7.934066 0.192349 1.000000
30.159863 14.941144 -4.404256 -0.129280 1.000000
111.846420 23.054611 13.341148 0.116548 1.000000
33.036079 -8.205146 3.186389 0.092890 1.000000
48.958107 -0.938954 0.644913 0.013180 1.000000
32.478016 -8.223389 3.169163 0.094580 1.000000
48.791180 -0.864332 -0.252784 -0.005180 1.000000
9.933353 3.204889 -0.622818 -0.060685 1.000000
113.036430 8.860127 -8.851834 -0.077876 1.000000
9.033126 2.468113 -0.583255 -0.059824 1.000000
41.348499 -8.128679 8.107489 0.190072 1.000000
111.846420 23.054611 13.341148 0.116548 1.000000
85.988991 -53.982296 -12.642245 -0.122070 1.000000
36.832489 -7.985782 7.881530 0.206153 1.000000
54.869583 2.300768 0.037194 -0.000000 1.000000
103.227722 -37.622242 -0.910907 -0.008291 1.000000
41.354721 -8.137328 7.822716 0.182568 1.000000
86.314400 10.446065 -10.059944 -0.116548 1.000000
8.212752 -4.550565 -0.529537 -0.060636 1.000000
8.078051 1.528153 -1.714453 -0.212587 1.000000
27.366158 -8.065288 -4.860991 -0.176470 1.000000
10.096965 1.573217 -0.049472 -0.004841 1.000000
9.825511 3.223441 -0.596204 -0.056320 1.000000
66.989502 2.402184 10.631860 0.157724 1.000000
67.049515 2.407027 10.268398 0.152506 1.000000
48.555374 -1.066330 0.852317 0.017199 1.000000
0.684060 1.670576 -0.069881 -0.041488 1.000000
72.334297 3.587036 -3.441220 -0.049594 1.000000
48.233883 -1.087794 0.633564 0.013144 1.000000
54.869583 2.300768 0.037194 -0.000000 1.000000
106.627579 -37.156574 -0.401817 -0.002917 1.000000
17.579945 -10.753022 2.817670 0.134823 1.000000
62.256622 0.119266 -8.635942 -0.140003 1.000000
37.945053 -8.089889 8.197487 0.209245 1.000000
66.989502 2.402184 10.631860 0.157724 1.000000
53.114548 -5.137800 3.315666 0.062055 1.000000
56.985672 -38.847572 4.033464 0.059072 1.000000
3.393763 2.851405 -0.723264 -0.145273 1.000000
72.323105 3.179946 -3.308469 -0.047776 1.000000
103.957306 19.169643 11.500583 0.108570 1.000000
94.397285 -31.679863 -4.021150 -0.041258 1.000000
9.933353 3.204889 -0.622818 -0.060685 1.000000
51.789181 -1.355712 1.814713 0.034585 1.000000
84.780357 -20.531723 12.465128 0.141433 1.000000
5.728629 2.059357 -1.341828 -0.195210 1.000000
86.314400 10.446065 -10.059944 -0.116548 1.000000
29.819811 1.920756 -0.009421 -0.001392 1.000000
8.379103 1.511723 1.739867 0.194002 1.000000
117.014626 -6.070963 -4.678376 -0.039853 1.000000
36.770187 -8.097171 8.113766 0.207439 1.000000
94.397285 -31.679863 -4.021150 -0.041258 1.000000
53.201126 -5.127636 3.019456 0.056332 1.000000
0.729024 1.661426 -0.112973 -0.060976 1.000000
116.351562 24.812664 -7.683084 -0.064723 1.000000
103.957306 19.169643 11.500583 0.108570 1.000000
64.902618 -23.870710 2.775292 0.038775 1.000000
64.237335 0.963493 -8.067445 -0.124253 1.000000
24.875898 16.820534 -1.944555 -0.065026 1.000000
72.310440 3.416611 -3.215978 -0.044396 1.000000
38.380009 -6.681514 7.992486 0.203384 1.000000
104.016846 18.851480 12.111191 0.113990 1.000000
44.744057 12.384565 0.274473 0.005422 1.000000
24.075714 17.259428 3.187781 0.108765 1.000000
72.323105 3.179946 -3.308469 -0.047776 1.000000
58.065613 -13.153857 -7.357955 -0.121229 1.000000
41.180641 -7.024159 5.345129 0.127950 1.000000
85.988991 -53.982296 -12.642245 -0.122070 1.000000
1.088779 1.713943 -0.222226 -0.109009 1.000000
25.857315 -8.288721 3.001509 0.110092 1.000000
23.755505 18.174511 -2.445627 -0.081980 1.000000
51.789181 -1.355712 1.814713 0.034585 1.000000
3.515050 1.997622 -0.770404 -0.188294 1.000000
41.348499 -8.128679 8.107489 0.190072 1.000000
41.335674 -7.045012 -5.461098 -0.132539 1.000000
64.189583 0.941282 -9.202765 -0.146117 1.000000
0.649421 1.671542 -0.097345 -0.054745 1.000000
9.049459 -4.629760 -0.659824 -0.072135 1.000000
89.518646 12.651774 -8.087431 -0.089669 1.000000
30.940792 -8.160157 2.902506 0.090459 1.000000
25.780186 -8.253304 3.068606 0.114014 1.000000
85.988991 -53.982296 -12.642245 -0.122070 1.000000
5.805839 1.801922 -1.135727 -0.184698 1.000000
23.995623 17.199545 2.906620 0.100904 1.000000
98.537895 16.676914 -15.439372 -0.152751 1.000000
37.425823 -8.019426 8.058719 0.208553 1.000000
3.393763 2.851405 -0.723264 -0.145273 1.000000
51.703503 -1.499959 1.885750 0.035917 1.000000
106.627579 -37.156574 -0.401817 -0.002917 1.000000
118.971519 -5.797903 -9.914443 -0.082611 1.000000
25.780186 -8.253304 3.068606 0.114014 1.000000
62.300392 0.196576 -8.717929 -0.140028 1.000000
42.995827 -7.997718 8.366905 0.191252 1.000000
44.056545 7.521348 2.466788 0.053848 1.000000
17.573101 -10.745297 2.787874 0.134530 1.000000
49.379761 1.229273 0.716827 0.013386 1.000000
75.828270 6.384233 11.207784 0.146766 1.000000
108.750000 -24.391588 -9.759274 -0.086523 1.000000
97.436081 -30.573320 9.324912 0.089439 1.000000
8.212752 -4.550565 -0.529537 -0.060636 1.000000
50.350704 -0.242290 0.488177 0.009029 1.000000
48.422871 -1.058854 0.707694 0.013362 1.000000
79.633133 7.735055 -6.977293 -0.089402 1.000000
51.618320 0.632662 0.899412 0.016509 1.000000
32.455559 -8.213660 3.207926 0.095528 1.000000
25.941570 -8.200917 3.103109 0.109971 1.000000
6.892426 4.807009 -0.518009 -0.065329 1.000000
75.816040 6.348292 11.399290 0.149274 1.000000
37.990391 -7.470851 8.172993 0.203372 1.000000
57.843567 -1.898449 -2.147946 -0.036765 1.000000
0.684060 1.670576 -0.069881 -0.041488 1.000000
23.907694 7.358540 -1.946587 -0.076941 1.000000
55.847141 2.458709 0.356372 0.006354 1.000000
50.591873 -0.448096 2.146919 0.042131 1.000000
66.989502 2.402184 10.631860 0.157724 1.000000
97.436081 -30.573320 9.324912 0.089439 1.000000
88.748405 11.635594 -10.124846 -0.113186 1.000000
59.976124 -6.299866 3.924016 0.063765 1.000000
17.636116 -10.714301 2.868999 0.141641 1.000000
53.201126 -5.127636 3.019456 0.056332 1.000000
6.940526 1.536848 -1.370358 -0.197827 1.000000
8.125481 1.522751 -4.095673 -0.434123 1.000000
24.150955 17.593790 -2.372528 -0.079236 1.000000
0.980372 -2.347739 0.530238 0.181759 1.000000
88.256920 11.830049 -7.600081 -0.084931 1.000000
35.454006 19.365084 2.259264 0.057278 1.000000
59.498276 38.041367 -4.781896 -0.067610 1.000000
23.830624 17.453650 3.242944 0.104541 1.000000
36.373737 -8.231645 -6.725705 -0.185067 1.000000
94.397285 -31.679863 -4.021150 -0.041258 1.000000
53.114548 -5.137800 3.315666 0.062055 1.000000
87.296059 11.681823 7.640557 0.086535 1.000000
53.443974 -4.519331 -5.577078 -0.107304 1.000000
40.113800 -8.085727 7.934066 0.192349 1.000000
75.828270 6.384233 11.207784 0.146766 1.000000
46.269299 -1.625760 0.414326 0.008230 1.000000
9.825511 3.223441 -0.596204 -0.056320 1.000000
38.247601 -2.280559 0.692599 0.018046 1.000000
32.486008 -8.210113 3.311382 0.095856 1.000000
51.810631 -1.399197 1.819603 0.034960 1.000000
51.473454 0.448121 0.333339 0.006221 1.000000
17.562504 -10.741355 2.827848 0.133675 1.000000
51.605865 -1.366559 1.783616 0.034536 1.000000
61.428596 0.270512 -9.971438 -0.160041 1.000000
64.189583 0.941282 -9.202765 -0.146117 1.000000
43.848503 15.422990 -5.955128 -0.126607 1.000000
29.819811 1.920756 -0.009421 -0.001392 1.000000
84.521400 -57.165905 3.928152 0.039429 1.000000
30.423540 -6.956068 3.091754 0.097036 1.000000
42.970989 -8.117551 8.107740 0.183319 1.000000
54.869583 2.300768 0.037194 -0.000000 1.000000
36.140255 -27.726528 -1.705719 -0.036014 1.000000
34.423546 8.904533 3.266654 0.092489 1.000000
58.333042 -36.797405 4.265413 0.062419 1.000000
41.384281 -8.050478 8.295639 0.191807 1.000000
40.113800 -8.085727 7.934066 0.192349 1.000000
5.840161 1.832295 -1.095765 -0.184771 1.000000
48.170063 9.087664 1.796017 0.036450 1.000000
72.310440 3.416611 -3.215978 -0.044396 1.000000
87.199387 11.531715 7.779128 0.088211 1.000000
72.334297 3.587036 -3.441220 -0.049594 1.000000
24.150955 17.593790 -2.372528 -0.079236 1.000000
50.172649 -0.090162 0.239623 0.004817 1.000000
68.112404 2.833248 -5.823902 -0.085879 1.000000
87.296059 11.681823 7.640557 0.086535 1.000000
64.219376 0.971686 -8.791983 -0.136044 1.000000
30.346809 -6.986968 3.102797 0.099310 1.000000
61.428596 0.270512 -9.971438 -0.160041 1.000000
47.446114 0.425254 0.897911 0.018434 1.000000
33.063370 -8.284370 3.107654 0.090921 1.000000
36.809044 15.499687 2.677155 0.066931 1.000000
55.176216 1.836994 0.574468 0.009162 1.000000
78.037979 7.510968 -10.198326 -0.132319 1.000000
52.027702 -5.177500 -5.953199 -0.112491 1.000000
97.436081 -30.573320 9.324912 0.089439 1.000000
24.855885 13.661743 5.607425 0.199617 1.000000
22.427803 17.498398 -2.160237 -0.076298 1.000000
48.318638 -0.979717 0.710006 0.013858 1.000000
9.552469 -2.434142 -0.680774 -0.065026 1.000000
55.412674 2.159871 0.550141 0.009719 1.000000
23.564356 17.877392 2.327752 0.079891 1.000000
38.278862 -2.436601 0.911249 0.022646 1.000000
9.842698 3.194548 -0.571481 -0.054551 1.000000
3.506966 1.964337 -0.709930 -0.158117 1.000000
6.196269 -2.458162 -2.115761 -0.285273 1.000000
35.540379 -28.240290 -2.118858 -0.045438 1.000000
51.839088 8.975684 -7.020230 -0.132087 1.000000
43.848503 15.422990 -5.955128 -0.126607 1.000000
42.014965 -2.741782 0.273342 0.006173 1.000000
2.950062 -2.533593 0.560345 0.134371 1.000000
49.089195 -0.614585 0.073604 -0.000000 1.000000
111.740402 22.820396 -7.543971 -0.066761 1.000000
6.940526 1.536848 -1.370358 -0.197827 1.000000
41.557034 -8.219342 -7.591094 -0.179098 1.000000
