96.945465 15.935726 10.328029 0.104931 1.000000
91.952682 13.583987 11.032728 0.118376 1.000000
52.064194 -5.121585 -6.253911 -0.117377 1.000000
50.021389 -4.055211 8.508257 0.164701 1.000000
82.547905 9.265580 11.648076 0.139661 1.000000
89.834290 12.626237 7.504725 0.082539 1.000000
84.894348 10.306669 7.334769 0.085684 1.000000
75.974327 6.386238 -6.709890 -0.087337 1.000000
50.021389 -4.055211 8.508257 0.164701 1.000000
2.671748 1.737731 0.381800 0.131733 1.000000
65.736946 2.054693 -7.202790 -0.109082 1.000000
81.963043 9.194696 7.299226 0.088406 1.000000
67.094177 15.881278 12.469108 0.177905 1.000000
79.127502 7.756684 10.026656 0.125448 1.000000
51.669064 -5.325993 -5.251745 -0.099541 1.000000
85.796242 10.679712 7.837715 0.090168 1.000000
79.814552 8.147797 11.694757 0.144747 1.000000
85.781670 10.665938 7.463008 0.086122 1.000000
96.063889 15.557952 10.485136 0.107231 1.000000
82.226608 9.265310 11.798167 0.142094 1.000000
88.954597 12.666917 12.801323 0.140957 1.000000
84.868690 10.328876 7.280789 0.084956 1.000000
92.653526 13.775018 11.915416 0.126022 1.000000
95.489349 15.813648 12.201949 0.124253 1.000000
52.326290 -5.156379 6.069615 0.114928 1.000000
84.720284 10.590434 11.861931 0.138048 1.000000
92.033295 13.473273 7.738994 0.083061 1.000000
93.891510 14.641465 11.711380 0.122875 1.000000
47.820545 -6.425046 8.034013 0.161819 1.000000
94.099846 14.532822 8.295916 0.086000 1.000000
79.117691 7.810426 10.443056 0.130891 1.000000
89.657578 12.515377 9.510943 0.102935 1.000000
92.001175 13.820755 7.806735 0.082174 1.000000
84.193924 10.449564 7.337108 0.086401 1.000000
95.489349 15.813648 12.201949 0.124253 1.000000
103.710556 5.759089 -9.282298 -0.090399 1.000000
64.130524 0.994191 -5.435750 -0.087397 1.000000
84.369858 10.078197 7.482260 0.087458 1.000000
89.834290 12.626237 7.504725 0.082539 1.000000
77.807289 7.382589 6.729244 0.086012 1.000000
95.562805 15.033121 11.907341 0.122472 1.000000
90.537445 12.978699 11.510826 0.124692 1.000000
84.193924 10.449564 7.337108 0.086401 1.000000
77.139832 7.282787 6.941264 0.089487 1.000000
82.583176 9.707156 12.046572 0.141678 1.000000
73.295921 4.779315 -8.336115 -0.114623 1.000000
91.931137 13.588777 11.024816 0.118084 1.000000
73.297203 4.942286 -8.090798 -0.109033 1.000000
85.755180 10.769008 7.564108 0.087373 1.000000
64.303001 0.972497 -8.566411 -0.131196 1.000000
91.988419 -39.039825 9.446532 0.094252 1.000000
28.478100 11.703221 6.403145 0.207217 1.000000
82.583176 9.707156 12.046572 0.141678 1.000000
84.878746 10.322845 7.261612 0.084360 1.000000
89.807327 12.815112 8.446208 0.091201 1.000000
89.903992 12.729182 7.631682 0.083911 1.000000
72.767921 4.891662 8.359370 0.112138 1.000000
80.713181 7.929707 9.259118 0.112564 1.000000
95.905594 15.395875 11.513647 0.116889 1.000000
92.614212 13.811797 12.326194 0.128926 1.000000
83.232552 6.246860 12.294128 0.144123 1.000000
93.826973 -24.255203 14.933305 0.152935 1.000000
85.029854 10.334335 -10.295881 -0.121022 1.000000
91.988419 -39.039825 9.446532 0.094252 1.000000
74.517944 5.889084 11.635303 0.154416 1.000000
64.045692 1.018973 -5.581059 -0.086911 1.000000
101.518990 19.186054 -6.391211 -0.061752 1.000000
95.454094 15.340383 12.690606 0.128584 1.000000
84.369858 10.078197 7.482260 0.087458 1.000000
93.881897 -24.185219 14.868377 0.151073 1.000000
26.467855 12.085675 5.564756 0.191141 1.000000
115.527931 21.505177 12.402771 0.104748 1.000000
96.178818 15.535218 11.837912 0.121156 1.000000
2.623330 1.696994 0.921164 0.341206 1.000000
84.894348 10.306669 7.334769 0.085684 1.000000
82.051971 9.069650 9.600505 0.113868 1.000000
103.432014 33.940552 18.337061 0.165327 1.000000
84.894348 10.306669 7.334769 0.085684 1.000000
94.149590 14.770354 7.972508 0.083134 1.000000
91.931137 13.588777 11.024816 0.118084 1.000000
81.911209 9.147184 7.439079 0.090155 1.000000
3.498904 -2.416548 -1.087558 -0.265085 1.000000
94.847969 0.800081 6.615307 0.069223 1.000000
94.042404 14.777944 12.454257 0.130232 1.000000
82.098969 9.178149 9.906806 0.119473 1.000000
91.966209 13.783566 7.842006 0.084130 1.000000
92.823822 13.844100 11.099579 0.116621 1.000000
79.064873 7.914582 7.427653 0.093328 1.000000
79.076317 7.786459 10.220629 0.128206 1.000000
87.191147 11.061707 8.369373 0.094738 1.000000
95.469406 16.869709 9.069080 0.093085 1.000000
79.073654 7.931428 7.049818 0.087531 1.000000
96.842888 16.157681 10.992373 0.111712 1.000000
118.417923 -5.251241 13.268723 0.110993 1.000000
21.048143 -10.594008 3.412917 0.141067 1.000000
89.989975 12.432004 8.131514 0.088892 1.000000
94.768875 14.840554 11.199331 0.116219 1.000000
101.518990 19.186054 -6.391211 -0.061752 1.000000
79.090874 7.928359 6.982765 0.087251 1.000000
101.490868 19.211407 -8.341658 -0.080911 1.000000
79.951973 8.236032 7.308729 0.090301 1.000000
80.014397 8.304793 7.177022 0.088758 1.000000
84.721252 10.496312 12.111322 0.141250 1.000000
89.066528 12.110585 12.998205 0.141507 1.000000
49.977539 -4.025347 8.517301 0.167450 1.000000
49.967056 -4.095572 8.497837 0.167905 1.000000
28.580944 11.613153 6.342157 0.202754 1.000000
92.530472 13.879107 11.974848 0.127413 1.000000
85.796242 10.679712 7.837715 0.090168 1.000000
91.143845 13.205543 10.722505 0.116134 1.000000
67.165009 15.795795 12.477756 0.175729 1.000000
91.172302 12.796969 11.006470 0.117877 1.000000
95.454094 15.340383 12.690606 0.128584 1.000000
93.892151 14.478840 11.780109 0.122875 1.000000
80.114723 8.112943 9.558005 0.116195 1.000000
3.639658 -2.469773 -0.146029 -0.031388 1.000000
91.143845 13.205543 10.722505 0.116134 1.000000
87.466522 11.455481 10.563842 0.117292 1.000000
77.845398 7.440714 6.875462 0.087324 1.000000
28.478100 11.703221 6.403145 0.207217 1.000000
79.190544 7.802549 9.457992 0.118608 1.000000
88.954597 12.666917 12.801323 0.140957 1.000000
51.669064 -5.325993 -5.251745 -0.099541 1.000000
65.273354 1.652114 -5.679901 -0.086304 1.000000
87.191147 11.061707 8.369373 0.094738 1.000000
96.178818 15.535218 11.837912 0.121156 1.000000
84.931633 10.203514 7.289764 0.083437 1.000000
89.758644 12.618876 8.367381 0.091103 1.000000
88.954597 12.666917 12.801323 0.140957 1.000000
79.073654 7.931428 7.049818 0.087531 1.000000
80.114723 8.112943 9.558005 0.116195 1.000000
92.823822 13.844100 11.099579 0.116621 1.000000
84.866112 10.255513 7.612688 0.088904 1.000000
75.974327 6.386238 -6.709890 -0.087337 1.000000
94.042404 14.777944 12.454257 0.130232 1.000000
75.861725 6.337018 10.541990 0.136276 1.000000
93.891914 14.982580 12.781966 0.134017 1.000000
95.905594 15.395875 11.513647 0.116889 1.000000
94.722092 14.758257 11.332385 0.115841 1.000000
28.086349 12.246464 5.592595 0.180538 1.000000
89.989975 12.432004 8.131514 0.088892 1.000000
91.988419 -39.039825 9.446532 0.094252 1.000000
82.687126 -24.854519 8.115767 0.092343 1.000000
90.401878 12.928204 12.343818 0.134566 1.000000
2.623330 1.696994 0.921164 0.341206 1.000000
86.626282 10.975802 9.902131 0.113137 1.000000
91.090889 13.464215 7.802253 0.082976 1.000000
64.229958 0.956839 -8.607519 -0.134139 1.000000
95.562805 15.033121 11.907341 0.122472 1.000000
81.902008 9.088613 7.718282 0.092416 1.000000
51.944611 -5.133553 -6.233153 -0.118852 1.000000
79.117691 7.810426 10.443056 0.130891 1.000000
114.348610 22.819365 15.367290 0.131282 1.000000
95.044106 15.379955 11.435387 0.118218 1.000000
84.435295 10.041103 7.127740 0.082065 1.000000
77.457497 7.076048 -9.254878 -0.117791 1.000000
88.954597 12.666917 12.801323 0.140957 1.000000
52.716145 -4.816018 6.292821 0.116049 1.000000
41.403378 -7.106582 -5.092496 -0.125387 1.000000
72.757858 4.910545 11.214782 0.151122 1.000000
95.454094 15.340383 12.690606 0.128584 1.000000
67.114708 15.850326 12.423182 0.178988 1.000000
93.313507 14.025645 11.944385 0.125412 1.000000
75.974327 6.386238 -6.709890 -0.087337 1.000000
79.045334 29.129141 16.211870 0.189070 1.000000
84.866112 10.255513 7.612688 0.088904 1.000000
82.771759 9.458826 9.774841 0.115659 1.000000
84.915100 10.345935 7.701422 0.089548 1.000000
73.295921 4.779315 -8.336115 -0.114623 1.000000
84.242294 9.948517 7.344003 0.086425 1.000000
75.140114 5.677968 -8.563561 -0.116036 1.000000
114.348610 22.819365 15.367290 0.131282 1.000000
87.466522 11.455481 10.563842 0.117292 1.000000
72.767921 4.891662 8.359370 0.112138 1.000000
85.755180 10.769008 7.564108 0.087373 1.000000
64.045692 1.018973 -5.581059 -0.086911 1.000000
78.843369 7.716525 12.341956 0.153118 1.000000
85.776253 10.549162 7.453746 0.085126 1.000000
104.810410 27.641857 13.693847 0.125668 1.000000
87.981903 11.666773 10.436458 0.115939 1.000000
91.155441 13.300378 7.809798 0.084263 1.000000
77.834999 7.292045 7.196476 0.091942 1.000000
51.744606 -5.455474 -4.813853 -0.091067 1.000000
96.063889 15.557952 10.485136 0.107231 1.000000
91.172302 12.796969 11.006470 0.117877 1.000000
78.894234 7.693255 12.467716 0.153645 1.000000
81.969559 9.056149 7.804040 0.092659 1.000000
81.948349 9.103512 7.430512 0.089876 1.000000
51.944611 -5.133553 -6.233153 -0.118852 1.000000
91.130211 13.025796 7.719076 0.083777 1.000000
74.517944 5.889084 11.635303 0.154416 1.000000
91.970329 13.492406 10.978314 0.117084 1.000000
78.894234 7.693255 12.467716 0.153645 1.000000
43.700977 -8.079710 8.135560 0.180181 1.000000
92.530472 13.879107 11.974848 0.127413 1.000000
114.462120 -8.569912 13.508341 0.116073 1.000000
99.240494 24.216127 18.577499 0.177475 1.000000
38.791420 -8.200345 0.465407 0.010687 1.000000
88.188774 11.776782 10.899556 0.119985 1.000000
2.671748 1.737731 0.381800 0.131733 1.000000
52.064194 -5.121585 -6.253911 -0.117377 1.000000
77.845398 7.440714 6.875462 0.087324 1.000000
65.273354 1.652114 -5.679901 -0.086304 1.000000
93.374741 14.168398 11.413866 0.120558 1.000000
84.871521 10.260759 7.291463 0.084178 1.000000
91.952682 13.583987 11.032728 0.118376 1.000000
94.099846 14.532822 8.295916 0.086000 1.000000
92.599251 14.203321 7.714931 0.081798 1.000000
91.173828 13.215132 10.629075 0.114867 1.000000
91.910233 13.991542 7.851770 0.083352 1.000000
92.657982 14.145079 10.806564 0.115013 1.000000
21.048143 -10.594008 3.412917 0.141067 1.000000
3.144711 -2.755929 -0.748006 -0.155078 1.000000
83.394768 9.724498 13.158129 0.155972 1.000000
91.155441 13.300378 7.809798 0.084263 1.000000
93.557533 14.295382 10.917224 0.114830 1.000000
91.910233 13.991542 7.851770 0.083352 1.000000
88.038475 11.443245 10.379211 0.114526 1.000000
91.100769 13.138227 7.790031 0.084433 1.000000
92.033295 13.473273 7.738994 0.083061 1.000000
96.864975 15.930261 11.250763 0.114111 1.000000
79.814552 8.147797 11.694757 0.144747 1.000000
75.825966 6.312560 8.608645 0.110725 1.000000
91.155441 13.300378 7.809798 0.084263 1.000000
80.457664 8.472673 12.137131 0.146643 1.000000
88.954597 12.666917 12.801323 0.140957 1.000000
28.580944 11.613153 6.342157 0.202754 1.000000
3.144711 -2.755929 -0.748006 -0.155078 1.000000
87.191147 11.061707 8.369373 0.094738 1.000000
114.462120 -8.569912 13.508341 0.116073 1.000000
114.396561 23.768646 14.901891 0.126839 1.000000
67.094177 15.881278 12.469108 0.177905 1.000000
91.173828 13.215132 10.629075 0.114867 1.000000
93.374741 14.168398 11.413866 0.120558 1.000000
79.132545 7.905085 7.122483 0.087665 1.000000
84.369858 10.078197 7.482260 0.087458 1.000000
79.127502 7.756684 10.026656 0.125448 1.000000
101.518990 19.186054 -6.391211 -0.061752 1.000000
81.902008 9.088613 7.718282 0.092416 1.000000
93.557533 14.295382 10.917224 0.114830 1.000000
75.140114 5.677968 -8.563561 -0.116036 1.000000
96.178818 15.535218 11.837912 0.121156 1.000000
99.240494 24.216127 18.577499 0.177475 1.000000
85.762756 10.735065 7.535370 0.087094 1.000000
93.957611 14.485678 11.328496 0.117499 1.000000
64.303001 0.972497 -8.566411 -0.131196 1.000000
79.076317 7.786459 10.220629 0.128206 1.000000
87.928444 11.791005 7.599021 0.085077 1.000000
79.098770 7.911986 7.155091 0.089767 1.000000
91.043060 13.528715 7.710055 0.082672 1.000000
86.626282 10.975802 9.902131 0.113137 1.000000
88.133606 -20.967602 13.414943 0.147010 1.000000
84.721252 10.496312 12.111322 0.141250 1.000000
79.127502 7.756684 10.026656 0.125448 1.000000
85.762756 10.735065 7.535370 0.087094 1.000000
84.915100 10.345935 7.701422 0.089548 1.000000
82.771759 9.458826 9.774841 0.115659 1.000000
81.947342 9.120753 7.477900 0.090544 1.000000
114.364006 -8.469394 13.414727 0.115976 1.000000
91.128380 13.143576 7.374159 0.079952 1.000000
91.172188 13.213209 10.524680 0.114002 1.000000
81.955841 9.073623 7.536237 0.090933 1.000000
95.454094 15.340383 12.690606 0.128584 1.000000
73.323921 4.848239 -8.527297 -0.118498 1.000000
94.640213 14.766585 11.357736 0.116926 1.000000
79.190544 7.802549 9.457992 0.118608 1.000000
104.810410 27.641857 13.693847 0.125668 1.000000
96.103539 15.652252 12.459238 0.127266 1.000000
93.557533 14.295382 10.917224 0.114830 1.000000
79.924034 8.186456 7.416571 0.092051 1.000000
84.900146 10.211447 10.205374 0.117645 1.000000
89.066528 12.110585 12.998205 0.141507 1.000000
3.498904 -2.416548 -1.087558 -0.265085 1.000000
85.762756 10.735065 7.535370 0.087094 1.000000
64.088348 1.024097 -5.506401 -0.085089 1.000000
82.379112 9.058435 -9.395039 -0.112881 1.000000
85.755180 10.769008 7.564108 0.087373 1.000000
43.734749 -8.121357 8.129898 0.180771 1.000000
92.823822 13.844100 11.099579 0.116621 1.000000
1.067214 -2.410177 -0.188309 -0.065621 1.000000
80.514328 8.573143 10.893162 0.134151 1.000000
96.864975 15.930261 11.250763 0.114111 1.000000
73.297203 4.942286 -8.090798 -0.109033 1.000000
73.297203 4.942286 -8.090798 -0.109033 1.000000
79.924034 8.186456 7.416571 0.092051 1.000000
80.713181 7.929707 9.259118 0.112564 1.000000
81.975845 9.152230 7.443971 0.089621 1.000000
81.428474 -24.925489 8.076447 0.093194 1.000000
79.106201 7.829162 7.325808 0.091711 1.000000
92.606049 13.858252 12.226764 0.129841 1.000000
94.032494 14.874081 8.159838 0.085502 1.000000
88.867683 12.233087 8.929322 0.098215 1.000000
106.682259 19.789162 12.056215 0.110531 1.000000
26.467855 12.085675 5.564756 0.191141 1.000000
77.139832 7.282787 6.941264 0.089487 1.000000
104.810410 27.641857 13.693847 0.125668 1.000000
28.580944 11.613153 6.342157 0.202754 1.000000
93.374741 14.168398 11.413866 0.120558 1.000000
103.710556 5.759089 -9.282298 -0.090399 1.000000
83.232552 6.246860 12.294128 0.144123 1.000000
64.303001 0.972497 -8.566411 -0.131196 1.000000
87.954140 11.684252 10.261442 0.115366 1.000000
64.070518 1.010271 -5.495656 -0.086267 1.000000
93.225571 14.227633 11.778364 0.124253 1.000000
79.127502 7.756684 10.026656 0.125448 1.000000
49.977539 -4.025347 8.517301 0.167450 1.000000
64.088348 1.024097 -5.506401 -0.085089 1.000000
77.457497 7.076048 -9.254878 -0.117791 1.000000
87.928444 11.791005 7.599021 0.085077 1.000000
79.918640 8.237028 7.366795 0.090471 1.000000
94.099846 14.532822 8.295916 0.086000 1.000000
83.829208 9.236161 7.687113 0.091030 1.000000
104.810410 27.641857 13.693847 0.125668 1.000000
83.232552 6.246860 12.294128 0.144123 1.000000
88.109604 11.673254 9.880549 0.110713 1.000000
110.713181 21.858585 -6.081066 -0.053848 1.000000
43.734749 -8.121357 8.129898 0.180771 1.000000
94.149590 14.770354 7.972508 0.083134 1.000000
78.894234 7.693255 12.467716 0.153645 1.000000
93.891914 14.982580 12.781966 0.134017 1.000000
43.734749 -8.121357 8.129898 0.180771 1.000000
81.975845 9.152230 7.443971 0.089621 1.000000
77.807289 7.382589 6.729244 0.086012 1.000000
99.240494 24.216127 18.577499 0.177475 1.000000
94.187851 14.749597 6.828032 0.071165 1.000000
86.561951 11.187732 7.911565 0.088770 1.000000
75.861725 6.337018 10.541990 0.136276 1.000000
92.657982 14.145079 10.806564 0.115013 1.000000
3.639658 -2.469773 -0.146029 -0.031388 1.000000
96.864975 15.930261 11.250763 0.114111 1.000000
64.579346 1.021801 -5.666162 -0.088223 1.000000
96.842888 16.157681 10.992373 0.111712 1.000000
78.843369 7.716525 12.341956 0.153118 1.000000
94.042404 14.777944 12.454257 0.130232 1.000000
96.198090 15.570988 11.912772 0.119790 1.000000
91.172302 12.796969 11.006470 0.117877 1.000000
84.915100 10.345935 7.701422 0.089548 1.000000
82.565178 9.241944 11.368344 0.136411 1.000000
64.168343 1.019832 -5.395383 -0.083401 1.000000
93.891510 14.641465 11.711380 0.122875 1.000000
77.139832 7.282787 6.941264 0.089487 1.000000
94.770653 14.629893 11.018558 0.114647 1.000000
92.599251 14.203321 7.714931 0.081798 1.000000
46.609310 -2.413025 7.114705 0.149274 1.000000
87.191147 11.061707 8.369373 0.094738 1.000000
46.609310 -2.413025 7.114705 0.149274 1.000000
79.090874 7.928359 6.982765 0.087251 1.000000
79.971764 8.274258 7.464019 0.090885 1.000000
85.755180 10.769008 7.564108 0.087373 1.000000
106.682259 19.789162 12.056215 0.110531 1.000000
69.541466 7.276042 4.981743 0.070764 1.000000
82.467026 9.289152 -7.600872 -0.091091 1.000000
84.894348 10.306669 7.334769 0.085684 1.000000
95.905594 15.395875 11.513647 0.116889 1.000000
82.226608 9.265310 11.798167 0.142094 1.000000
91.090889 13.464215 7.802253 0.082976 1.000000
89.903992 12.729182 7.631682 0.083911 1.000000
28.603313 11.708133 6.305873 0.207180 1.000000
41.418587 -7.052634 -4.674725 -0.108850 1.000000
43.734749 -8.121357 8.129898 0.180771 1.000000
114.462120 -8.569912 13.508341 0.116073 1.000000
75.974327 6.386238 -6.709890 -0.087337 1.000000
91.128380 13.143576 7.374159 0.079952 1.000000
73.295921 4.779315 -8.336115 -0.114623 1.000000
80.014397 8.304793 7.177022 0.088758 1.000000
79.090874 7.928359 6.982765 0.087251 1.000000
77.834999 7.292045 7.196476 0.091942 1.000000
84.871521 10.260759 7.291463 0.084178 1.000000
81.963043 9.194696 7.299226 0.088406 1.000000
87.349586 -3.082436 1.400710 0.016146 1.000000
101.277657 19.367294 -4.706796 -0.045777 1.000000
83.232552 6.246860 12.294128 0.144123 1.000000
64.088348 1.024097 -5.506401 -0.085089 1.000000
28.086349 12.246464 5.592595 0.180538 1.000000
96.198090 15.570988 11.912772 0.119790 1.000000
73.818413 5.503564 8.676141 0.116195 1.000000
91.857674 13.942507 11.459024 0.120814 1.000000
72.768303 4.921481 11.173225 0.151392 1.000000
83.394768 9.724498 13.158129 0.155972 1.000000
28.478100 11.703221 6.403145 0.207217 1.000000
80.721611 8.196021 9.658009 0.117998 1.000000
93.313507 14.025645 11.944385 0.125412 1.000000
79.076317 7.786459 10.220629 0.128206 1.000000
73.297203 4.942286 -8.090798 -0.109033 1.000000
82.565178 9.241944 11.368344 0.136411 1.000000
99.240494 24.216127 18.577499 0.177475 1.000000
26.497425 12.048887 5.543463 0.185769 1.000000
111.242043 11.575392 12.519164 0.111152 1.000000
91.910233 13.991542 7.851770 0.083352 1.000000
50.021389 -4.055211 8.508257 0.164701 1.000000
64.045692 1.018973 -5.581059 -0.086911 1.000000
79.814552 8.147797 11.694757 0.144747 1.000000
79.045334 29.129141 16.211870 0.189070 1.000000
94.768875 14.840554 11.199331 0.116219 1.000000
77.832291 7.409733 7.916451 0.099115 1.000000
79.032280 7.900756 7.455016 0.093741 1.000000
82.051971 9.069650 9.600505 0.113868 1.000000
91.977661 14.017464 7.184250 0.076711 1.000000
84.319664 10.179327 7.360086 0.086170 1.000000
115.527931 21.505177 12.402771 0.104748 1.000000
91.857674 13.942507 11.459024 0.120814 1.000000
93.313507 14.025645 11.944385 0.125412 1.000000
93.319260 13.928331 12.472443 0.129475 1.000000
94.149590 14.770354 7.972508 0.083134 1.000000
92.657982 14.145079 10.806564 0.115013 1.000000
77.796005 7.498116 6.691230 0.085405 1.000000
79.098770 7.911986 7.155091 0.089767 1.000000
84.369858 10.078197 7.482260 0.087458 1.000000
84.866112 10.255513 7.612688 0.088904 1.000000
82.399139 9.119293 -9.187703 -0.110019 1.000000
84.200478 9.981229 7.536275 0.088649 1.000000
93.881897 -24.185219 14.868377 0.151073 1.000000
85.776253 10.549162 7.453746 0.085126 1.000000
88.867683 12.233087 8.929322 0.098215 1.000000
91.100769 13.138227 7.790031 0.084433 1.000000
91.090889 13.464215 7.802253 0.082976 1.000000
82.687126 -24.854519 8.115767 0.092343 1.000000
46.609310 -2.413025 7.114705 0.149274 1.000000
114.364006 -8.469394 13.414727 0.115976 1.000000
47.575611 -6.428435 8.207142 0.168531 1.000000
82.583176 9.707156 12.046572 0.141678 1.000000
89.989975 12.432004 8.131514 0.088892 1.000000
85.029854 10.334335 -10.295881 -0.121022 1.000000
3.498904 -2.416548 -1.087558 -0.265085 1.000000
79.954201 8.310124 7.285808 0.090532 1.000000
77.756943 7.332953 7.768686 0.099310 1.000000
89.657578 12.515377 9.510943 0.102935 1.000000
79.069923 7.738533 10.597866 0.132075 1.000000
3.639658 -2.469773 -0.146029 -0.031388 1.000000
81.947342 9.120753 7.477900 0.090544 1.000000
94.032494 14.874081 8.159838 0.085502 1.000000
89.657578 12.515377 9.510943 0.102935 1.000000
89.228165 12.641710 8.273933 0.089925 1.000000
87.992088 11.796152 7.698969 0.086219 1.000000
89.903992 12.729182 7.631682 0.083911 1.000000
75.819870 6.443811 8.003663 0.104797 1.000000
82.565178 9.241944 11.368344 0.136411 1.000000
79.956612 8.265847 7.193305 0.089341 1.000000
89.657578 12.515377 9.510943 0.102935 1.000000
96.198090 15.570988 11.912772 0.119790 1.000000
79.064873 7.914582 7.427653 0.093328 1.000000
41.403378 -7.106582 -5.092496 -0.125387 1.000000
51.944611 -5.133553 -6.233153 -0.118852 1.000000
92.033295 13.473273 7.738994 0.083061 1.000000
75.787140 6.488421 8.289583 0.108765 1.000000
49.977539 -4.025347 8.517301 0.167450 1.000000
49.980164 -3.865685 8.502590 0.169071 1.000000
96.842888 16.157681 10.992373 0.111712 1.000000
77.756943 7.332953 7.768686 0.099310 1.000000
93.319260 13.928331 12.472443 0.129475 1.000000
88.188774 11.776782 10.899556 0.119985 1.000000
79.032280 7.900756 7.455016 0.093741 1.000000
79.064873 7.914582 7.427653 0.093328 1.000000
87.981903 11.666773 10.436458 0.115939 1.000000
94.768875 14.840554 11.199331 0.116219 1.000000
93.805916 -24.296343 15.088263 0.154037 1.000000
89.228165 12.641710 8.273933 0.089925 1.000000
80.713181 7.929707 9.259118 0.112564 1.000000
94.032494 14.874081 8.159838 0.085502 1.000000
95.469406 16.869709 9.069080 0.093085 1.000000
46.609310 -2.413025 7.114705 0.149274 1.000000
94.640213 14.766585 11.357736 0.116926 1.000000
50.021389 -4.055211 8.508257 0.164701 1.000000
87.954140 11.684252 10.261442 0.115366 1.000000
79.951973 8.236032 7.308729 0.090301 1.000000
92.033295 13.473273 7.738994 0.083061 1.000000
96.842888 16.157681 10.992373 0.111712 1.000000
84.435295 10.041103 7.127740 0.082065 1.000000
80.014397 8.304793 7.177022 0.088758 1.000000
96.842888 16.157681 10.992373 0.111712 1.000000
91.100769 13.138227 7.790031 0.084433 1.000000
84.721252 10.496312 12.111322 0.141250 1.000000
114.396561 23.768646 14.901891 0.126839 1.000000
85.781670 10.665938 7.463008 0.086122 1.000000
87.947487 -21.657419 13.735479 0.149274 1.000000
84.848602 10.486771 11.753319 0.136912 1.000000
96.842888 16.157681 10.992373 0.111712 1.000000
91.091545 13.178428 10.509016 0.111870 1.000000
72.834969 4.988859 11.229159 0.152616 1.000000
79.106201 7.829162 7.325808 0.091711 1.000000
93.313507 14.025645 11.944385 0.125412 1.000000
38.791420 -8.200345 0.465407 0.010687 1.000000
88.133606 -20.967602 13.414943 0.147010 1.000000
84.878746 10.322845 7.261612 0.084360 1.000000
80.713181 7.929707 9.259118 0.112564 1.000000
92.657982 14.145079 10.806564 0.115013 1.000000
114.462120 -8.569912 13.508341 0.116073 1.000000
82.565178 9.241944 11.368344 0.136411 1.000000
41.418587 -7.052634 -4.674725 -0.108850 1.000000
89.891426 12.978712 10.351628 0.113746 1.000000
82.051971 9.069650 9.600505 0.113868 1.000000
81.963043 9.194696 7.299226 0.088406 1.000000
96.842888 16.157681 10.992373 0.111712 1.000000
81.947342 9.120753 7.477900 0.090544 1.000000
87.191147 11.061707 8.369373 0.094738 1.000000
3.144711 -2.755929 -0.748006 -0.155078 1.000000
84.915100 10.345935 7.701422 0.089548 1.000000
88.188774 11.776782 10.899556 0.119985 1.000000
94.187851 14.749597 6.828032 0.071165 1.000000
26.467855 12.085675 5.564756 0.191141 1.000000
88.802948 12.500145 12.766541 0.141409 1.000000
82.098969 9.178149 9.906806 0.119473 1.000000
52.590496 -5.425271 1.322637 0.024789 1.000000
49.967056 -4.095572 8.497837 0.167905 1.000000
80.014397 8.304793 7.177022 0.088758 1.000000
73.297203 4.942286 -8.090798 -0.109033 1.000000
52.716145 -4.816018 6.292821 0.116049 1.000000
26.497425 12.048887 5.543463 0.185769 1.000000
82.098969 9.178149 9.906806 0.119473 1.000000
81.947342 9.120753 7.477900 0.090544 1.000000
91.172188 13.213209 10.524680 0.114002 1.000000
50.021389 -4.055211 8.508257 0.164701 1.000000
88.095734 -27.166796 8.753754 0.093206 1.000000
75.787437 6.370843 8.175006 0.106635 1.000000
91.173828 13.215132 10.629075 0.114867 1.000000
81.963043 9.194696 7.299226 0.088406 1.000000
52.064194 -5.121585 -6.253911 -0.117377 1.000000
72.834969 4.988859 11.229159 0.152616 1.000000
83.789543 9.376662 6.825435 0.080778 1.000000
87.349586 -3.082436 1.400710 0.016146 1.000000
67.094177 15.881278 12.469108 0.177905 1.000000
49.969917 -4.029817 8.411514 0.166824 1.000000
3.498904 -2.416548 -1.087558 -0.265085 1.000000
79.918640 8.237028 7.366795 0.090471 1.000000
1.067214 -2.410177 -0.188309 -0.065621 1.000000
89.127319 12.741156 10.579269 0.117255 1.000000
79.824646 8.163342 11.481753 0.142607 1.000000
91.988419 -39.039825 9.446532 0.094252 1.000000
87.928444 11.791005 7.599021 0.085077 1.000000
73.864586 5.456460 11.174202 0.149739 1.000000
80.014397 8.304793 7.177022 0.088758 1.000000
80.514328 8.573143 10.893162 0.134151 1.000000
28.086349 12.246464 5.592595 0.180538 1.000000
89.991898 12.669935 7.757387 0.084846 1.000000
64.070518 1.010271 -5.495656 -0.086267 1.000000
79.781982 8.191287 11.571674 0.142717 1.000000
92.049927 13.619226 10.648642 0.113929 1.000000
115.527931 21.505177 12.402771 0.104748 1.000000
49.967056 -4.095572 8.497837 0.167905 1.000000
91.100769 13.138227 7.790031 0.084433 1.000000
3.144711 -2.755929 -0.748006 -0.155078 1.000000
3.498904 -2.416548 -1.087558 -0.265085 1.000000
64.088348 1.024097 -5.506401 -0.085089 1.000000
3.131629 -2.812773 -0.811850 -0.190528 1.000000
92.530472 13.879107 11.974848 0.127413 1.000000
92.614212 13.811797 12.326194 0.128926 1.000000
43.734749 -8.121357 8.129898 0.180771 1.000000
83.394768 9.724498 13.158129 0.155972 1.000000
75.825966 6.312560 8.608645 0.110725 1.000000
79.971764 8.274258 7.464019 0.090885 1.000000
91.100769 13.138227 7.790031 0.084433 1.000000
82.467026 9.289152 -7.600872 -0.091091 1.000000
3.113395 -2.782855 -0.765224 -0.164616 1.000000
91.143845 13.205543 10.722505 0.116134 1.000000
85.788040 10.610939 7.419684 0.085259 1.000000
83.429169 9.669964 12.445381 0.147451 1.000000
91.966209 13.783566 7.842006 0.084130 1.000000
75.787437 6.370843 8.175006 0.106635 1.000000
96.103539 15.652252 12.459238 0.127266 1.000000
118.417923 -5.251241 13.268723 0.110993 1.000000
79.098770 7.911986 7.155091 0.089767 1.000000
85.781670 10.665938 7.463008 0.086122 1.000000
88.867683 12.233087 8.929322 0.098215 1.000000
74.517944 5.889084 11.635303 0.154416 1.000000
72.768303 4.921481 11.173225 0.151392 1.000000
3.131629 -2.812773 -0.811850 -0.190528 1.000000
81.975845 9.152230 7.443971 0.089621 1.000000
79.956612 8.265847 7.193305 0.089341 1.000000
114.396561 23.768646 14.901891 0.126839 1.000000
73.295921 4.779315 -8.336115 -0.114623 1.000000
51.744606 -5.455474 -4.813853 -0.091067 1.000000
80.457664 8.472673 12.137131 0.146643 1.000000
89.903992 12.729182 7.631682 0.083911 1.000000
43.700977 -8.079710 8.135560 0.180181 1.000000
67.165009 15.795795 12.477756 0.175729 1.000000
92.614212 13.811797 12.326194 0.128926 1.000000
95.562805 15.033121 11.907341 0.122472 1.000000
96.945465 15.935726 10.328029 0.104931 1.000000
91.090889 13.464215 7.802253 0.082976 1.000000
79.862648 8.170454 11.519537 0.142937 1.000000
91.970329 13.492406 10.978314 0.117084 1.000000
28.478100 11.703221 6.403145 0.207217 1.000000
96.063889 15.557952 10.485136 0.107231 1.000000
91.970329 13.492406 10.978314 0.117084 1.000000
93.891510 14.641465 11.711380 0.122875 1.000000
94.640213 14.766585 11.357736 0.116926 1.000000
118.417923 -5.251241 13.268723 0.110993 1.000000
82.051971 9.069650 9.600505 0.113868 1.000000
90.927475 13.365915 13.062303 0.139111 1.000000
43.700977 -8.079710 8.135560 0.180181 1.000000
92.001175 13.820755 7.806735 0.082174 1.000000
87.992088 11.796152 7.698969 0.086219 1.000000
89.991898 12.669935 7.757387 0.084846 1.000000
91.172188 13.213209 10.524680 0.114002 1.000000
82.399139 9.119293 -9.187703 -0.110019 1.000000
79.045334 29.129141 16.211870 0.189070 1.000000
92.530472 13.879107 11.974848 0.127413 1.000000
64.303001 0.972497 -8.566411 -0.131196 1.000000
91.130211 13.025796 7.719076 0.083777 1.000000
82.051971 9.069650 9.600505 0.113868 1.000000
82.098969 9.178149 9.906806 0.119473 1.000000
96.945465 15.935726 10.328029 0.104931 1.000000
79.098770 7.911986 7.155091 0.089767 1.000000
93.978142 14.543557 11.011683 0.115281 1.000000
75.974327 6.386238 -6.709890 -0.087337 1.000000
84.721252 10.496312 12.111322 0.141250 1.000000
67.165009 15.795795 12.477756 0.175729 1.000000
91.053711 13.478037 7.987792 0.086182 1.000000
26.497425 12.048887 5.543463 0.185769 1.000000
91.043060 13.528715 7.710055 0.082672 1.000000
82.379112 9.058435 -9.395039 -0.112881 1.000000
92.614212 13.811797 12.326194 0.128926 1.000000
69.541466 7.276042 4.981743 0.070764 1.000000
79.956612 8.265847 7.193305 0.089341 1.000000
79.954201 8.310124 7.285808 0.090532 1.000000
92.033295 13.473273 7.738994 0.083061 1.000000
79.924034 8.186456 7.416571 0.092051 1.000000
82.547905 9.265580 11.648076 0.139661 1.000000
88.038475 11.443245 10.379211 0.114526 1.000000
93.374741 14.168398 11.413866 0.120558 1.000000
82.687126 -24.854519 8.115767 0.092343 1.000000
93.891510 14.641465 11.711380 0.122875 1.000000
69.541466 7.276042 4.981743 0.070764 1.000000
90.537445 12.978699 11.510826 0.124692 1.000000
79.032280 7.900756 7.455016 0.093741 1.000000
75.861725 6.337018 10.541990 0.136276 1.000000
91.172302 12.796969 11.006470 0.117877 1.000000
46.534473 -2.689445 2.816118 0.059497 1.000000
81.947342 9.120753 7.477900 0.090544 1.000000
79.132545 7.905085 7.122483 0.087665 1.000000
95.489349 15.813648 12.201949 0.124253 1.000000
75.787140 6.488421 8.289583 0.108765 1.000000
81.861664 9.213845 8.954943 0.108278 1.000000
91.910233 13.991542 7.851770 0.083352 1.000000
85.796242 10.679712 7.837715 0.090168 1.000000
82.565178 9.241944 11.368344 0.136411 1.000000
91.970329 13.492406 10.978314 0.117084 1.000000
94.847969 0.800081 6.615307 0.069223 1.000000
91.100769 13.138227 7.790031 0.084433 1.000000
91.130211 13.025796 7.719076 0.083777 1.000000
91.130211 13.025796 7.719076 0.083777 1.000000
51.669064 -5.325993 -5.251745 -0.099541 1.000000
2.623330 1.696994 0.921164 0.341206 1.000000
89.657578 12.515377 9.510943 0.102935 1.000000
84.900146 10.211447 10.205374 0.117645 1.000000
21.048143 -10.594008 3.412917 0.141067 1.000000
83.829208 9.236161 7.687113 0.091030 1.000000
26.497425 12.048887 5.543463 0.185769 1.000000
75.140114 5.677968 -8.563561 -0.116036 1.000000
65.736946 2.054693 -7.202790 -0.109082 1.000000
80.514328 8.573143 10.893162 0.134151 1.000000
47.820545 -6.425046 8.034013 0.161819 1.000000
91.966209 13.783566 7.842006 0.084130 1.000000
79.781982 8.191287 11.571674 0.142717 1.000000
91.931137 13.588777 11.024816 0.118084 1.000000
93.243317 14.061969 7.760568 0.082114 1.000000
92.001175 13.820755 7.806735 0.082174 1.000000
89.887314 12.761353 7.444267 0.081931 1.000000
87.466522 11.455481 10.563842 0.117292 1.000000
94.187851 14.749597 6.828032 0.071165 1.000000
81.963043 9.194696 7.299226 0.088406 1.000000
65.736946 2.054693 -7.202790 -0.109082 1.000000
64.307335 0.977101 -7.840732 -0.120314 1.000000
50.021389 -4.055211 8.508257 0.164701 1.000000
111.242043 11.575392 12.519164 0.111152 1.000000
95.905594 15.395875 11.513647 0.116889 1.000000
3.498904 -2.416548 -1.087558 -0.265085 1.000000
72.768303 4.921481 11.173225 0.151392 1.000000
94.149590 14.770354 7.972508 0.083134 1.000000
88.067451 11.813157 10.144507 0.113685 1.000000
93.319260 13.928331 12.472443 0.129475 1.000000
83.394768 9.724498 13.158129 0.155972 1.000000
93.400940 14.148170 11.101126 0.117206 1.000000
28.478100 11.703221 6.403145 0.207217 1.000000
89.887314 12.761353 7.444267 0.081931 1.000000
75.787140 6.488421 8.289583 0.108765 1.000000
89.066528 12.110585 12.998205 0.141507 1.000000
79.117691 7.810426 10.443056 0.130891 1.000000
81.754257 9.078471 11.729444 0.140321 1.000000
99.240494 24.216127 18.577499 0.177475 1.000000
79.971764 8.274258 7.464019 0.090885 1.000000
28.478100 11.703221 6.403145 0.207217 1.000000
47.617348 -6.446722 8.138118 0.167769 1.000000
72.757858 4.910545 11.214782 0.151122 1.000000
64.579346 1.021801 -5.666162 -0.088223 1.000000
92.001175 13.820755 7.806735 0.082174 1.000000
88.133606 -20.967602 13.414943 0.147010 1.000000
93.891510 14.641465 11.711380 0.122875 1.000000
92.001175 13.820755 7.806735 0.082174 1.000000
3.113395 -2.782855 -0.765224 -0.164616 1.000000
41.403378 -7.106582 -5.092496 -0.125387 1.000000
1.067214 -2.410177 -0.188309 -0.065621 1.000000
92.033295 13.473273 7.738994 0.083061 1.000000
83.232552 6.246860 12.294128 0.144123 1.000000
77.774498 7.365786 7.290255 0.092064 1.000000
49.969917 -4.029817 8.411514 0.166824 1.000000
73.295921 4.779315 -8.336115 -0.114623 1.000000
2.671748 1.737731 0.381800 0.131733 1.000000
80.014397 8.304793 7.177022 0.088758 1.000000
93.891914 14.982580 12.781966 0.134017 1.000000
77.845398 7.440714 6.875462 0.087324 1.000000
101.277657 19.367294 -4.706796 -0.045777 1.000000
46.609310 -2.413025 7.114705 0.149274 1.000000
88.095734 -27.166796 8.753754 0.093206 1.000000
93.891510 14.641465 11.711380 0.122875 1.000000
75.819870 6.443811 8.003663 0.104797 1.000000
88.038475 11.443245 10.379211 0.114526 1.000000
85.029854 10.334335 -10.295881 -0.121022 1.000000
92.033295 13.473273 7.738994 0.083061 1.000000
96.198090 15.570988 11.912772 0.119790 1.000000
96.198090 15.570988 11.912772 0.119790 1.000000
90.401878 12.928204 12.343818 0.134566 1.000000
79.045334 29.129141 16.211870 0.189070 1.000000
84.900146 10.211447 10.205374 0.117645 1.000000
79.069923 7.738533 10.597866 0.132075 1.000000
94.770653 14.629893 11.018558 0.114647 1.000000
118.710312 -6.216557 8.860059 0.074429 1.000000
43.734749 -8.121357 8.129898 0.180771 1.000000
66.970894 2.398338 10.706287 0.156842 1.000000
84.721252 10.496312 12.111322 0.141250 1.000000
94.099846 14.532822 8.295916 0.086000 1.000000
77.105171 6.925874 -7.277314 -0.093352 1.000000
113.127785 11.023968 12.419697 0.107402 1.000000
67.094177 15.881278 12.469108 0.177905 1.000000
28.478100 11.703221 6.403145 0.207217 1.000000
79.106201 7.829162 7.325808 0.091711 1.000000
84.871521 10.260759 7.291463 0.084178 1.000000
72.767921 4.891662 8.359370 0.112138 1.000000
92.614212 13.811797 12.326194 0.128926 1.000000
85.781670 10.665938 7.463008 0.086122 1.000000
73.864586 5.456460 11.174202 0.149739 1.000000
84.868690 10.328876 7.280789 0.084956 1.000000
3.639658 -2.469773 -0.146029 -0.031388 1.000000
85.808037 10.701389 7.441577 0.084263 1.000000
80.014397 8.304793 7.177022 0.088758 1.000000
80.497269 8.493607 11.569572 0.142301 1.000000
108.260139 -23.142591 12.505556 0.112309 1.000000
80.014397 8.304793 7.177022 0.088758 1.000000
26.467855 12.085675 5.564756 0.191141 1.000000
93.826973 -24.255203 14.933305 0.152935 1.000000
84.900146 10.211447 10.205374 0.117645 1.000000
84.200478 9.981229 7.536275 0.088649 1.000000
47.617348 -6.446722 8.138118 0.167769 1.000000
73.935020 5.463348 11.105775 0.149274 1.000000
113.127785 11.023968 12.419697 0.107402 1.000000
52.064194 -5.121585 -6.253911 -0.117377 1.000000
49.969917 -4.029817 8.411514 0.166824 1.000000
73.864586 5.456460 11.174202 0.149739 1.000000
89.834290 12.626237 7.504725 0.082539 1.000000
49.980164 -3.865685 8.502590 0.169071 1.000000
77.105171 6.925874 -7.277314 -0.093352 1.000000
82.531075 9.265006 11.280802 0.135006 1.000000
51.669064 -5.325993 -5.251745 -0.099541 1.000000
65.273354 1.652114 -5.679901 -0.086304 1.000000
77.796005 7.498116 6.691230 0.085405 1.000000
93.243317 14.061969 7.760568 0.082114 1.000000
81.955841 9.073623 7.536237 0.090933 1.000000
101.518990 19.186054 -6.391211 -0.061752 1.000000
88.095734 -27.166796 8.753754 0.093206 1.000000
47.617348 -6.446722 8.138118 0.167769 1.000000
92.049927 13.619226 10.648642 0.113929 1.000000
82.531075 9.265006 11.280802 0.135006 1.000000
3.144711 -2.755929 -0.748006 -0.155078 1.000000
3.639658 -2.469773 -0.146029 -0.031388 1.000000
89.887314 12.761353 7.444267 0.081931 1.000000
77.832291 7.409733 7.916451 0.099115 1.000000
94.042404 14.777944 12.454257 0.130232 1.000000
94.569031 0.382327 7.301365 0.076213 1.000000
101.518990 19.186054 -6.391211 -0.061752 1.000000
111.242043 11.575392 12.519164 0.111152 1.000000
93.225571 14.227633 11.778364 0.124253 1.000000
79.781982 8.191287 11.571674 0.142717 1.000000
106.682259 19.789162 12.056215 0.110531 1.000000
96.178818 15.535218 11.837912 0.121156 1.000000
82.098969 9.178149 9.906806 0.119473 1.000000
111.242043 11.575392 12.519164 0.111152 1.000000
89.903992 12.729182 7.631682 0.083911 1.000000
72.757858 4.910545 11.214782 0.151122 1.000000
91.966209 13.783566 7.842006 0.084130 1.000000
89.228165 12.641710 8.273933 0.089925 1.000000
79.190544 7.802549 9.457992 0.118608 1.000000
101.490868 19.211407 -8.341658 -0.080911 1.000000
81.969559 9.056149 7.804040 0.092659 1.000000
88.109604 11.673254 9.880549 0.110713 1.000000
95.469406 16.869709 9.069080 0.093085 1.000000
66.970894 2.398338 10.706287 0.156842 1.000000
21.048143 -10.594008 3.412917 0.141067 1.000000
91.931137 13.588777 11.024816 0.118084 1.000000
43.734749 -8.121357 8.129898 0.180771 1.000000
91.210312 13.213854 10.634257 0.114879 1.000000
91.952682 13.583987 11.032728 0.118376 1.000000
67.165009 15.795795 12.477756 0.175729 1.000000
113.127785 11.023968 12.419697 0.107402 1.000000
80.514328 8.573143 10.893162 0.134151 1.000000
82.098969 9.178149 9.906806 0.119473 1.000000
77.845398 7.440714 6.875462 0.087324 1.000000
84.866112 10.255513 7.612688 0.088904 1.000000
3.498904 -2.416548 -1.087558 -0.265085 1.000000
77.807289 7.382589 6.729244 0.086012 1.000000
95.905594 15.395875 11.513647 0.116889 1.000000
96.178818 15.535218 11.837912 0.121156 1.000000
75.974327 6.386238 -6.709890 -0.087337 1.000000
81.404488 -7.539862 9.687697 0.117218 1.000000
79.781982 8.191287 11.571674 0.142717 1.000000
96.842888 16.157681 10.992373 0.111712 1.000000
87.992088 11.796152 7.698969 0.086219 1.000000
86.626282 10.975802 9.902131 0.113137 1.000000
89.066528 12.110585 12.998205 0.141507 1.000000
82.399139 9.119293 -9.187703 -0.110019 1.000000
91.857674 13.942507 11.459024 0.120814 1.000000
75.787437 6.370843 8.175006 0.106635 1.000000
91.090889 13.464215 7.802253 0.082976 1.000000
90.994621 13.013778 11.588466 0.124253 1.000000
73.295921 4.779315 -8.336115 -0.114623 1.000000
88.188774 11.776782 10.899556 0.119985 1.000000
79.032280 7.900756 7.455016 0.093741 1.000000
51.669064 -5.325993 -5.251745 -0.099541 1.000000
