103.240845 -24.012968 11.435269 0.112138 1.000000
43.008915 3.695661 4.873046 0.114647 1.000000
94.255478 4.043466 11.775239 0.120424 1.000000
74.872421 -62.870438 -13.584196 -0.137779 1.000000
103.840446 -3.839795 13.807765 0.131147 1.000000
85.425041 -15.877706 4.244936 0.053011 1.000000
44.677826 -4.146417 3.987254 0.085636 1.000000
41.571053 0.619180 -0.841097 -0.020673 1.000000
114.289177 -22.345367 13.294446 0.118279 1.000000
63.285385 -56.858742 14.594575 0.169893 1.000000
103.142395 -24.424360 11.324729 0.111091 1.000000
81.837990 -22.135693 5.191027 0.061825 1.000000
39.560383 1.067836 0.834549 0.021085 1.000000
103.013916 4.669873 9.582528 0.090945 1.000000
94.923294 4.026026 11.675497 0.118571 1.000000
42.686001 -0.581398 4.765256 0.115866 1.000000
91.067215 -10.977857 12.464495 0.132918 1.000000
39.872181 4.077463 0.565657 0.018833 1.000000
81.679260 -22.026468 5.603602 0.066142 1.000000
93.483604 3.697562 11.562414 0.124253 1.000000
42.659527 -0.584111 4.835661 0.115025 1.000000
91.067215 -10.977857 12.464495 0.132918 1.000000
40.838940 2.183059 3.946246 0.090374 1.000000
82.896324 -19.252544 9.354300 0.114660 1.000000
91.830910 -10.549216 -6.355324 -0.068762 1.000000
94.683533 4.035343 12.992318 0.137596 1.000000
16.310106 -9.865496 -1.880870 -0.096197 1.000000
69.009056 -60.165607 15.009861 0.165094 1.000000
115.717743 -20.346588 14.503294 0.125375 1.000000
95.590652 4.292761 13.088738 0.138977 1.000000
42.427292 -4.835962 0.576717 0.014355 1.000000
59.246471 -54.898022 14.290821 0.175705 1.000000
81.793289 -22.014105 5.304165 0.063219 1.000000
2.772202 1.801961 -0.012559 0.009404 1.000000
72.501152 -9.029875 8.139198 0.114172 1.000000
75.490974 -63.459049 -12.711483 -0.127828 1.000000
2.822076 1.782349 0.019401 0.013774 1.000000
103.014450 3.703313 9.601585 0.093935 1.000000
117.718521 -19.758062 2.908924 0.026109 1.000000
115.717743 -20.346588 14.503294 0.125375 1.000000
42.347412 -3.223993 1.422506 0.029947 1.000000
40.997227 2.475148 4.119751 0.107767 1.000000
87.128967 3.270454 9.691737 0.108595 1.000000
103.840446 -3.839795 13.807765 0.131147 1.000000
2.822076 1.782349 0.019401 0.013774 1.000000
42.427292 -4.835962 0.576717 0.014355 1.000000
58.546082 -54.521660 14.272486 0.177143 1.000000
75.201591 -8.076820 5.281015 0.066530 1.000000
58.802616 10.384150 3.573597 0.059775 1.000000
42.349617 -1.699708 1.353467 0.033083 1.000000
42.252449 -1.634905 0.717250 0.013907 1.000000
42.286987 -1.877708 1.651817 0.036886 1.000000
102.984039 4.650173 10.214359 0.095540 1.000000
23.365643 -14.919847 4.593093 0.161525 1.000000
116.241058 -24.646742 3.174721 0.025855 1.000000
113.826866 -21.695147 12.016063 0.107828 1.000000
96.915291 3.470827 -7.375390 -0.076067 1.000000
97.785736 -13.236702 12.841822 0.128462 1.000000
42.290188 -2.061844 1.244233 0.029378 1.000000
103.014450 3.703313 9.601585 0.093935 1.000000
73.593277 -61.333282 -13.867817 -0.143536 1.000000
2.822076 1.782349 0.019401 0.013774 1.000000
39.914711 3.463974 0.669479 0.019269 1.000000
98.712242 9.547009 9.292326 0.092562 1.000000
117.718521 -19.758062 2.908924 0.026109 1.000000
118.310699 -17.247402 3.580220 0.033543 1.000000
116.117081 -3.359624 13.828133 0.119510 1.000000
100.729782 -12.794315 -1.368093 -0.014112 1.000000
16.310106 -9.865496 -1.880870 -0.096197 1.000000
111.825111 -15.266885 5.427395 0.047485 1.000000
68.298676 -59.941952 14.543030 0.158693 1.000000
59.918873 -55.274570 14.166037 0.172055 1.000000
22.841496 1.918066 0.064428 0.008254 1.000000
105.525955 -22.619989 4.662151 0.042131 1.000000
91.308655 -9.732690 10.567848 0.111079 1.000000
97.851982 5.177724 11.067877 0.117548 1.000000
39.914711 3.463974 0.669479 0.019269 1.000000
46.466084 -2.189589 5.617314 0.118498 1.000000
2.772202 1.801961 -0.012559 0.009404 1.000000
42.412197 -3.835007 0.481871 0.015795 1.000000
40.523163 4.766371 1.345452 0.038339 1.000000
98.638283 9.626673 9.480064 0.093546 1.000000
40.505802 4.537458 1.932056 0.043100 1.000000
97.058212 -16.667809 6.181217 0.060127 1.000000
59.181248 -54.900158 14.118707 0.173148 1.000000
42.349617 -1.699708 1.353467 0.033083 1.000000
71.992332 -9.905293 8.554868 0.117182 1.000000
75.490974 -63.459049 -12.711483 -0.127828 1.000000
103.299065 4.184622 11.208651 0.109130 1.000000
43.030266 3.480689 4.948845 0.114136 1.000000
39.825451 4.455589 0.879483 0.021024 1.000000
41.571053 0.619180 -0.841097 -0.020673 1.000000
42.307571 -2.783616 1.341091 0.029681 1.000000
88.993797 -9.892106 13.122579 0.141507 1.000000
58.546082 -54.521660 14.272486 0.177143 1.000000
43.979996 3.775165 -3.738215 -0.084324 1.000000
105.555031 -22.688345 4.312059 0.041840 1.000000
40.456993 5.006448 1.665802 0.042312 1.000000
94.354614 3.681550 12.299881 0.134945 1.000000
95.734848 4.559132 12.678894 0.130488 1.000000
42.286987 -1.877708 1.651817 0.036886 1.000000
91.308655 -9.732690 10.567848 0.111079 1.000000
81.793289 -22.014105 5.304165 0.063219 1.000000
69.009056 -60.165607 15.009861 0.165094 1.000000
97.615196 5.470243 -7.290253 -0.074429 1.000000
68.298676 -59.941952 14.543030 0.158693 1.000000
60.923630 -56.261520 11.226958 0.134957 1.000000
40.838940 2.183059 3.946246 0.090374 1.000000
68.298676 -59.941952 14.543030 0.158693 1.000000
82.896324 -19.252544 9.354300 0.114660 1.000000
43.030266 3.480689 4.948845 0.114136 1.000000
64.421234 -57.709412 14.679186 0.168641 1.000000
81.793289 -22.014105 5.304165 0.063219 1.000000
111.808342 -15.259694 4.268218 0.038376 1.000000
62.717018 -56.489147 14.684265 0.176959 1.000000
71.992332 -9.905293 8.554868 0.117182 1.000000
72.501152 -9.029875 8.139198 0.114172 1.000000
43.472965 3.720662 -3.519616 -0.080122 1.000000
87.128967 3.270454 9.691737 0.108595 1.000000
98.638283 9.626673 9.480064 0.093546 1.000000
59.246471 -54.898022 14.290821 0.175705 1.000000
75.201591 -8.076820 5.281015 0.066530 1.000000
91.036812 -10.238330 10.207472 0.113795 1.000000
91.067215 -10.977857 12.464495 0.132918 1.000000
64.421234 -57.709412 14.679186 0.168641 1.000000
44.677826 -4.146417 3.987254 0.085636 1.000000
43.517014 3.791003 -3.671147 -0.083729 1.000000
12.281752 3.776142 -1.286405 -0.096294 1.000000
55.481876 -19.401108 1.065457 0.022090 1.000000
63.285385 -56.858742 14.594575 0.169893 1.000000
65.817009 -58.406597 14.383780 0.162027 1.000000
93.261475 3.212061 13.682962 0.144478 1.000000
103.013916 4.669873 9.582528 0.090945 1.000000
16.310106 -9.865496 -1.880870 -0.096197 1.000000
87.737938 -33.571049 3.478816 0.038933 1.000000
113.826866 -21.695147 12.016063 0.107828 1.000000
43.979996 3.775165 -3.738215 -0.084324 1.000000
43.472965 3.720662 -3.519616 -0.080122 1.000000
107.530357 3.353790 13.245728 0.120595 1.000000
75.201591 -8.076820 5.281015 0.066530 1.000000
63.067062 1.348297 2.659993 0.042143 1.000000
42.242771 -2.246028 1.360704 0.031206 1.000000
112.460419 -9.401166 12.884561 0.118437 1.000000
116.241058 -24.646742 3.174721 0.025855 1.000000
68.298676 -59.941952 14.543030 0.158693 1.000000
99.200325 -16.659700 6.517564 0.068944 1.000000
16.494253 -9.206687 -2.328729 -0.118559 1.000000
97.785736 -13.236702 12.841822 0.128462 1.000000
71.992332 -9.905293 8.554868 0.117182 1.000000
67.464264 -58.589027 14.962672 0.168580 1.000000
72.501152 -9.029875 8.139198 0.114172 1.000000
96.328880 4.642142 15.843175 0.162825 1.000000
103.142395 -24.424360 11.324729 0.111091 1.000000
94.422005 4.067963 12.248269 0.130195 1.000000
40.997227 2.475148 4.119751 0.107767 1.000000
98.712242 9.547009 9.292326 0.092562 1.000000
59.246471 -54.898022 14.290821 0.175705 1.000000
42.307571 -2.783616 1.341091 0.029681 1.000000
50.218342 -10.117188 3.745414 0.068956 1.000000
46.466084 -2.189589 5.617314 0.118498 1.000000
92.589180 -7.393991 4.460923 0.047340 1.000000
60.605652 -55.533699 14.244843 0.171588 1.000000
100.729782 -12.794315 -1.368093 -0.014112 1.000000
60.564476 -55.680248 14.044755 0.169636 1.000000
112.504303 -9.240437 13.953849 0.122131 1.000000
96.915291 3.470827 -7.375390 -0.076067 1.000000
71.951073 -10.157672 8.511555 0.117901 1.000000
39.523628 0.978622 1.355016 0.032090 1.000000
39.851505 4.104985 1.056950 0.022780 1.000000
87.128967 3.270454 9.691737 0.108595 1.000000
2.829810 1.674533 0.156531 0.021218 1.000000
97.203491 4.939960 12.952091 0.131269 1.000000
39.914711 3.463974 0.669479 0.019269 1.000000
50.115971 -10.151657 3.835342 0.074866 1.000000
114.233788 -20.098759 12.630097 0.110920 1.000000
100.263046 -13.076800 4.992185 0.053375 1.000000
109.597321 2.048554 -7.225284 -0.065997 1.000000
116.413315 -24.175350 3.203660 0.026484 1.000000
75.201591 -8.076820 5.281015 0.066530 1.000000
58.008350 -54.077026 14.225734 0.178102 1.000000
42.297203 -1.944804 1.066307 0.030177 1.000000
42.412197 -3.835007 0.481871 0.015795 1.000000
46.361786 -2.160862 5.508539 0.114611 1.000000
100.594139 -12.468290 5.997234 0.059097 1.000000
93.483604 3.697562 11.562414 0.124253 1.000000
116.117081 -3.359624 13.828133 0.119510 1.000000
39.589687 1.068390 1.459251 0.032914 1.000000
116.195930 -24.652086 4.594770 0.039139 1.000000
61.198971 -55.899521 14.428523 0.172350 1.000000
105.551674 -22.540718 4.020920 0.037237 1.000000
63.761734 -57.430149 14.557534 0.168567 1.000000
116.035423 -3.535356 14.512091 0.124363 1.000000
40.505802 4.537458 1.932056 0.043100 1.000000
42.412197 -3.835007 0.481871 0.015795 1.000000
58.858501 -55.412167 6.739901 0.085247 1.000000
103.056511 4.641153 9.528023 0.091274 1.000000
102.996361 4.541716 9.327929 0.092708 1.000000
43.363483 3.713662 4.884424 0.111761 1.000000
112.504303 -9.240437 13.953849 0.122131 1.000000
111.808342 -15.259694 4.268218 0.038376 1.000000
59.181248 -54.900158 14.118707 0.173148 1.000000
57.894073 -22.091801 3.303472 0.052502 1.000000
111.787537 -15.162395 6.267177 0.054320 1.000000
67.464264 -58.589027 14.962672 0.168580 1.000000
97.615196 5.470243 -7.290253 -0.074429 1.000000
81.793289 -22.014105 5.304165 0.063219 1.000000
59.108482 -54.949875 14.294717 0.178151 1.000000
42.360924 -5.688944 0.574246 0.013435 1.000000
42.659527 -0.584111 4.835661 0.115025 1.000000
59.761776 -55.327293 14.500444 0.176787 1.000000
41.073486 2.601640 4.579798 0.115647 1.000000
102.984039 4.650173 10.214359 0.095540 1.000000
100.257355 -12.321326 6.652734 0.065766 1.000000
16.494253 -9.206687 -2.328729 -0.118559 1.000000
39.825451 4.455589 0.879483 0.021024 1.000000
111.763771 -15.103335 5.043098 0.044687 1.000000
87.128967 3.270454 9.691737 0.108595 1.000000
117.718521 -19.758062 2.908924 0.026109 1.000000
115.993851 -3.578898 15.004785 0.127706 1.000000
38.377125 5.047629 6.656336 0.170299 1.000000
43.979996 3.775165 -3.738215 -0.084324 1.000000
98.712242 9.547009 9.292326 0.092562 1.000000
63.962936 -57.353325 14.186935 0.163659 1.000000
116.195930 -24.652086 4.594770 0.039139 1.000000
103.055206 4.591781 8.841149 0.090083 1.000000
111.763771 -15.103335 5.043098 0.044687 1.000000
59.181248 -54.900158 14.118707 0.173148 1.000000
87.070007 3.339376 9.376043 0.103519 1.000000
118.310699 -17.247402 3.580220 0.033543 1.000000
4.741915 1.704206 -0.833937 -0.164014 1.000000
39.560383 1.067836 0.834549 0.021085 1.000000
63.181423 1.019783 -0.362966 -0.007794 1.000000
4.741915 1.704206 -0.833937 -0.164014 1.000000
97.785736 -13.236702 12.841822 0.128462 1.000000
111.808342 -15.259694 4.268218 0.038376 1.000000
113.823807 -21.321615 11.327807 0.094774 1.000000
103.422829 -5.716595 12.120531 0.117560 1.000000
3.687004 -4.711922 -0.585514 -0.092282 1.000000
94.222252 4.493579 10.843419 0.115695 1.000000
40.456993 5.006448 1.665802 0.042312 1.000000
94.292519 3.680621 11.785773 0.124253 1.000000
42.427292 -4.835962 0.576717 0.014355 1.000000
63.448811 -56.637344 14.625223 0.173050 1.000000
60.605652 -55.533699 14.244843 0.171588 1.000000
40.540955 5.065146 1.247383 0.029523 1.000000
43.363483 3.713662 4.884424 0.111761 1.000000
59.108482 -54.949875 14.294717 0.178151 1.000000
8.157009 -5.089954 -0.677846 -0.068313 1.000000
40.855812 2.246703 3.738074 0.091103 1.000000
61.106712 -56.134140 11.222383 0.136912 1.000000
22.833696 1.910617 0.113919 0.008012 1.000000
39.769718 4.709417 0.736370 0.018385 1.000000
75.201591 -8.076820 5.281015 0.066530 1.000000
43.030266 3.480689 4.948845 0.114136 1.000000
98.646568 9.607828 9.168818 0.092246 1.000000
54.976803 -21.077307 1.495397 0.024789 1.000000
97.851982 5.177724 11.067877 0.117548 1.000000
16.310106 -9.865496 -1.880870 -0.096197 1.000000
118.311348 -16.757250 4.259881 0.036171 1.000000
111.787537 -15.162395 6.267177 0.054320 1.000000
60.056808 14.570084 11.920086 0.186606 1.000000
103.840446 -3.839795 13.807765 0.131147 1.000000
91.036812 -10.238330 10.207472 0.113795 1.000000
94.892654 4.101775 16.216337 0.170622 1.000000
102.996361 4.541716 9.327929 0.092708 1.000000
103.055206 4.591781 8.841149 0.090083 1.000000
103.422829 -5.716595 12.120531 0.117560 1.000000
59.108482 -54.949875 14.294717 0.178151 1.000000
43.329418 3.710276 5.161802 0.116353 1.000000
100.257355 -12.321326 6.652734 0.065766 1.000000
111.763771 -15.103335 5.043098 0.044687 1.000000
103.240845 -24.012968 11.435269 0.112138 1.000000
60.923630 -56.261520 11.226958 0.134957 1.000000
42.659527 -0.584111 4.835661 0.115025 1.000000
96.736755 4.693730 13.302803 0.132637 1.000000
40.523163 4.766371 1.345452 0.038339 1.000000
103.055206 4.591781 8.841149 0.090083 1.000000
94.222252 4.493579 10.843419 0.115695 1.000000
73.093491 -7.829980 10.507735 0.140712 1.000000
58.546082 -54.521660 14.272486 0.177143 1.000000
44.462769 4.368618 -3.608972 -0.079260 1.000000
8.327891 -4.946310 -0.351119 -0.036535 1.000000
59.023212 -55.395653 11.004339 0.135519 1.000000
41.099297 2.334749 4.213905 0.096027 1.000000
96.104790 4.680258 13.445723 0.138842 1.000000
85.425041 -15.877706 4.244936 0.053011 1.000000
74.872421 -62.870438 -13.584196 -0.137779 1.000000
81.824326 -22.001904 5.234056 0.066057 1.000000
95.131104 3.763005 13.230804 0.135849 1.000000
41.789711 2.817635 4.765059 0.118096 1.000000
103.142395 -24.424360 11.324729 0.111091 1.000000
8.157009 -5.089954 -0.677846 -0.068313 1.000000
112.715073 -9.116012 13.178406 0.118596 1.000000
116.035423 -3.535356 14.512091 0.124363 1.000000
58.546082 -54.521660 14.272486 0.177143 1.000000
111.763771 -15.103335 5.043098 0.044687 1.000000
115.717743 -20.346588 14.503294 0.125375 1.000000
42.242771 -2.246028 1.360704 0.031206 1.000000
23.365643 -14.919847 4.593093 0.161525 1.000000
41.757111 2.792449 4.893262 0.118718 1.000000
44.503876 4.158510 -2.473816 -0.056163 1.000000
81.793289 -22.014105 5.304165 0.063219 1.000000
113.823807 -21.321615 11.327807 0.094774 1.000000
105.551674 -22.540718 4.020920 0.037237 1.000000
100.263046 -13.076800 4.992185 0.053375 1.000000
23.576864 -14.832927 4.052677 0.139319 1.000000
3.687004 -4.711922 -0.585514 -0.092282 1.000000
116.117081 -3.359624 13.828133 0.119510 1.000000
99.211708 -16.338556 6.682196 0.068605 1.000000
100.257355 -12.321326 6.652734 0.065766 1.000000
63.962936 -57.353325 14.186935 0.163659 1.000000
91.308655 -9.732690 10.567848 0.111079 1.000000
60.605652 -55.533699 14.244843 0.171588 1.000000
97.058212 -16.667809 6.181217 0.060127 1.000000
100.594139 -12.468290 5.997234 0.059097 1.000000
12.050076 3.704662 -1.921764 -0.159440 1.000000
44.503876 4.158510 -2.473816 -0.056163 1.000000
43.979996 3.775165 -3.738215 -0.084324 1.000000
98.638283 9.626673 9.480064 0.093546 1.000000
2.829810 1.674533 0.156531 0.021218 1.000000
95.833702 3.881013 -7.696875 -0.079904 1.000000
39.769718 4.709417 0.736370 0.018385 1.000000
96.528191 -16.002241 12.252091 0.124570 1.000000
93.261475 3.212061 13.682962 0.144478 1.000000
114.986679 -22.620447 9.255008 0.078167 1.000000
114.986679 -22.620447 9.255008 0.078167 1.000000
46.466084 -2.189589 5.617314 0.118498 1.000000
96.033165 3.656015 13.596899 0.143622 1.000000
96.915291 3.470827 -7.375390 -0.076067 1.000000
81.679260 -22.026468 5.603602 0.066142 1.000000
62.574272 -56.581108 14.353908 0.169071 1.000000
60.564476 -55.680248 14.044755 0.169636 1.000000
2.810900 1.714653 0.070548 0.014778 1.000000
42.252449 -1.634905 0.717250 0.013907 1.000000
7.971338 -5.034134 -0.364151 -0.038606 1.000000
63.448811 -56.637344 14.625223 0.173050 1.000000
96.528191 -16.002241 12.252091 0.124570 1.000000
46.466084 -2.189589 5.617314 0.118498 1.000000
22.828602 1.813490 0.446260 0.014790 1.000000
40.505802 4.537458 1.932056 0.043100 1.000000
59.246471 -54.898022 14.290821 0.175705 1.000000
97.615196 5.470243 -7.290253 -0.074429 1.000000
63.067062 1.348297 2.659993 0.042143 1.000000
22.841496 1.918066 0.064428 0.008254 1.000000
43.030266 3.480689 4.948845 0.114136 1.000000
112.460419 -9.401166 12.884561 0.118437 1.000000
95.174698 3.737458 -6.964238 -0.072123 1.000000
93.483604 3.697562 11.562414 0.124253 1.000000
97.851982 5.177724 11.067877 0.117548 1.000000
38.377125 5.047629 6.656336 0.170299 1.000000
115.717743 -20.346588 14.503294 0.125375 1.000000
59.918873 -55.274570 14.166037 0.172055 1.000000
42.360924 -5.688944 0.574246 0.013435 1.000000
43.363483 3.713662 4.884424 0.111761 1.000000
43.979996 3.775165 -3.738215 -0.084324 1.000000
59.761776 -55.327293 14.500444 0.176787 1.000000
114.233788 -20.098759 12.630097 0.110920 1.000000
97.203491 4.939960 12.952091 0.131269 1.000000
42.686001 -0.581398 4.765256 0.115866 1.000000
3.687004 -4.711922 -0.585514 -0.092282 1.000000
101.314072 -49.981407 5.545115 0.048600 1.000000
75.201591 -8.076820 5.281015 0.066530 1.000000
113.826866 -21.695147 12.016063 0.107828 1.000000
42.349617 -1.699708 1.353467 0.033083 1.000000
97.615196 5.470243 -7.290253 -0.074429 1.000000
62.574272 -56.581108 14.353908 0.169071 1.000000
64.421234 -57.709412 14.679186 0.168641 1.000000
58.546082 -54.521660 14.272486 0.177143 1.000000
91.308655 -9.732690 10.567848 0.111079 1.000000
88.993797 -9.892106 13.122579 0.141507 1.000000
72.456352 -9.822417 7.989229 0.107755 1.000000
116.195930 -24.652086 4.594770 0.039139 1.000000
75.490974 -63.459049 -12.711483 -0.127828 1.000000
73.093491 -7.829980 10.507735 0.140712 1.000000
91.830910 -10.549216 -6.355324 -0.068762 1.000000
50.218342 -10.117188 3.745414 0.068956 1.000000
92.589180 -7.393991 4.460923 0.047340 1.000000
40.456993 5.006448 1.665802 0.042312 1.000000
40.023846 -1.544059 0.565397 0.015093 1.000000
92.589180 -7.393991 4.460923 0.047340 1.000000
113.750717 -21.668964 12.199340 0.105758 1.000000
112.715073 -9.116012 13.178406 0.118596 1.000000
2.809011 1.694324 0.104370 0.016400 1.000000
39.581722 1.086896 1.265691 0.030940 1.000000
105.555031 -22.688345 4.312059 0.041840 1.000000
75.490974 -63.459049 -12.711483 -0.127828 1.000000
17.151068 -9.323698 -1.881849 -0.094021 1.000000
103.299065 4.184622 11.208651 0.109130 1.000000
43.979996 3.775165 -3.738215 -0.084324 1.000000
59.181248 -54.900158 14.118707 0.173148 1.000000
111.787537 -15.162395 6.267177 0.054320 1.000000
100.594139 -12.468290 5.997234 0.059097 1.000000
114.986679 -22.620447 9.255008 0.078167 1.000000
72.791443 -60.119770 -15.153508 -0.159060 1.000000
16.494253 -9.206687 -2.328729 -0.118559 1.000000
42.286987 -1.877708 1.651817 0.036886 1.000000
81.793289 -22.014105 5.304165 0.063219 1.000000
95.590652 4.292761 13.088738 0.138977 1.000000
41.750034 0.181808 -0.386704 -0.009816 1.000000
103.840446 -3.839795 13.807765 0.131147 1.000000
102.709007 -21.064280 19.703001 0.186967 1.000000
58.165279 -54.847717 11.366195 0.143793 1.000000
96.736755 4.693730 13.302803 0.132637 1.000000
29.793377 -6.196173 1.682223 0.053763 1.000000
12.281752 3.776142 -1.286405 -0.096294 1.000000
74.872421 -62.870438 -13.584196 -0.137779 1.000000
42.318047 -1.940353 1.236449 0.031969 1.000000
43.531853 3.868132 -3.624389 -0.081506 1.000000
95.174698 3.737458 -6.964238 -0.072123 1.000000
73.593277 -61.333282 -13.867817 -0.143536 1.000000
100.594139 -12.468290 5.997234 0.059097 1.000000
109.597321 2.048554 -7.225284 -0.065997 1.000000
103.240845 -24.012968 11.435269 0.112138 1.000000
103.299065 4.184622 11.208651 0.109130 1.000000
55.482868 -19.285315 1.425208 0.024789 1.000000
43.531853 3.868132 -3.624389 -0.081506 1.000000
43.363483 3.713662 4.884424 0.111761 1.000000
67.464264 -58.589027 14.962672 0.168580 1.000000
103.749908 -20.619350 13.401468 0.124253 1.000000
118.376282 -17.060198 4.232490 0.037213 1.000000
8.049920 -5.083702 -0.169304 -0.014500 1.000000
118.376282 -17.060198 4.232490 0.037213 1.000000
58.008350 -54.077026 14.225734 0.178102 1.000000
103.840446 -3.839795 13.807765 0.131147 1.000000
95.590652 4.292761 13.088738 0.138977 1.000000
109.816872 -12.878538 17.439024 0.159379 1.000000
42.286987 -1.877708 1.651817 0.036886 1.000000
40.997227 2.475148 4.119751 0.107767 1.000000
68.298676 -59.941952 14.543030 0.158693 1.000000
63.962936 -57.353325 14.186935 0.163659 1.000000
7.137252 -5.181587 -0.220175 -0.022138 1.000000
40.505802 4.537458 1.932056 0.043100 1.000000
111.801186 -15.513552 4.906091 0.041246 1.000000
40.505802 4.537458 1.932056 0.043100 1.000000
96.104790 4.680258 13.445723 0.138842 1.000000
116.195930 -24.652086 4.594770 0.039139 1.000000
2.810900 1.714653 0.070548 0.014778 1.000000
96.528191 -16.002241 12.252091 0.124570 1.000000
111.787537 -15.162395 6.267177 0.054320 1.000000
87.070007 3.339376 9.376043 0.103519 1.000000
116.035423 -3.535356 14.512091 0.124363 1.000000
44.503876 4.158510 -2.473816 -0.056163 1.000000
73.593277 -61.333282 -13.867817 -0.143536 1.000000
103.240845 -24.012968 11.435269 0.112138 1.000000
103.422829 -5.716595 12.120531 0.117560 1.000000
109.816872 -12.878538 17.439024 0.159379 1.000000
40.523163 4.766371 1.345452 0.038339 1.000000
66.476074 -58.474190 14.952789 0.169992 1.000000
12.281752 3.776142 -1.286405 -0.096294 1.000000
43.008915 3.695661 4.873046 0.114647 1.000000
95.590652 4.292761 13.088738 0.138977 1.000000
60.056808 14.570084 11.920086 0.186606 1.000000
40.505802 4.537458 1.932056 0.043100 1.000000
43.008915 3.695661 4.873046 0.114647 1.000000
60.564476 -55.680248 14.044755 0.169636 1.000000
63.285385 -56.858742 14.594575 0.169893 1.000000
66.476074 -58.474190 14.952789 0.169992 1.000000
87.128967 3.270454 9.691737 0.108595 1.000000
41.524368 0.681332 -0.825485 -0.019874 1.000000
81.837990 -22.135693 5.191027 0.061825 1.000000
39.825451 4.455589 0.879483 0.021024 1.000000
4.787212 1.682773 -0.888097 -0.163536 1.000000
40.472179 4.755308 1.764842 0.043281 1.000000
59.023212 -55.395653 11.004339 0.135519 1.000000
46.466084 -2.189589 5.617314 0.118498 1.000000
96.925560 -15.611344 12.000051 0.120717 1.000000
23.386633 -15.176699 4.659255 0.156646 1.000000
54.976803 -21.077307 1.495397 0.024789 1.000000
39.872181 4.077463 0.565657 0.018833 1.000000
40.472179 4.755308 1.764842 0.043281 1.000000
82.896324 -19.252544 9.354300 0.114660 1.000000
85.425041 -15.877706 4.244936 0.053011 1.000000
113.750717 -21.668964 12.199340 0.105758 1.000000
39.914711 3.463974 0.669479 0.019269 1.000000
41.789711 2.817635 4.765059 0.118096 1.000000
53.469322 -78.337349 11.241701 0.117877 1.000000
114.289177 -22.345367 13.294446 0.118279 1.000000
97.851982 5.177724 11.067877 0.117548 1.000000
100.257355 -12.321326 6.652734 0.065766 1.000000
81.824326 -22.001904 5.234056 0.066057 1.000000
60.923630 -56.261520 11.226958 0.134957 1.000000
42.412197 -3.835007 0.481871 0.015795 1.000000
92.589180 -7.393991 4.460923 0.047340 1.000000
64.421234 -57.709412 14.679186 0.168641 1.000000
7.137252 -5.181587 -0.220175 -0.022138 1.000000
81.837990 -22.135693 5.191027 0.061825 1.000000
59.761776 -55.327293 14.500444 0.176787 1.000000
112.321266 -9.187430 13.772598 0.121607 1.000000
42.307571 -2.783616 1.341091 0.029681 1.000000
40.023846 -1.544059 0.565397 0.015093 1.000000
69.009056 -60.165607 15.009861 0.165094 1.000000
58.802616 10.384150 3.573597 0.059775 1.000000
99.200325 -16.659700 6.517564 0.068944 1.000000
22.841496 1.918066 0.064428 0.008254 1.000000
43.008915 3.695661 4.873046 0.114647 1.000000
116.117081 -3.359624 13.828133 0.119510 1.000000
42.252449 -1.634905 0.717250 0.013907 1.000000
85.425041 -15.877706 4.244936 0.053011 1.000000
116.241058 -24.646742 3.174721 0.025855 1.000000
103.013916 4.669873 9.582528 0.090945 1.000000
66.521065 -58.506847 14.960029 0.167291 1.000000
7.137252 -5.181587 -0.220175 -0.022138 1.000000
39.589687 1.068390 1.459251 0.032914 1.000000
71.992332 -9.905293 8.554868 0.117182 1.000000
42.349617 -1.699708 1.353467 0.033083 1.000000
44.503876 4.158510 -2.473816 -0.056163 1.000000
42.659527 -0.584111 4.835661 0.115025 1.000000
116.372452 -23.913233 3.990907 0.033580 1.000000
40.463089 4.807713 1.613345 0.037273 1.000000
40.023846 -1.544059 0.565397 0.015093 1.000000
23.386633 -15.176699 4.659255 0.156646 1.000000
42.242771 -2.246028 1.360704 0.031206 1.000000
100.263046 -13.076800 4.992185 0.053375 1.000000
41.750034 0.181808 -0.386704 -0.009816 1.000000
40.838940 2.183059 3.946246 0.090374 1.000000
91.308655 -9.732690 10.567848 0.111079 1.000000
73.093491 -7.829980 10.507735 0.140712 1.000000
114.986679 -22.620447 9.255008 0.078167 1.000000
42.349617 -1.699708 1.353467 0.033083 1.000000
71.883728 -12.904802 3.376734 0.050624 1.000000
114.233788 -20.098759 12.630097 0.110920 1.000000
63.285385 -56.858742 14.594575 0.169893 1.000000
57.992123 -54.143040 14.128898 0.181091 1.000000
85.425041 -15.877706 4.244936 0.053011 1.000000
50.115971 -10.151657 3.835342 0.074866 1.000000
97.615196 5.470243 -7.290253 -0.074429 1.000000
94.222252 4.493579 10.843419 0.115695 1.000000
103.013916 4.669873 9.582528 0.090945 1.000000
98.712242 9.547009 9.292326 0.092562 1.000000
42.318047 -1.940353 1.236449 0.031969 1.000000
96.104790 4.680258 13.445723 0.138842 1.000000
40.023846 -1.544059 0.565397 0.015093 1.000000
97.785736 -13.236702 12.841822 0.128462 1.000000
87.128967 3.270454 9.691737 0.108595 1.000000
73.093491 -7.829980 10.507735 0.140712 1.000000
43.329418 3.710276 5.161802 0.116353 1.000000
105.542870 -22.886934 4.368979 0.040943 1.000000
42.412197 -3.835007 0.481871 0.015795 1.000000
42.318047 -1.940353 1.236449 0.031969 1.000000
74.872421 -62.870438 -13.584196 -0.137779 1.000000
22.833696 1.910617 0.113919 0.008012 1.000000
87.737938 -33.571049 3.478816 0.038933 1.000000
112.715073 -9.116012 13.178406 0.118596 1.000000
57.992123 -54.143040 14.128898 0.181091 1.000000
8.049920 -5.083702 -0.169304 -0.014500 1.000000
2.772202 1.801961 -0.012559 0.009404 1.000000
73.093491 -7.829980 10.507735 0.140712 1.000000
66.521065 -58.506847 14.960029 0.167291 1.000000
38.377125 5.047629 6.656336 0.170299 1.000000
92.522148 -7.228060 4.730773 0.049594 1.000000
95.322723 3.972676 12.104020 0.125180 1.000000
64.421234 -57.709412 14.679186 0.168641 1.000000
64.421234 -57.709412 14.679186 0.168641 1.000000
59.246471 -54.898022 14.290821 0.175705 1.000000
63.067062 1.348297 2.659993 0.042143 1.000000
112.460419 -9.401166 12.884561 0.118437 1.000000
81.824326 -22.001904 5.234056 0.066057 1.000000
95.590652 4.292761 13.088738 0.138977 1.000000
97.058212 -16.667809 6.181217 0.060127 1.000000
46.466084 -2.189589 5.617314 0.118498 1.000000
22.855293 1.885880 0.248745 0.008436 1.000000
114.289177 -22.345367 13.294446 0.118279 1.000000
39.872181 4.077463 0.565657 0.018833 1.000000
74.872421 -62.870438 -13.584196 -0.137779 1.000000
64.421234 -57.709412 14.679186 0.168641 1.000000
94.422005 4.067963 12.248269 0.130195 1.000000
118.374321 -17.100504 4.574684 0.038230 1.000000
41.750034 0.181808 -0.386704 -0.009816 1.000000
64.421234 -57.709412 14.679186 0.168641 1.000000
99.200325 -16.659700 6.517564 0.068944 1.000000
63.181423 1.019783 -0.362966 -0.007794 1.000000
39.589687 1.068390 1.459251 0.032914 1.000000
63.962936 -57.353325 14.186935 0.163659 1.000000
39.560383 1.067836 0.834549 0.021085 1.000000
16.604801 -8.981358 -2.632674 -0.142069 1.000000
39.581722 1.086896 1.265691 0.030940 1.000000
105.555031 -22.688345 4.312059 0.041840 1.000000
88.993797 -9.892106 13.122579 0.141507 1.000000
4.741915 1.704206 -0.833937 -0.164014 1.000000
85.425041 -15.877706 4.244936 0.053011 1.000000
39.825451 4.455589 0.879483 0.021024 1.000000
41.789711 2.817635 4.765059 0.118096 1.000000
39.769718 4.709417 0.736370 0.018385 1.000000
103.840446 -3.839795 13.807765 0.131147 1.000000
92.522148 -7.228060 4.730773 0.049594 1.000000
2.772202 1.801961 -0.012559 0.009404 1.000000
43.329418 3.710276 5.161802 0.116353 1.000000
98.678001 9.530146 9.586434 0.093097 1.000000
43.030266 3.480689 4.948845 0.114136 1.000000
43.008915 3.695661 4.873046 0.114647 1.000000
40.855812 2.246703 3.738074 0.091103 1.000000
59.918873 -55.274570 14.166037 0.172055 1.000000
97.851982 5.177724 11.067877 0.117548 1.000000
41.073486 2.601640 4.579798 0.115647 1.000000
72.456352 -9.822417 7.989229 0.107755 1.000000
40.472179 4.755308 1.764842 0.043281 1.000000
42.286987 -1.877708 1.651817 0.036886 1.000000
57.894073 -22.091801 3.303472 0.052502 1.000000
55.481876 -19.401108 1.065457 0.022090 1.000000
103.142395 -24.424360 11.324729 0.111091 1.000000
103.299065 4.184622 11.208651 0.109130 1.000000
42.242771 -2.246028 1.360704 0.031206 1.000000
116.035423 -3.535356 14.512091 0.124363 1.000000
92.589180 -7.393991 4.460923 0.047340 1.000000
40.838940 2.183059 3.946246 0.090374 1.000000
43.329418 3.710276 5.161802 0.116353 1.000000
43.046944 3.620671 5.381193 0.117462 1.000000
50.115971 -10.151657 3.835342 0.074866 1.000000
93.261475 3.212061 13.682962 0.144478 1.000000
42.347412 -3.223993 1.422506 0.029947 1.000000
111.787537 -15.162395 6.267177 0.054320 1.000000
93.483604 3.697562 11.562414 0.124253 1.000000
7.137252 -5.181587 -0.220175 -0.022138 1.000000
40.835304 2.219015 3.899122 0.093413 1.000000
94.892654 4.101775 16.216337 0.170622 1.000000
71.951073 -10.157672 8.511555 0.117901 1.000000
72.501152 -9.029875 8.139198 0.114172 1.000000
41.099297 2.334749 4.213905 0.096027 1.000000
105.555031 -22.688345 4.312059 0.041840 1.000000
91.308655 -9.732690 10.567848 0.111079 1.000000
39.851505 4.104985 1.056950 0.022780 1.000000
46.466084 -2.189589 5.617314 0.118498 1.000000
40.835304 2.219015 3.899122 0.093413 1.000000
43.215847 3.617936 -3.532391 -0.081106 1.000000
39.838654 4.160150 0.950263 0.021763 1.000000
17.151068 -9.323698 -1.881849 -0.094021 1.000000
95.174698 3.737458 -6.964238 -0.072123 1.000000
71.992332 -9.905293 8.554868 0.117182 1.000000
94.222252 4.493579 10.843419 0.115695 1.000000
42.686001 -0.581398 4.765256 0.115866 1.000000
7.971338 -5.034134 -0.364151 -0.038606 1.000000
116.241058 -24.646742 3.174721 0.025855 1.000000
68.298676 -59.941952 14.543030 0.158693 1.000000
2.829810 1.674533 0.156531 0.021218 1.000000
96.328880 4.642142 15.843175 0.162825 1.000000
39.595921 1.086465 0.741251 0.019826 1.000000
116.195930 -24.652086 4.594770 0.039139 1.000000
41.073486 2.601640 4.579798 0.115647 1.000000
59.023212 -55.395653 11.004339 0.135519 1.000000
93.483604 3.697562 11.562414 0.124253 1.000000
114.289177 -22.345367 13.294446 0.118279 1.000000
4.765395 1.670449 -0.942586 -0.163045 1.000000
115.717743 -20.346588 14.503294 0.125375 1.000000
62.717018 -56.489147 14.684265 0.176959 1.000000
17.151068 -9.323698 -1.881849 -0.094021 1.000000
91.036812 -10.238330 10.207472 0.113795 1.000000
61.496159 -55.754490 14.053194 0.172399 1.000000
111.801186 -15.513552 4.906091 0.041246 1.000000
81.837990 -22.135693 5.191027 0.061825 1.000000
42.252449 -1.634905 0.717250 0.013907 1.000000
62.635700 -56.550808 14.280243 0.167634 1.000000
95.734848 4.559132 12.678894 0.130488 1.000000
74.872421 -62.870438 -13.584196 -0.137779 1.000000
93.483604 3.697562 11.562414 0.124253 1.000000
62.635700 -56.550808 14.280243 0.167634 1.000000
40.505802 4.537458 1.932056 0.043100 1.000000
100.263046 -13.076800 4.992185 0.053375 1.000000
8.049920 -5.083702 -0.169304 -0.014500 1.000000
81.679260 -22.026468 5.603602 0.066142 1.000000
41.757111 2.792449 4.893262 0.118718 1.000000
97.615196 5.470243 -7.290253 -0.074429 1.000000
42.252449 -1.634905 0.717250 0.013907 1.000000
69.009056 -60.165607 15.009861 0.165094 1.000000
2.822076 1.782349 0.019401 0.013774 1.000000
41.099297 2.334749 4.213905 0.096027 1.000000
94.956131 4.332353 12.922523 0.131233 1.000000
43.329418 3.710276 5.161802 0.116353 1.000000
42.318047 -1.940353 1.236449 0.031969 1.000000
2.810900 1.714653 0.070548 0.014778 1.000000
60.564476 -55.680248 14.044755 0.169636 1.000000
93.483604 3.697562 11.562414 0.124253 1.000000
94.354614 3.681550 12.299881 0.134945 1.000000
100.222878 -12.118085 5.700284 0.055120 1.000000
96.917130 4.397027 13.623428 0.138451 1.000000
71.951073 -10.157672 8.511555 0.117901 1.000000
102.709007 -21.064280 19.703001 0.186967 1.000000
16.310106 -9.865496 -1.880870 -0.096197 1.000000
112.504303 -9.240437 13.953849 0.122131 1.000000
58.008350 -54.077026 14.225734 0.178102 1.000000
94.923294 4.026026 11.675497 0.118571 1.000000
105.542870 -22.886934 4.368979 0.040943 1.000000
43.363483 3.713662 4.884424 0.111761 1.000000
39.581722 1.086896 1.265691 0.030940 1.000000
81.824326 -22.001904 5.234056 0.066057 1.000000
91.036812 -10.238330 10.207472 0.113795 1.000000
115.717743 -20.346588 14.503294 0.125375 1.000000
81.837990 -22.135693 5.191027 0.061825 1.000000
96.328880 4.642142 15.843175 0.162825 1.000000
82.896324 -19.252544 9.354300 0.114660 1.000000
91.031845 -10.046533 10.761078 0.116963 1.000000
101.314072 -49.981407 5.545115 0.048600 1.000000
105.542870 -22.886934 4.368979 0.040943 1.000000
38.377125 5.047629 6.656336 0.170299 1.000000
103.240845 -24.012968 11.435269 0.112138 1.000000
39.769718 4.709417 0.736370 0.018385 1.000000
44.403572 4.275912 -3.518610 -0.078714 1.000000
103.240845 -24.012968 11.435269 0.112138 1.000000
102.996361 4.541716 9.327929 0.092708 1.000000
2.809011 1.694324 0.104370 0.016400 1.000000
81.679260 -22.026468 5.603602 0.066142 1.000000
44.677826 -4.146417 3.987254 0.085636 1.000000
63.067062 1.348297 2.659993 0.042143 1.000000
39.769718 4.709417 0.736370 0.018385 1.000000
85.425041 -15.877706 4.244936 0.053011 1.000000
100.729782 -12.794315 -1.368093 -0.014112 1.000000
81.793289 -22.014105 5.304165 0.063219 1.000000
44.677826 -4.146417 3.987254 0.085636 1.000000
16.604801 -8.981358 -2.632674 -0.142069 1.000000
42.347412 -3.223993 1.422506 0.029947 1.000000
61.106712 -56.134140 11.222383 0.136912 1.000000
39.851505 4.104985 1.056950 0.022780 1.000000
44.462769 4.368618 -3.608972 -0.079260 1.000000
16.494253 -9.206687 -2.328729 -0.118559 1.000000
43.531853 3.868132 -3.624389 -0.081506 1.000000
109.816872 -12.878538 17.439024 0.159379 1.000000
58.546082 -54.521660 14.272486 0.177143 1.000000
23.365643 -14.919847 4.593093 0.161525 1.000000
85.624359 -15.685714 3.628718 0.043778 1.000000
44.403572 4.275912 -3.518610 -0.078714 1.000000
61.198971 -55.899521 14.428523 0.172350 1.000000
2.822076 1.782349 0.019401 0.013774 1.000000
39.595921 1.086465 0.741251 0.019826 1.000000
81.824326 -22.001904 5.234056 0.066057 1.000000
44.503876 4.158510 -2.473816 -0.056163 1.000000
98.712242 9.547009 9.292326 0.092562 1.000000
97.851982 5.177724 11.067877 0.117548 1.000000
43.517014 3.791003 -3.671147 -0.083729 1.000000
112.715073 -9.116012 13.178406 0.118596 1.000000
7.971338 -5.034134 -0.364151 -0.038606 1.000000
116.241058 -24.646742 3.174721 0.025855 1.000000
116.241058 -24.646742 3.174721 0.025855 1.000000
40.463089 4.807713 1.613345 0.037273 1.000000
101.314072 -49.981407 5.545115 0.048600 1.000000
42.307571 -2.783616 1.341091 0.029681 1.000000
3.687004 -4.711922 -0.585514 -0.092282 1.000000
109.597321 2.048554 -7.225284 -0.065997 1.000000
44.677826 -4.146417 3.987254 0.085636 1.000000
39.838654 4.160150 0.950263 0.021763 1.000000
101.314072 -49.981407 5.545115 0.048600 1.000000
95.174698 3.737458 -6.964238 -0.072123 1.000000
41.757111 2.792449 4.893262 0.118718 1.000000
44.677826 -4.146417 3.987254 0.085636 1.000000
59.246471 -54.898022 14.290821 0.175705 1.000000
113.750717 -21.668964 12.199340 0.105758 1.000000
111.801186 -15.513552 4.906091 0.041246 1.000000
114.986679 -22.620447 9.255008 0.078167 1.000000
58.165279 -54.847717 11.366195 0.143793 1.000000
112.715073 -9.116012 13.178406 0.118596 1.000000
42.318047 -1.940353 1.236449 0.031969 1.000000
95.322723 3.972676 12.104020 0.125180 1.000000
115.717743 -20.346588 14.503294 0.125375 1.000000
102.709007 -21.064280 19.703001 0.186967 1.000000
60.226070 -55.627590 10.627248 0.133125 1.000000
65.817009 -58.406597 14.383780 0.162027 1.000000
98.678001 9.530146 9.586434 0.093097 1.000000
96.915291 3.470827 -7.375390 -0.076067 1.000000
94.923294 4.026026 11.675497 0.118571 1.000000
39.914711 3.463974 0.669479 0.019269 1.000000
4.741915 1.704206 -0.833937 -0.164014 1.000000
2.768583 1.828331 -0.043141 0.005483 1.000000
42.290188 -2.061844 1.244233 0.029378 1.000000
102.709007 -21.064280 19.703001 0.186967 1.000000
96.033165 3.656015 13.596899 0.143622 1.000000
40.855812 2.246703 3.738074 0.091103 1.000000
96.917130 4.397027 13.623428 0.138451 1.000000
94.853531 3.848373 -7.843431 -0.082526 1.000000
102.984039 4.650173 10.214359 0.095540 1.000000
2.812810 1.753884 0.051238 0.015456 1.000000
81.824326 -22.001904 5.234056 0.066057 1.000000
91.830910 -10.549216 -6.355324 -0.068762 1.000000
42.347412 -3.223993 1.422506 0.029947 1.000000
105.555031 -22.688345 4.312059 0.041840 1.000000
111.801186 -15.513552 4.906091 0.041246 1.000000
39.560383 1.067836 0.834549 0.021085 1.000000
54.976803 -21.077307 1.495397 0.024789 1.000000
116.117081 -3.359624 13.828133 0.119510 1.000000
66.521065 -58.506847 14.960029 0.167291 1.000000
98.646568 9.607828 9.168818 0.092246 1.000000
96.328880 4.642142 15.843175 0.162825 1.000000
116.117081 -3.359624 13.828133 0.119510 1.000000
43.008915 3.695661 4.873046 0.114647 1.000000
116.035423 -3.535356 14.512091 0.124363 1.000000
94.422005 4.067963 12.248269 0.130195 1.000000
43.215847 3.617936 -3.532391 -0.081106 1.000000
4.741915 1.704206 -0.833937 -0.164014 1.000000
87.737938 -33.571049 3.478816 0.038933 1.000000
98.646568 9.607828 9.168818 0.092246 1.000000
87.128967 3.270454 9.691737 0.108595 1.000000
103.749908 -20.619350 13.401468 0.124253 1.000000
98.712242 9.547009 9.292326 0.092562 1.000000
39.581722 1.086896 1.265691 0.030940 1.000000
39.872181 4.077463 0.565657 0.018833 1.000000
100.594139 -12.468290 5.997234 0.059097 1.000000
44.403572 4.275912 -3.518610 -0.078714 1.000000
73.593277 -61.333282 -13.867817 -0.143536 1.000000
96.033165 3.656015 13.596899 0.143622 1.000000
103.055206 4.591781 8.841149 0.090083 1.000000
116.035423 -3.535356 14.512091 0.124363 1.000000
103.013916 4.669873 9.582528 0.090945 1.000000
59.918873 -55.274570 14.166037 0.172055 1.000000
22.855293 1.885880 0.248745 0.008436 1.000000
39.560383 1.067836 0.834549 0.021085 1.000000
111.808342 -15.259694 4.268218 0.038376 1.000000
22.855293 1.885880 0.248745 0.008436 1.000000
40.997227 2.475148 4.119751 0.107767 1.000000
103.422829 -5.716595 12.120531 0.117560 1.000000
41.524368 0.681332 -0.825485 -0.019874 1.000000
41.571053 0.619180 -0.841097 -0.020673 1.000000
113.750717 -21.668964 12.199340 0.105758 1.000000
114.289177 -22.345367 13.294446 0.118279 1.000000
7.383445 -4.960165 -0.187933 -0.017986 1.000000
102.996361 4.541716 9.327929 0.092708 1.000000
66.476074 -58.474190 14.952789 0.169992 1.000000
41.099297 2.334749 4.213905 0.096027 1.000000
12.281752 3.776142 -1.286405 -0.096294 1.000000
103.299065 4.184622 11.208651 0.109130 1.000000
103.422829 -5.716595 12.120531 0.117560 1.000000
12.050076 3.704662 -1.921764 -0.159440 1.000000
22.841496 1.918066 0.064428 0.008254 1.000000
62.635700 -56.550808 14.280243 0.167634 1.000000
42.809177 3.187569 -3.658275 -0.085174 1.000000
23.365643 -14.919847 4.593093 0.161525 1.000000
40.505802 4.537458 1.932056 0.043100 1.000000
42.318047 -1.940353 1.236449 0.031969 1.000000
112.715073 -9.116012 13.178406 0.118596 1.000000
116.195930 -24.652086 4.594770 0.039139 1.000000
59.918873 -55.274570 14.166037 0.172055 1.000000
102.996361 4.541716 9.327929 0.092708 1.000000
46.361786 -2.160862 5.508539 0.114611 1.000000
43.472965 3.720662 -3.519616 -0.080122 1.000000
61.496159 -55.754490 14.053194 0.172399 1.000000
94.354614 3.681550 12.299881 0.134945 1.000000
2.829810 1.674533 0.156531 0.021218 1.000000
75.490974 -63.459049 -12.711483 -0.127828 1.000000
42.286987 -1.877708 1.651817 0.036886 1.000000
105.551674 -22.540718 4.020920 0.037237 1.000000
