99.221497 -7.157707 -8.662642 -0.084773 1.000000
16.657999 -9.158090 0.996245 0.061243 1.000000
104.328598 -21.666248 2.930826 0.027017 1.000000
47.853405 -6.277078 7.541272 0.153118 1.000000
28.346621 -5.451813 0.273610 0.012273 1.000000
50.862160 7.945324 5.972425 0.115500 1.000000
20.059126 -4.968874 1.742969 0.095577 1.000000
106.411499 1.799179 -10.087025 -0.093790 1.000000
85.441055 -68.243019 16.228447 0.151404 1.000000
39.546864 1.083188 0.536932 0.016073 1.000000
25.816584 -5.671659 1.944457 0.066833 1.000000
52.476421 -13.642804 -3.235178 -0.057472 1.000000
24.904711 -5.677455 0.254473 0.007988 1.000000
95.359703 -18.217365 -6.219508 -0.061606 1.000000
31.778780 -5.585923 0.041109 0.000557 1.000000
46.311447 -7.435320 6.949695 0.143182 1.000000
113.809738 -22.740101 -6.720583 -0.058054 1.000000
4.839765 1.776395 0.110389 0.035311 1.000000
85.992958 -68.272812 -13.906802 -0.124656 1.000000
79.851517 1.873378 -9.216063 -0.114903 1.000000
79.060234 -66.734329 14.415114 0.138439 1.000000
7.866447 3.442481 -0.156814 -0.019475 1.000000
21.645937 -7.145163 2.060830 0.096720 1.000000
46.641365 -2.119346 -4.498410 -0.096051 1.000000
47.310005 -76.238998 9.999434 0.110835 1.000000
46.389469 5.079899 5.352573 0.116341 1.000000
90.577492 -72.803665 11.127418 0.098933 1.000000
50.905910 7.918461 5.740774 0.112966 1.000000
114.207588 -21.905830 -7.752947 -0.065584 1.000000
63.934238 -56.380360 -13.660486 -0.158239 1.000000
76.888046 -1.703267 -8.781513 -0.112333 1.000000
25.816584 -5.671659 1.944457 0.066833 1.000000
60.881718 -3.917946 3.269403 0.050212 1.000000
25.317923 -5.731533 2.061204 0.088576 1.000000
50.872406 8.056552 5.693706 0.114148 1.000000
60.692924 -56.603794 6.851808 0.084409 1.000000
50.905910 7.918461 5.740774 0.112966 1.000000
47.310005 -76.238998 9.999434 0.110835 1.000000
57.696556 -54.585709 5.909630 0.077828 1.000000
45.020420 4.602263 5.508007 0.114940 1.000000
6.824700 1.730320 0.086667 0.012309 1.000000
45.067642 4.693410 4.668872 0.104736 1.000000
49.746765 -8.821073 -2.183480 -0.043463 1.000000
24.348272 -13.948092 1.600814 0.056987 1.000000
45.631092 5.126549 4.874442 0.113186 1.000000
16.659508 -9.201446 1.117824 0.060855 1.000000
45.067642 4.693410 4.668872 0.104736 1.000000
12.055916 -6.554014 -2.487415 -0.168936 1.000000
45.067642 4.693410 4.668872 0.104736 1.000000
52.159092 8.682928 5.091954 0.096002 1.000000
58.955902 -54.531094 -7.621136 -0.094094 1.000000
19.890301 -5.384513 2.201935 0.100125 1.000000
7.948590 -5.020766 1.735621 0.182556 1.000000
61.172699 -42.894806 1.686176 0.025855 1.000000
50.905910 7.918461 5.740774 0.112966 1.000000
88.564537 -71.500450 12.321945 0.111444 1.000000
49.240440 -75.028969 9.863067 0.109082 1.000000
29.501348 -5.372571 0.521777 0.013810 1.000000
47.640915 -72.774757 10.401926 0.119022 1.000000
20.799278 -4.785561 2.212629 0.093729 1.000000
60.692924 -56.603794 6.851808 0.084409 1.000000
102.648575 -2.888699 9.658411 0.092963 1.000000
19.808723 -5.934813 2.432821 0.106647 1.000000
55.564690 -19.307735 -3.459895 -0.056599 1.000000
49.746765 -8.821073 -2.183480 -0.043463 1.000000
25.317923 -5.731533 2.061204 0.088576 1.000000
99.402054 -5.318388 -12.559811 -0.125656 1.000000
91.410187 -73.238632 12.106318 0.106525 1.000000
70.298225 -12.622714 -6.389939 -0.088722 1.000000
17.549433 3.639277 1.115893 0.059606 1.000000
106.920036 -18.873777 -6.360602 -0.058430 1.000000
74.499542 -6.188001 -8.525284 -0.113381 1.000000
99.221497 -7.157707 -8.662642 -0.084773 1.000000
24.348272 -13.948092 1.600814 0.056987 1.000000
8.526609 -5.138578 -0.209143 -0.015783 1.000000
39.567295 1.137569 0.459225 0.016255 1.000000
54.515514 -31.211477 2.133217 0.033386 1.000000
88.028191 -70.841194 14.113992 0.128047 1.000000
6.852026 1.779200 0.057077 0.021884 1.000000
28.770878 -5.168575 -0.393459 -0.014016 1.000000
31.819689 -5.531697 0.185284 0.005737 1.000000
20.477140 -5.021876 2.049738 0.104383 1.000000
16.557486 -9.244790 1.060651 0.053908 1.000000
21.797684 -7.138071 1.263048 0.057036 1.000000
60.795082 -29.669933 -9.451694 -0.138977 1.000000
24.348272 -13.948092 1.600814 0.056987 1.000000
54.515514 -31.211477 2.133217 0.033386 1.000000
4.874415 3.544722 -1.355375 -0.246370 1.000000
79.871078 1.922933 -7.227957 -0.090228 1.000000
113.583794 -23.289209 -6.492625 -0.056102 1.000000
31.839060 -5.506145 0.230215 0.009682 1.000000
104.470871 -3.177282 -9.181586 -0.088272 1.000000
8.526609 -5.138578 -0.209143 -0.015783 1.000000
45.028828 4.638297 5.648743 0.120327 1.000000
90.138931 -10.442237 -9.648655 -0.105868 1.000000
104.328598 -21.666248 2.930826 0.027017 1.000000
31.819689 -5.531697 0.185284 0.005737 1.000000
6.852026 1.779200 0.057077 0.021884 1.000000
90.078606 -14.243486 7.786534 0.085174 1.000000
104.136063 -3.197650 -10.756852 -0.102266 1.000000
47.640915 -72.774757 10.401926 0.119022 1.000000
50.996098 7.816175 6.113892 0.114611 1.000000
8.476777 -6.067552 0.862641 0.082563 1.000000
25.522644 -5.467674 2.071948 0.077184 1.000000
3.067449 -3.121201 -0.191787 -0.044214 1.000000
7.594304 -5.279160 0.375548 0.044190 1.000000
29.781399 -6.185839 1.230172 0.035905 1.000000
101.258812 -7.719364 -0.544476 -0.006112 1.000000
63.878078 11.619217 -1.650929 -0.024789 1.000000
79.060234 -66.734329 14.415114 0.138439 1.000000
0.982118 -3.032388 -0.075503 -0.033338 1.000000
16.373615 -9.393818 1.666203 0.082611 1.000000
16.639763 -9.223520 1.185446 0.057848 1.000000
113.583794 -23.289209 -6.492625 -0.056102 1.000000
30.467134 -6.702964 0.996657 0.033192 1.000000
20.598549 -5.318858 2.757383 0.117877 1.000000
29.501348 -5.372571 0.521777 0.013810 1.000000
20.002211 -5.666725 2.279077 0.102826 1.000000
0.979731 -3.261401 0.268162 0.053908 1.000000
20.949780 -4.818985 2.071091 0.099310 1.000000
28.755018 -5.336195 -0.074082 -0.005277 1.000000
18.703217 -4.983363 2.813956 0.160850 1.000000
28.720694 -5.502336 0.358155 0.010372 1.000000
30.265129 -6.707335 0.221364 0.007141 1.000000
98.669861 -16.263475 3.501294 0.035566 1.000000
104.571785 -0.994225 -13.826583 -0.131453 1.000000
4.831569 1.797173 -0.003417 0.015190 1.000000
100.414040 0.183483 9.308421 0.093474 1.000000
8.476777 -6.067552 0.862641 0.082563 1.000000
9.972022 -5.241073 -0.044540 -0.005253 1.000000
47.640915 -72.774757 10.401926 0.119022 1.000000
30.509907 -6.702652 1.050413 0.037043 1.000000
50.872406 8.056552 5.693706 0.114148 1.000000
100.414040 0.183483 9.308421 0.093474 1.000000
60.119606 4.892753 -7.935459 -0.130452 1.000000
16.639763 -9.223520 1.185446 0.057848 1.000000
76.981262 -2.595656 -8.165665 -0.105710 1.000000
29.486053 -5.309072 0.070640 0.007056 1.000000
93.473625 -73.539223 13.933487 0.116621 1.000000
52.181278 8.737995 4.722107 0.092598 1.000000
25.746710 -6.059172 0.723428 0.027344 1.000000
52.159092 8.682928 5.091954 0.096002 1.000000
22.636477 -7.074310 1.698349 0.080802 1.000000
76.984680 -1.954763 -8.172457 -0.105625 1.000000
16.586382 -9.170468 1.118348 0.058939 1.000000
52.928242 3.417273 3.779546 0.071140 1.000000
39.567295 1.137569 0.459225 0.016255 1.000000
4.218006 -3.266731 -0.012054 0.005628 1.000000
30.710537 -6.244148 0.280711 0.008133 1.000000
104.470871 -3.177282 -9.181586 -0.088272 1.000000
20.438547 -5.074893 2.028221 0.096014 1.000000
97.150406 -15.595532 -7.507450 -0.076152 1.000000
50.862160 7.945324 5.972425 0.115500 1.000000
7.699814 3.431016 -0.309645 -0.036716 1.000000
97.150406 -15.595532 -7.507450 -0.076152 1.000000
8.476777 -6.067552 0.862641 0.082563 1.000000
73.301788 -7.697846 -8.442430 -0.112772 1.000000
108.486549 5.217423 -11.158283 -0.101731 1.000000
52.476421 -13.642804 -3.235178 -0.057472 1.000000
97.150406 -15.595532 -7.507450 -0.076152 1.000000
51.235672 8.027411 4.872584 0.093680 1.000000
60.795082 -29.669933 -9.451694 -0.138977 1.000000
8.476777 -6.067552 0.862641 0.082563 1.000000
29.457703 -5.373926 0.319299 0.010663 1.000000
106.920036 -18.873777 -6.360602 -0.058430 1.000000
25.251657 -5.246205 5.026250 0.192472 1.000000
64.130676 -10.242598 -1.305355 -0.020734 1.000000
81.132858 2.569834 -9.820715 -0.120363 1.000000
104.106323 0.308020 -9.671168 -0.092538 1.000000
29.489077 -5.378454 0.283652 0.010421 1.000000
45.943993 5.108457 5.238738 0.112845 1.000000
4.839765 1.776395 0.110389 0.035311 1.000000
29.501348 -5.372571 0.521777 0.013810 1.000000
62.473148 -12.662783 -3.228393 -0.049594 1.000000
113.809738 -22.740101 -6.720583 -0.058054 1.000000
44.234177 4.245380 4.961403 0.115744 1.000000
94.363815 4.077124 -2.800783 -0.029644 1.000000
105.670715 1.954307 10.518041 0.100247 1.000000
91.410187 -73.238632 12.106318 0.106525 1.000000
46.311447 -7.435320 6.949695 0.143182 1.000000
16.659508 -9.201446 1.117824 0.060855 1.000000
45.766617 4.916913 5.318789 0.113356 1.000000
97.343086 -14.654888 -7.133533 -0.071456 1.000000
46.374313 -7.417762 6.823254 0.149274 1.000000
75.519104 -7.880553 1.718163 0.023288 1.000000
85.441055 -68.243019 16.228447 0.151404 1.000000
46.374313 -7.417762 6.823254 0.149274 1.000000
84.239548 -15.108576 3.190519 0.039345 1.000000
66.014236 -57.457798 -13.660087 -0.154086 1.000000
99.608315 -6.755421 -8.641992 -0.086948 1.000000
31.833925 -5.498258 0.227480 0.007915 1.000000
104.328598 -21.666248 2.930826 0.027017 1.000000
59.269974 -18.363697 -2.606686 -0.040859 1.000000
52.177242 7.821025 -9.246615 -0.174463 1.000000
46.839466 5.673390 5.047326 0.113892 1.000000
20.925047 1.888205 -0.535664 -0.024789 1.000000
50.905910 7.918461 5.740774 0.112966 1.000000
20.892395 -4.789253 1.851383 0.097449 1.000000
30.467134 -6.702964 0.996657 0.033192 1.000000
101.258812 -7.719364 -0.544476 -0.006112 1.000000
76.888046 -1.703267 -8.781513 -0.112333 1.000000
94.553032 3.840168 -8.532219 -0.089803 1.000000
85.441055 -68.243019 16.228447 0.151404 1.000000
24.904711 -5.677455 0.254473 0.007988 1.000000
16.586382 -9.170468 1.118348 0.058939 1.000000
106.920036 -18.873777 -6.360602 -0.058430 1.000000
22.987936 -7.443702 1.170851 0.048418 1.000000
98.534332 -16.812344 3.807694 0.040047 1.000000
79.060234 -66.734329 14.415114 0.138439 1.000000
77.370598 -65.666214 11.101739 0.109179 1.000000
6.829041 1.681030 0.123117 0.010602 1.000000
4.839765 1.776395 0.110389 0.035311 1.000000
44.250641 4.227539 5.060669 0.115561 1.000000
4.911939 1.678201 0.334381 0.041488 1.000000
60.692924 -56.603794 6.851808 0.084409 1.000000
57.696556 -54.585709 5.909630 0.077828 1.000000
74.148994 -63.115879 11.066592 0.115330 1.000000
49.545837 4.021017 3.988562 0.077342 1.000000
73.301788 -7.697846 -8.442430 -0.112772 1.000000
74.897797 -63.620064 14.538406 0.149274 1.000000
104.571785 -0.994225 -13.826583 -0.131453 1.000000
74.148994 -63.115879 11.066592 0.115330 1.000000
84.239548 -15.108576 3.190519 0.039345 1.000000
19.808723 -5.934813 2.432821 0.106647 1.000000
73.698090 -7.967506 -4.337326 -0.058612 1.000000
4.338511 3.430278 -1.304418 -0.245047 1.000000
58.967285 5.653922 -2.421318 -0.041125 1.000000
16.639763 -9.223520 1.185446 0.057848 1.000000
100.260223 0.119402 9.321626 0.092708 1.000000
55.564690 -19.307735 -3.459895 -0.056599 1.000000
55.640835 -19.185787 -3.283975 -0.055872 1.000000
18.703217 -4.983363 2.813956 0.160850 1.000000
52.533924 -13.569773 -3.045283 -0.056138 1.000000
45.953777 5.167370 5.382835 0.118059 1.000000
95.623878 3.826561 -7.571514 -0.076759 1.000000
77.370598 -65.666214 11.101739 0.109179 1.000000
74.897797 -63.620064 14.538406 0.149274 1.000000
28.731422 -5.250892 -0.192132 -0.002287 1.000000
54.515514 -31.211477 2.133217 0.033386 1.000000
9.914037 -5.169046 -0.139118 -0.012442 1.000000
30.353800 -6.518360 -0.022604 -0.000000 1.000000
46.627186 -2.113947 -3.791315 -0.080790 1.000000
30.467134 -6.702964 0.996657 0.033192 1.000000
16.657999 -9.158090 0.996245 0.061243 1.000000
63.934238 -56.380360 -13.660486 -0.158239 1.000000
92.639641 -73.528481 10.561255 0.092465 1.000000
8.476777 -6.067552 0.862641 0.082563 1.000000
50.872406 8.056552 5.693706 0.114148 1.000000
17.882774 -5.990010 0.491972 0.033665 1.000000
84.239548 -15.108576 3.190519 0.039345 1.000000
109.171570 2.280909 -12.067457 -0.108205 1.000000
25.746710 -6.059172 0.723428 0.027344 1.000000
51.235672 8.027411 4.872584 0.093680 1.000000
0.982118 -3.032388 -0.075503 -0.033338 1.000000
6.855729 1.673567 0.110502 0.005410 1.000000
8.476777 -6.067552 0.862641 0.082563 1.000000
98.454834 -13.514051 -7.706845 -0.077439 1.000000
50.250496 -10.095055 -2.555141 -0.047425 1.000000
20.399929 -5.117793 1.725994 0.088661 1.000000
0.979731 -3.261401 0.268162 0.053908 1.000000
30.265129 -6.707335 0.221364 0.007141 1.000000
96.946198 4.505967 -10.166731 -0.104322 1.000000
29.486053 -5.309072 0.070640 0.007056 1.000000
79.708839 1.819453 -9.077785 -0.113003 1.000000
90.577492 -72.803665 11.127418 0.098933 1.000000
4.850621 1.750463 0.151943 0.037116 1.000000
28.767166 -5.240299 -0.366556 -0.011946 1.000000
52.157719 8.758862 4.660330 0.089633 1.000000
74.148994 -63.115879 11.066592 0.115330 1.000000
31.790071 -5.453155 -0.346635 -0.006790 1.000000
106.411499 1.799179 -10.087025 -0.093790 1.000000
22.846010 -6.824165 1.693280 0.070898 1.000000
45.130123 4.634098 5.020253 0.117840 1.000000
115.523125 -20.777197 -6.130940 -0.049594 1.000000
12.055916 -6.554014 -2.487415 -0.168936 1.000000
100.673729 -13.138799 -1.767542 -0.015976 1.000000
105.738533 1.128638 -10.141781 -0.096209 1.000000
4.338511 3.430278 -1.304418 -0.245047 1.000000
105.738533 1.128638 -10.141781 -0.096209 1.000000
47.610367 3.863001 7.751749 0.156560 1.000000
52.157719 8.758862 4.660330 0.089633 1.000000
46.641365 -2.119346 -4.498410 -0.096051 1.000000
6.619339 3.642612 -1.118511 -0.146974 1.000000
103.423683 -3.737736 -10.899780 -0.104943 1.000000
58.955902 -54.531094 -7.621136 -0.094094 1.000000
105.560310 1.859946 10.452819 0.103410 1.000000
8.476777 -6.067552 0.862641 0.082563 1.000000
101.258812 -7.719364 -0.544476 -0.006112 1.000000
31.778780 -5.585923 0.041109 0.000557 1.000000
30.353800 -6.518360 -0.022604 -0.000000 1.000000
89.820160 -72.159607 14.675302 0.130464 1.000000
46.627186 -2.113947 -3.791315 -0.080790 1.000000
99.608315 -6.755421 -8.641992 -0.086948 1.000000
73.698090 -7.967506 -4.337326 -0.058612 1.000000
29.501348 -5.372571 0.521777 0.013810 1.000000
19.911600 -5.801684 1.736506 0.094762 1.000000
98.847870 -7.268888 13.543266 0.133736 1.000000
0.982118 -3.032388 -0.075503 -0.033338 1.000000
47.640915 -72.774757 10.401926 0.119022 1.000000
53.917271 -16.326349 4.458573 0.077949 1.000000
25.746710 -6.059172 0.723428 0.027344 1.000000
1.220224 -2.963537 -0.175991 -0.058090 1.000000
62.373760 -55.242493 -13.271004 -0.157308 1.000000
20.289473 -6.905863 2.813835 0.134395 1.000000
50.207500 7.483337 4.790959 0.092708 1.000000
76.984680 -1.954763 -8.172457 -0.105625 1.000000
19.905441 -5.253688 1.898321 0.099310 1.000000
51.474850 8.245097 4.426497 0.088248 1.000000
20.200222 -5.080804 2.411902 0.108619 1.000000
7.866447 3.442481 -0.156814 -0.019475 1.000000
85.974876 -25.018055 -2.659547 -0.029935 1.000000
30.353800 -6.518360 -0.022604 -0.000000 1.000000
16.557486 -9.244790 1.060651 0.053908 1.000000
39.546864 1.083188 0.536932 0.016073 1.000000
31.790071 -5.453155 -0.346635 -0.006790 1.000000
64.130676 -10.242598 -1.305355 -0.020734 1.000000
29.496395 -5.376063 0.346837 0.010675 1.000000
113.583794 -23.289209 -6.492625 -0.056102 1.000000
76.657272 -28.644276 3.127443 0.042094 1.000000
26.052549 -6.389915 1.867682 0.065681 1.000000
56.643761 -40.217331 1.821834 0.026351 1.000000
60.119606 4.892753 -7.935459 -0.130452 1.000000
57.938057 -41.053226 2.334299 0.036365 1.000000
29.457703 -5.373926 0.319299 0.010663 1.000000
22.987936 -7.443702 1.170851 0.048418 1.000000
45.020420 4.602263 5.508007 0.114940 1.000000
60.692924 -56.603794 6.851808 0.084409 1.000000
101.258812 -7.719364 -0.544476 -0.006112 1.000000
20.477140 -5.021876 2.049738 0.104383 1.000000
79.060234 -66.734329 14.415114 0.138439 1.000000
44.421009 -4.011334 6.599451 0.149274 1.000000
113.125305 -25.378065 -6.453533 -0.053084 1.000000
105.560310 1.859946 10.452819 0.103410 1.000000
52.447273 -13.676946 -3.250364 -0.059897 1.000000
4.839765 1.776395 0.110389 0.035311 1.000000
75.676315 -4.197588 -8.102776 -0.106124 1.000000
56.643761 -40.217331 1.821834 0.026351 1.000000
25.317923 -5.731533 2.061204 0.088576 1.000000
104.106323 0.308020 -9.671168 -0.092538 1.000000
1.220224 -2.963537 -0.175991 -0.058090 1.000000
24.504185 -5.502956 5.270854 0.206871 1.000000
102.648575 -2.888699 9.658411 0.092963 1.000000
59.907551 -42.112576 2.447022 0.036886 1.000000
99.080650 -7.552559 13.236713 0.132429 1.000000
9.914037 -5.169046 -0.139118 -0.012442 1.000000
16.586382 -9.170468 1.118348 0.058939 1.000000
100.414040 0.183483 9.308421 0.093474 1.000000
28.731422 -5.250892 -0.192132 -0.002287 1.000000
16.639763 -9.223520 1.185446 0.057848 1.000000
115.523125 -20.777197 -6.130940 -0.049594 1.000000
28.770878 -5.168575 -0.393459 -0.014016 1.000000
94.363815 4.077124 -2.800783 -0.029644 1.000000
100.673729 -13.138799 -1.767542 -0.015976 1.000000
105.670715 1.954307 10.518041 0.100247 1.000000
52.187939 8.802822 4.728170 0.095419 1.000000
62.319057 -43.822098 1.641121 0.024789 1.000000
77.717682 -4.428063 -2.341095 -0.031485 1.000000
19.732994 -5.966823 2.078640 0.100490 1.000000
75.682854 -4.096033 -8.159326 -0.106927 1.000000
76.888046 -1.703267 -8.781513 -0.112333 1.000000
46.389469 5.079899 5.352573 0.116341 1.000000
30.533863 -5.688997 0.469562 0.015117 1.000000
49.077080 -7.396379 -2.862267 -0.055448 1.000000
79.871078 1.922933 -7.227957 -0.090228 1.000000
113.398750 -21.356356 -10.867742 -0.093935 1.000000
0.982118 -3.032388 -0.075503 -0.033338 1.000000
30.509907 -6.702652 1.050413 0.037043 1.000000
4.911939 1.678201 0.334381 0.041488 1.000000
16.639763 -9.223520 1.185446 0.057848 1.000000
44.256504 4.115067 4.154645 0.091675 1.000000
4.959932 3.557751 -1.306152 -0.210805 1.000000
52.177242 7.821025 -9.246615 -0.174463 1.000000
25.302027 -5.091901 0.429958 0.012757 1.000000
20.941010 1.804550 -0.085633 -0.007564 1.000000
18.703217 -4.983363 2.813956 0.160850 1.000000
98.712921 -6.859903 12.984400 0.129500 1.000000
106.411499 1.799179 -10.087025 -0.093790 1.000000
8.526609 -5.138578 -0.209143 -0.015783 1.000000
30.509907 -6.702652 1.050413 0.037043 1.000000
104.106323 0.308020 -9.671168 -0.092538 1.000000
60.881718 -3.917946 3.269403 0.050212 1.000000
89.164009 -72.418098 11.618042 0.104322 1.000000
34.931446 -30.660120 4.009631 0.089086 1.000000
28.770878 -5.168575 -0.393459 -0.014016 1.000000
4.831569 1.797173 -0.003417 0.015190 1.000000
7.594304 -5.279160 0.375548 0.044190 1.000000
7.369680 3.651403 -1.166945 -0.157210 1.000000
45.446407 2.705318 1.550086 0.039187 1.000000
46.311447 -7.435320 6.949695 0.143182 1.000000
75.519104 -7.880553 1.718163 0.023288 1.000000
24.348272 -13.948092 1.600814 0.056987 1.000000
28.720694 -5.502336 0.358155 0.010372 1.000000
30.533863 -5.688997 0.469562 0.015117 1.000000
73.779793 -7.631019 -5.062428 -0.067331 1.000000
60.119606 4.892753 -7.935459 -0.130452 1.000000
46.374313 -7.417762 6.823254 0.149274 1.000000
4.151320 -3.257553 -0.029354 0.006826 1.000000
30.710537 -6.244148 0.280711 0.008133 1.000000
99.221497 -7.157707 -8.662642 -0.084773 1.000000
16.557486 -9.244790 1.060651 0.053908 1.000000
104.470871 -3.177282 -9.181586 -0.088272 1.000000
21.797684 -7.138071 1.263048 0.057036 1.000000
22.860331 -7.610931 1.684170 0.067840 1.000000
99.309067 -16.429993 -2.542114 -0.025249 1.000000
20.892395 -4.789253 1.851383 0.097449 1.000000
6.867277 1.705441 0.100118 0.011026 1.000000
20.892395 -4.789253 1.851383 0.097449 1.000000
17.549433 3.639277 1.115893 0.059606 1.000000
30.265129 -6.707335 0.221364 0.007141 1.000000
29.457703 -5.373926 0.319299 0.010663 1.000000
113.643890 -23.266754 -7.417516 -0.063813 1.000000
105.560310 1.859946 10.452819 0.103410 1.000000
77.717682 -4.428063 -2.341095 -0.031485 1.000000
44.234177 4.245380 4.961403 0.115744 1.000000
22.987936 -7.443702 1.170851 0.048418 1.000000
58.955902 -54.531094 -7.621136 -0.094094 1.000000
25.746710 -6.059172 0.723428 0.027344 1.000000
9.914037 -5.169046 -0.139118 -0.012442 1.000000
90.577492 -72.803665 11.127418 0.098933 1.000000
17.549433 3.639277 1.115893 0.059606 1.000000
45.067642 4.693410 4.668872 0.104736 1.000000
78.507408 -66.181152 14.439605 0.139710 1.000000
25.251657 -5.246205 5.026250 0.192472 1.000000
75.682854 -4.096033 -8.159326 -0.106927 1.000000
28.731422 -5.250892 -0.192132 -0.002287 1.000000
79.164116 0.141985 -0.715221 -0.008484 1.000000
97.150406 -15.595532 -7.507450 -0.076152 1.000000
16.659508 -9.201446 1.117824 0.060855 1.000000
84.595772 -67.734360 15.005743 0.141580 1.000000
99.402054 -5.318388 -12.559811 -0.125656 1.000000
8.964059 -5.023159 1.695099 0.192694 1.000000
104.571785 -0.994225 -13.826583 -0.131453 1.000000
20.941010 1.804550 -0.085633 -0.007564 1.000000
106.920036 -18.873777 -6.360602 -0.058430 1.000000
16.557486 -9.244790 1.060651 0.053908 1.000000
52.157719 8.758862 4.660330 0.089633 1.000000
60.692924 -56.603794 6.851808 0.084409 1.000000
107.395264 3.974154 -10.131158 -0.091930 1.000000
113.583794 -23.289209 -6.492625 -0.056102 1.000000
16.639763 -9.223520 1.185446 0.057848 1.000000
59.269974 -18.363697 -2.606686 -0.040859 1.000000
19.617523 -6.009890 2.315813 0.105868 1.000000
52.177242 7.821025 -9.246615 -0.174463 1.000000
88.672890 -71.245575 14.589521 0.131367 1.000000
106.920036 -18.873777 -6.360602 -0.058430 1.000000
98.534332 -16.812344 3.807694 0.040047 1.000000
78.771149 -0.987663 -5.874645 -0.074332 1.000000
45.943993 5.108457 5.238738 0.112845 1.000000
79.851517 1.873378 -9.216063 -0.114903 1.000000
1.220224 -2.963537 -0.175991 -0.058090 1.000000
113.809738 -22.740101 -6.720583 -0.058054 1.000000
107.395264 3.974154 -10.131158 -0.091930 1.000000
100.414040 0.183483 9.308421 0.093474 1.000000
52.547024 -13.631680 -3.352179 -0.061800 1.000000
31.819689 -5.531697 0.185284 0.005737 1.000000
97.096886 -15.974858 -7.568948 -0.076796 1.000000
113.125305 -25.378065 -6.453533 -0.053084 1.000000
94.553032 3.840168 -8.532219 -0.089803 1.000000
29.501348 -5.372571 0.521777 0.013810 1.000000
52.447273 -13.676946 -3.250364 -0.059897 1.000000
28.755018 -5.336195 -0.074082 -0.005277 1.000000
113.643890 -23.266754 -7.417516 -0.063813 1.000000
21.797684 -7.138071 1.263048 0.057036 1.000000
114.207588 -21.905830 -7.752947 -0.065584 1.000000
24.781630 -5.432872 0.344247 0.009804 1.000000
105.670715 1.954307 10.518041 0.100247 1.000000
50.862160 7.945324 5.972425 0.115500 1.000000
45.388561 2.640813 1.384457 0.031630 1.000000
0.979731 -3.261401 0.268162 0.053908 1.000000
104.571785 -0.994225 -13.826583 -0.131453 1.000000
6.619339 3.642612 -1.118511 -0.146974 1.000000
23.291031 -6.724700 1.623211 0.066858 1.000000
100.260223 0.119402 9.321626 0.092708 1.000000
76.888046 -1.703267 -8.781513 -0.112333 1.000000
29.496395 -5.376063 0.346837 0.010675 1.000000
63.878078 11.619217 -1.650929 -0.024789 1.000000
90.267609 -13.802014 7.976617 0.087130 1.000000
76.657272 -28.644276 3.127443 0.042094 1.000000
6.865926 1.783360 -0.490757 -0.074429 1.000000
6.867277 1.705441 0.100118 0.011026 1.000000
19.696629 -5.597114 2.398824 0.106051 1.000000
79.060234 -66.734329 14.415114 0.138439 1.000000
74.897797 -63.620064 14.538406 0.149274 1.000000
56.493183 15.765079 -8.968416 -0.150669 1.000000
20.598549 -5.318858 2.757383 0.117877 1.000000
98.534332 -16.812344 3.807694 0.040047 1.000000
100.260223 0.119402 9.321626 0.092708 1.000000
45.028828 4.638297 5.648743 0.120327 1.000000
30.467134 -6.702964 0.996657 0.033192 1.000000
25.251657 -5.246205 5.026250 0.192472 1.000000
45.943993 5.108457 5.238738 0.112845 1.000000
113.643890 -23.266754 -7.417516 -0.063813 1.000000
105.719223 -0.109866 -11.141552 -0.103106 1.000000
113.398750 -21.356356 -10.867742 -0.093935 1.000000
95.359703 -18.217365 -6.219508 -0.061606 1.000000
78.473434 -47.212208 2.305546 0.024789 1.000000
62.473148 -12.662783 -3.228393 -0.049594 1.000000
113.809738 -22.740101 -6.720583 -0.058054 1.000000
62.319057 -43.822098 1.641121 0.024789 1.000000
78.771149 -0.987663 -5.874645 -0.074332 1.000000
22.979630 -6.575449 1.573232 0.067949 1.000000
62.319057 -43.822098 1.641121 0.024789 1.000000
49.746765 -8.821073 -2.183480 -0.043463 1.000000
22.979630 -6.575449 1.573232 0.067949 1.000000
28.755018 -5.336195 -0.074082 -0.005277 1.000000
94.553032 3.840168 -8.532219 -0.089803 1.000000
106.920036 -18.873777 -6.360602 -0.058430 1.000000
113.583794 -23.289209 -6.492625 -0.056102 1.000000
70.241379 -13.317565 -1.926373 -0.025576 1.000000
67.139000 -59.596691 11.183365 0.124253 1.000000
76.981262 -2.595656 -8.165665 -0.105710 1.000000
99.221497 -7.157707 -8.662642 -0.084773 1.000000
28.755018 -5.336195 -0.074082 -0.005277 1.000000
18.703217 -4.983363 2.813956 0.160850 1.000000
104.106323 0.308020 -9.671168 -0.092538 1.000000
28.755018 -5.336195 -0.074082 -0.005277 1.000000
56.493183 15.765079 -8.968416 -0.150669 1.000000
28.767166 -5.240299 -0.366556 -0.011946 1.000000
75.676315 -4.197588 -8.102776 -0.106124 1.000000
29.457703 -5.373926 0.319299 0.010663 1.000000
64.130676 -10.242598 -1.305355 -0.020734 1.000000
49.773640 -8.801288 -2.280034 -0.045244 1.000000
99.681099 -6.096265 -9.183437 -0.091735 1.000000
47.605194 -36.367260 -0.177988 -0.000000 1.000000
52.547024 -13.631680 -3.352179 -0.061800 1.000000
50.905910 7.918461 5.740774 0.112966 1.000000
52.181278 8.737995 4.722107 0.092598 1.000000
55.564690 -19.307735 -3.459895 -0.056599 1.000000
46.389469 5.079899 5.352573 0.116341 1.000000
30.533863 -5.688997 0.469562 0.015117 1.000000
31.833925 -5.498258 0.227480 0.007915 1.000000
90.138931 -10.442237 -9.648655 -0.105868 1.000000
50.996098 7.816175 6.113892 0.114611 1.000000
73.219948 -7.814923 -8.421179 -0.113868 1.000000
79.708839 1.819453 -9.077785 -0.113003 1.000000
108.486549 5.217423 -11.158283 -0.101731 1.000000
1.119063 -2.982105 -0.016971 -0.017889 1.000000
25.251657 -5.246205 5.026250 0.192472 1.000000
59.269974 -18.363697 -2.606686 -0.040859 1.000000
45.446407 2.705318 1.550086 0.039187 1.000000
30.585449 -6.428914 -0.154333 -0.004938 1.000000
20.799278 -4.785561 2.212629 0.093729 1.000000
50.207500 7.483337 4.790959 0.092708 1.000000
60.631798 -25.076849 -9.849652 -0.149005 1.000000
1.119063 -2.982105 -0.016971 -0.017889 1.000000
17.549433 3.639277 1.115893 0.059606 1.000000
45.388561 2.640813 1.384457 0.031630 1.000000
16.657999 -9.158090 0.996245 0.061243 1.000000
47.605194 -36.367260 -0.177988 -0.000000 1.000000
99.221497 -7.157707 -8.662642 -0.084773 1.000000
20.002211 -5.666725 2.279077 0.102826 1.000000
106.411499 1.799179 -10.087025 -0.093790 1.000000
76.981262 -2.595656 -8.165665 -0.105710 1.000000
8.386084 -5.122485 1.937247 0.194643 1.000000
89.164009 -72.418098 11.618042 0.104322 1.000000
21.675013 -7.160936 1.914081 0.093948 1.000000
76.657272 -28.644276 3.127443 0.042094 1.000000
22.979630 -6.575449 1.573232 0.067949 1.000000
99.402054 -5.318388 -12.559811 -0.125656 1.000000
6.824700 1.730320 0.086667 0.012309 1.000000
0.890259 -2.943191 -0.310690 -0.099310 1.000000
90.267609 -13.802014 7.976617 0.087130 1.000000
50.825470 7.836615 5.770538 0.108497 1.000000
28.731422 -5.250892 -0.192132 -0.002287 1.000000
22.846010 -6.824165 1.693280 0.070898 1.000000
25.302027 -5.091901 0.429958 0.012757 1.000000
19.696629 -5.597114 2.398824 0.106051 1.000000
73.219948 -7.814923 -8.421179 -0.113868 1.000000
23.291031 -6.724700 1.623211 0.066858 1.000000
6.852026 1.779200 0.057077 0.021884 1.000000
58.967285 5.653922 -2.421318 -0.041125 1.000000
98.534332 -16.812344 3.807694 0.040047 1.000000
44.375229 -3.985672 6.764170 0.150669 1.000000
46.374313 -7.417762 6.823254 0.149274 1.000000
44.198219 4.121472 5.199741 0.110482 1.000000
74.499542 -6.188001 -8.525284 -0.113381 1.000000
50.250496 -10.095055 -2.555141 -0.047425 1.000000
113.809738 -22.740101 -6.720583 -0.058054 1.000000
16.639763 -9.223520 1.185446 0.057848 1.000000
19.617523 -6.009890 2.315813 0.105868 1.000000
6.619339 3.642612 -1.118511 -0.146974 1.000000
79.696640 2.180142 -9.180370 -0.114757 1.000000
6.852026 1.779200 0.057077 0.021884 1.000000
49.773640 -8.801288 -2.280034 -0.045244 1.000000
98.669861 -16.263475 3.501294 0.035566 1.000000
106.411499 1.799179 -10.087025 -0.093790 1.000000
45.766617 4.916913 5.318789 0.113356 1.000000
45.028572 4.445387 8.249604 0.175438 1.000000
100.673729 -13.138799 -1.767542 -0.015976 1.000000
79.164116 0.141985 -0.715221 -0.008484 1.000000
7.866447 3.442481 -0.156814 -0.019475 1.000000
59.269974 -18.363697 -2.606686 -0.040859 1.000000
44.250641 4.227539 5.060669 0.115561 1.000000
102.648575 -2.888699 9.658411 0.092963 1.000000
52.888988 -46.373600 0.321885 0.006064 1.000000
105.670715 1.954307 10.518041 0.100247 1.000000
46.827396 5.595564 5.147196 0.110786 1.000000
29.491091 -5.374187 0.411170 0.011825 1.000000
30.467134 -6.702964 0.996657 0.033192 1.000000
95.022430 -19.060608 -6.357119 -0.065487 1.000000
16.586382 -9.170468 1.118348 0.058939 1.000000
50.996098 7.816175 6.113892 0.114611 1.000000
0.365741 -3.102141 0.120874 0.019693 1.000000
76.865913 -4.043186 -5.734716 -0.074429 1.000000
98.712921 -6.859903 12.984400 0.129500 1.000000
61.238472 -29.681139 4.263838 0.059897 1.000000
44.375229 -3.985672 6.764170 0.150669 1.000000
70.241379 -13.317565 -1.926373 -0.025576 1.000000
89.820160 -72.159607 14.675302 0.130464 1.000000
50.905910 7.918461 5.740774 0.112966 1.000000
23.291031 -6.724700 1.623211 0.066858 1.000000
47.605194 -36.367260 -0.177988 -0.000000 1.000000
76.888046 -1.703267 -8.781513 -0.112333 1.000000
28.720694 -5.502336 0.358155 0.010372 1.000000
106.920036 -18.873777 -6.360602 -0.058430 1.000000
57.938057 -41.053226 2.334299 0.036365 1.000000
104.106323 0.308020 -9.671168 -0.092538 1.000000
94.553032 3.840168 -8.532219 -0.089803 1.000000
78.563202 -47.118206 2.271397 0.024789 1.000000
25.522644 -5.467674 2.071948 0.077184 1.000000
99.221497 -7.157707 -8.662642 -0.084773 1.000000
45.028828 4.638297 5.648743 0.120327 1.000000
16.659508 -9.201446 1.117824 0.060855 1.000000
29.457703 -5.373926 0.319299 0.010663 1.000000
110.910614 -8.490375 -8.904407 -0.077621 1.000000
28.755018 -5.336195 -0.074082 -0.005277 1.000000
91.410187 -73.238632 12.106318 0.106525 1.000000
46.400967 6.843365 6.933783 0.144833 1.000000
22.846010 -6.824165 1.693280 0.070898 1.000000
25.317923 -5.731533 2.061204 0.088576 1.000000
29.486053 -5.309072 0.070640 0.007056 1.000000
74.499542 -6.188001 -8.525284 -0.113381 1.000000
115.523125 -20.777197 -6.130940 -0.049594 1.000000
4.338511 3.430278 -1.304418 -0.245047 1.000000
78.507408 -66.181152 14.439605 0.139710 1.000000
45.130123 4.634098 5.020253 0.117840 1.000000
46.389469 5.079899 5.352573 0.116341 1.000000
44.198219 4.121472 5.199741 0.110482 1.000000
28.720694 -5.502336 0.358155 0.010372 1.000000
90.267609 -13.802014 7.976617 0.087130 1.000000
99.608315 -6.755421 -8.641992 -0.086948 1.000000
9.914037 -5.169046 -0.139118 -0.012442 1.000000
85.992958 -68.272812 -13.906802 -0.124656 1.000000
113.125305 -25.378065 -6.453533 -0.053084 1.000000
52.928242 3.417273 3.779546 0.071140 1.000000
28.770878 -5.168575 -0.393459 -0.014016 1.000000
74.499542 -6.188001 -8.525284 -0.113381 1.000000
104.136063 -3.197650 -10.756852 -0.102266 1.000000
17.882774 -5.990010 0.491972 0.033665 1.000000
4.151320 -3.257553 -0.029354 0.006826 1.000000
20.799278 -4.785561 2.212629 0.093729 1.000000
113.398750 -21.356356 -10.867742 -0.093935 1.000000
25.113777 -5.588154 0.215056 0.009380 1.000000
102.648575 -2.888699 9.658411 0.092963 1.000000
31.790071 -5.453155 -0.346635 -0.006790 1.000000
22.895191 -7.903020 1.687814 0.062965 1.000000
60.692924 -56.603794 6.851808 0.084409 1.000000
95.022430 -19.060608 -6.357119 -0.065487 1.000000
104.136063 -3.197650 -10.756852 -0.102266 1.000000
0.982118 -3.032388 -0.075503 -0.033338 1.000000
104.136063 -3.197650 -10.756852 -0.102266 1.000000
46.389469 5.079899 5.352573 0.116341 1.000000
99.080650 -7.552559 13.236713 0.132429 1.000000
107.395264 3.974154 -10.131158 -0.091930 1.000000
78.771149 -0.987663 -5.874645 -0.074332 1.000000
44.256504 4.115067 4.154645 0.091675 1.000000
4.831569 1.797173 -0.003417 0.015190 1.000000
29.501348 -5.372571 0.521777 0.013810 1.000000
30.353800 -6.518360 -0.022604 -0.000000 1.000000
34.931446 -30.660120 4.009631 0.089086 1.000000
76.692024 -3.227196 -7.068004 -0.091820 1.000000
20.598549 -5.318858 2.757383 0.117877 1.000000
98.712921 -6.859903 12.984400 0.129500 1.000000
29.501348 -5.372571 0.521777 0.013810 1.000000
46.641365 -2.119346 -4.498410 -0.096051 1.000000
7.594304 -5.279160 0.375548 0.044190 1.000000
85.992958 -68.272812 -13.906802 -0.124656 1.000000
78.771149 -0.987663 -5.874645 -0.074332 1.000000
19.808723 -5.934813 2.432821 0.106647 1.000000
95.623878 3.826561 -7.571514 -0.076759 1.000000
57.696556 -54.585709 5.909630 0.077828 1.000000
98.454834 -13.514051 -7.706845 -0.077439 1.000000
55.564690 -19.307735 -3.459895 -0.056599 1.000000
29.781399 -6.185839 1.230172 0.035905 1.000000
99.704552 -6.768466 -9.405252 -0.093838 1.000000
7.369680 3.651403 -1.166945 -0.157210 1.000000
30.265129 -6.707335 0.221364 0.007141 1.000000
75.682854 -4.096033 -8.159326 -0.106927 1.000000
57.696556 -54.585709 5.909630 0.077828 1.000000
62.373760 -55.242493 -13.271004 -0.157308 1.000000
102.648575 -2.888699 9.658411 0.092963 1.000000
50.250496 -10.095055 -2.555141 -0.047425 1.000000
76.888046 -1.703267 -8.781513 -0.112333 1.000000
74.897797 -63.620064 14.538406 0.149274 1.000000
45.130123 4.634098 5.020253 0.117840 1.000000
6.829041 1.681030 0.123117 0.010602 1.000000
44.256504 4.115067 4.154645 0.091675 1.000000
28.346621 -5.451813 0.273610 0.012273 1.000000
52.187939 8.802822 4.728170 0.095419 1.000000
20.892395 -4.789253 1.851383 0.097449 1.000000
7.369680 3.651403 -1.166945 -0.157210 1.000000
98.175232 -11.877967 -7.793305 -0.079297 1.000000
30.533863 -5.688997 0.469562 0.015117 1.000000
60.881718 -3.917946 3.269403 0.050212 1.000000
84.239548 -15.108576 3.190519 0.039345 1.000000
55.640835 -19.185787 -3.283975 -0.055872 1.000000
75.676315 -4.197588 -8.102776 -0.106124 1.000000
99.402054 -5.318388 -12.559811 -0.125656 1.000000
34.931446 -30.660120 4.009631 0.089086 1.000000
51.667110 -48.605217 0.478181 0.009525 1.000000
20.289473 -6.905863 2.813835 0.134395 1.000000
113.643890 -23.266754 -7.417516 -0.063813 1.000000
47.726181 3.041477 3.851428 0.086838 1.000000
16.373615 -9.393818 1.666203 0.082611 1.000000
81.132858 2.569834 -9.820715 -0.120363 1.000000
47.605194 -36.367260 -0.177988 -0.000000 1.000000
113.583794 -23.289209 -6.492625 -0.056102 1.000000
98.175232 -11.877967 -7.793305 -0.079297 1.000000
99.681099 -6.096265 -9.183437 -0.091735 1.000000
113.125305 -25.378065 -6.453533 -0.053084 1.000000
52.888988 -46.373600 0.321885 0.006064 1.000000
4.850621 1.750463 0.151943 0.037116 1.000000
85.974876 -25.018055 -2.659547 -0.029935 1.000000
39.546864 1.083188 0.536932 0.016073 1.000000
21.675013 -7.160936 1.914081 0.093948 1.000000
30.533863 -5.688997 0.469562 0.015117 1.000000
113.583794 -23.289209 -6.492625 -0.056102 1.000000
90.138931 -10.442237 -9.648655 -0.105868 1.000000
25.746710 -6.059172 0.723428 0.027344 1.000000
89.164009 -72.418098 11.618042 0.104322 1.000000
6.855729 1.673567 0.110502 0.005410 1.000000
44.256504 4.115067 4.154645 0.091675 1.000000
20.941010 1.804550 -0.085633 -0.007564 1.000000
16.586382 -9.170468 1.118348 0.058939 1.000000
50.905910 7.918461 5.740774 0.112966 1.000000
79.851517 1.873378 -9.216063 -0.114903 1.000000
88.672890 -71.245575 14.589521 0.131367 1.000000
45.028828 4.638297 5.648743 0.120327 1.000000
4.911939 1.678201 0.334381 0.041488 1.000000
6.852084 1.765452 0.054339 0.015662 1.000000
62.473148 -12.662783 -3.228393 -0.049594 1.000000
70.884804 -11.532752 -8.041397 -0.111298 1.000000
0.979731 -3.261401 0.268162 0.053908 1.000000
25.302027 -5.091901 0.429958 0.012757 1.000000
104.136063 -3.197650 -10.756852 -0.102266 1.000000
20.799278 -4.785561 2.212629 0.093729 1.000000
79.696640 2.180142 -9.180370 -0.114757 1.000000
89.164009 -72.418098 11.618042 0.104322 1.000000
103.423683 -3.737736 -10.899780 -0.104943 1.000000
49.099617 -7.586641 -1.847301 -0.038363 1.000000
51.667110 -48.605217 0.478181 0.009525 1.000000
113.583794 -23.289209 -6.492625 -0.056102 1.000000
99.221497 -7.157707 -8.662642 -0.084773 1.000000
1.373688 -3.111812 -0.097320 -0.031231 1.000000
91.410187 -73.238632 12.106318 0.106525 1.000000
92.639641 -73.528481 10.561255 0.092465 1.000000
96.946198 4.505967 -10.166731 -0.104322 1.000000
46.827396 5.595564 5.147196 0.110786 1.000000
44.256504 4.115067 4.154645 0.091675 1.000000
101.258812 -7.719364 -0.544476 -0.006112 1.000000
8.386084 -5.122485 1.937247 0.194643 1.000000
73.219948 -7.814923 -8.421179 -0.113868 1.000000
9.972022 -5.241073 -0.044540 -0.005253 1.000000
95.359703 -18.217365 -6.219508 -0.061606 1.000000
16.586382 -9.170468 1.118348 0.058939 1.000000
75.864609 -64.786461 14.001057 0.141751 1.000000
79.851517 1.873378 -9.216063 -0.114903 1.000000
4.403975 3.546421 -1.031972 -0.164885 1.000000
49.746765 -8.821073 -2.183480 -0.043463 1.000000
100.260223 0.119402 9.321626 0.092708 1.000000
63.878078 11.619217 -1.650929 -0.024789 1.000000
52.159092 8.682928 5.091954 0.096002 1.000000
52.476421 -13.642804 -3.235178 -0.057472 1.000000
49.077080 -7.396379 -2.862267 -0.055448 1.000000
28.770878 -5.168575 -0.393459 -0.014016 1.000000
7.546463 -5.213698 1.740073 0.187481 1.000000
98.712921 -6.859903 12.984400 0.129500 1.000000
31.839060 -5.506145 0.230215 0.009682 1.000000
50.825470 7.836615 5.770538 0.108497 1.000000
7.699814 3.431016 -0.309645 -0.036716 1.000000
93.473625 -73.539223 13.933487 0.116621 1.000000
105.719223 -0.109866 -11.141552 -0.103106 1.000000
52.888988 -46.373600 0.321885 0.006064 1.000000
113.198257 -24.901979 -7.222914 -0.061218 1.000000
30.533863 -5.688997 0.469562 0.015117 1.000000
113.643890 -23.266754 -7.417516 -0.063813 1.000000
0.365741 -3.102141 0.120874 0.019693 1.000000
79.310638 1.597217 -6.938548 -0.087264 1.000000
25.302027 -5.091901 0.429958 0.012757 1.000000
59.907551 -42.112576 2.447022 0.036886 1.000000
20.941010 1.804550 -0.085633 -0.007564 1.000000
63.934238 -56.380360 -13.660486 -0.158239 1.000000
29.491091 -5.374187 0.411170 0.011825 1.000000
52.159092 8.682928 5.091954 0.096002 1.000000
103.287148 5.007336 -6.801079 -0.065402 1.000000
59.907551 -42.112576 2.447022 0.036886 1.000000
29.501348 -5.372571 0.521777 0.013810 1.000000
45.104393 4.605836 4.713573 0.107913 1.000000
4.151320 -3.257553 -0.029354 0.006826 1.000000
4.850621 1.750463 0.151943 0.037116 1.000000
75.864609 -64.786461 14.001057 0.141751 1.000000
50.825470 7.836615 5.770538 0.108497 1.000000
44.375229 -3.985672 6.764170 0.150669 1.000000
20.059126 -4.968874 1.742969 0.095577 1.000000
51.667110 -48.605217 0.478181 0.009525 1.000000
25.113777 -5.588154 0.215056 0.009380 1.000000
60.795082 -29.669933 -9.451694 -0.138977 1.000000
6.867277 1.705441 0.100118 0.011026 1.000000
49.077080 -7.396379 -2.862267 -0.055448 1.000000
49.077080 -7.396379 -2.862267 -0.055448 1.000000
18.703217 -4.983363 2.813956 0.160850 1.000000
45.446407 2.705318 1.550086 0.039187 1.000000
31.833925 -5.498258 0.227480 0.007915 1.000000
20.799278 -4.785561 2.212629 0.093729 1.000000
45.130123 4.634098 5.020253 0.117840 1.000000
45.943993 5.108457 5.238738 0.112845 1.000000
113.125305 -25.378065 -6.453533 -0.053084 1.000000
34.931446 -30.660120 4.009631 0.089086 1.000000
60.119606 4.892753 -7.935459 -0.130452 1.000000
20.799278 -4.785561 2.212629 0.093729 1.000000
86.338753 -69.332016 15.274494 0.141018 1.000000
45.631092 5.126549 4.874442 0.113186 1.000000
97.343086 -14.654888 -7.133533 -0.071456 1.000000
6.855729 1.673567 0.110502 0.005410 1.000000
30.533863 -5.688997 0.469562 0.015117 1.000000
105.670715 1.954307 10.518041 0.100247 1.000000
106.411499 1.799179 -10.087025 -0.093790 1.000000
88.672890 -71.245575 14.589521 0.131367 1.000000
0.982118 -3.032388 -0.075503 -0.033338 1.000000
108.486549 5.217423 -11.158283 -0.101731 1.000000
44.250641 4.227539 5.060669 0.115561 1.000000
45.631092 5.126549 4.874442 0.113186 1.000000
0.979731 -3.261401 0.268162 0.053908 1.000000
7.866447 3.442481 -0.156814 -0.019475 1.000000
76.865913 -4.043186 -5.734716 -0.074429 1.000000
76.888046 -1.703267 -8.781513 -0.112333 1.000000
58.967285 5.653922 -2.421318 -0.041125 1.000000
47.310005 -76.238998 9.999434 0.110835 1.000000
52.177242 7.821025 -9.246615 -0.174463 1.000000
0.890259 -2.943191 -0.310690 -0.099310 1.000000
45.028572 4.445387 8.249604 0.175438 1.000000
105.560310 1.859946 10.452819 0.103410 1.000000
0.890259 -2.943191 -0.310690 -0.099310 1.000000
8.913910 3.688426 -1.709060 -0.181747 1.000000
76.692024 -3.227196 -7.068004 -0.091820 1.000000
19.617523 -6.009890 2.315813 0.105868 1.000000
24.904711 -5.677455 0.254473 0.007988 1.000000
28.755018 -5.336195 -0.074082 -0.005277 1.000000
4.403975 3.546421 -1.031972 -0.164885 1.000000
95.623878 3.826561 -7.571514 -0.076759 1.000000
21.804781 -7.057613 1.260492 0.063437 1.000000
102.648575 -2.888699 9.658411 0.092963 1.000000
105.670715 1.954307 10.518041 0.100247 1.000000
29.491091 -5.374187 0.411170 0.011825 1.000000
52.187939 8.802822 4.728170 0.095419 1.000000
52.888988 -46.373600 0.321885 0.006064 1.000000
70.241379 -13.317565 -1.926373 -0.025576 1.000000
113.809738 -22.740101 -6.720583 -0.058054 1.000000
16.586382 -9.170468 1.118348 0.058939 1.000000
29.496395 -5.376063 0.346837 0.010675 1.000000
21.675013 -7.160936 1.914081 0.093948 1.000000
60.692924 -56.603794 6.851808 0.084409 1.000000
47.640915 -72.774757 10.401926 0.119022 1.000000
22.987936 -7.443702 1.170851 0.048418 1.000000
0.365741 -3.102141 0.120874 0.019693 1.000000
79.708839 1.819453 -9.077785 -0.113003 1.000000
20.438547 -5.074893 2.028221 0.096014 1.000000
0.890259 -2.943191 -0.310690 -0.099310 1.000000
63.934238 -56.380360 -13.660486 -0.158239 1.000000
30.373920 -6.662935 0.642084 0.019668 1.000000
59.269974 -18.363697 -2.606686 -0.040859 1.000000
60.119827 -30.144983 3.935549 0.057084 1.000000
98.534332 -16.812344 3.807694 0.040047 1.000000
104.470871 -3.177282 -9.181586 -0.088272 1.000000
8.476777 -6.067552 0.862641 0.082563 1.000000
50.207500 7.483337 4.790959 0.092708 1.000000
6.867277 1.705441 0.100118 0.011026 1.000000
24.348272 -13.948092 1.600814 0.056987 1.000000
20.059126 -4.968874 1.742969 0.095577 1.000000
46.627186 -2.113947 -3.791315 -0.080790 1.000000
29.475662 -5.365809 0.173282 0.008400 1.000000
1.220224 -2.963537 -0.175991 -0.058090 1.000000
47.310005 -76.238998 9.999434 0.110835 1.000000
58.972813 5.129179 -2.537203 -0.044129 1.000000
89.820160 -72.159607 14.675302 0.130464 1.000000
22.895191 -7.903020 1.687814 0.062965 1.000000
76.657272 -28.644276 3.127443 0.042094 1.000000
47.610367 3.863001 7.751749 0.156560 1.000000
50.862160 7.945324 5.972425 0.115500 1.000000
46.389469 5.079899 5.352573 0.116341 1.000000
31.819689 -5.531697 0.185284 0.005737 1.000000
105.719223 -0.109866 -11.141552 -0.103106 1.000000
47.310005 -76.238998 9.999434 0.110835 1.000000
86.338753 -69.332016 15.274494 0.141018 1.000000
30.585449 -6.428914 -0.154333 -0.004938 1.000000
4.874415 3.544722 -1.355375 -0.246370 1.000000
105.605370 2.163330 -10.889280 -0.102728 1.000000
4.151320 -3.257553 -0.029354 0.006826 1.000000
16.657999 -9.158090 0.996245 0.061243 1.000000
60.119827 -30.144983 3.935549 0.057084 1.000000
44.234177 4.245380 4.961403 0.115744 1.000000
98.534332 -16.812344 3.807694 0.040047 1.000000
106.411499 1.799179 -10.087025 -0.093790 1.000000
113.809738 -22.740101 -6.720583 -0.058054 1.000000
7.594304 -5.279160 0.375548 0.044190 1.000000
25.816584 -5.671659 1.944457 0.066833 1.000000
76.888046 -1.703267 -8.781513 -0.112333 1.000000
28.720694 -5.502336 0.358155 0.010372 1.000000
6.867277 1.705441 0.100118 0.011026 1.000000
58.972813 5.129179 -2.537203 -0.044129 1.000000
30.467134 -6.702964 0.996657 0.033192 1.000000
6.619339 3.642612 -1.118511 -0.146974 1.000000
90.078606 -14.243486 7.786534 0.085174 1.000000
86.338753 -69.332016 15.274494 0.141018 1.000000
63.934238 -56.380360 -13.660486 -0.158239 1.000000
89.164009 -72.418098 11.618042 0.104322 1.000000
45.388561 2.640813 1.384457 0.031630 1.000000
71.879753 -61.424370 7.970022 0.086073 1.000000
95.022430 -19.060608 -6.357119 -0.065487 1.000000
50.250496 -10.095055 -2.555141 -0.047425 1.000000
44.198219 4.121472 5.199741 0.110482 1.000000
98.847870 -7.268888 13.543266 0.133736 1.000000
6.867277 1.705441 0.100118 0.011026 1.000000
22.860331 -7.610931 1.684170 0.067840 1.000000
88.564537 -71.500450 12.321945 0.111444 1.000000
45.130123 4.634098 5.020253 0.117840 1.000000
19.732994 -5.966823 2.078640 0.100490 1.000000
98.175232 -11.877967 -7.793305 -0.079297 1.000000
4.911939 1.678201 0.334381 0.041488 1.000000
76.981262 -2.595656 -8.165665 -0.105710 1.000000
58.972813 5.129179 -2.537203 -0.044129 1.000000
22.987936 -7.443702 1.170851 0.048418 1.000000
24.504185 -5.502956 5.270854 0.206871 1.000000
44.421009 -4.011334 6.599451 0.149274 1.000000
49.746765 -8.821073 -2.183480 -0.043463 1.000000
85.974876 -25.018055 -2.659547 -0.029935 1.000000
19.732994 -5.966823 2.078640 0.100490 1.000000
7.369680 3.651403 -1.166945 -0.157210 1.000000
93.473625 -73.539223 13.933487 0.116621 1.000000
8.964059 -5.023159 1.695099 0.192694 1.000000
4.959932 3.557751 -1.306152 -0.210805 1.000000
44.256504 4.115067 4.154645 0.091675 1.000000
57.938057 -41.053226 2.334299 0.036365 1.000000
101.258812 -7.719364 -0.544476 -0.006112 1.000000
49.240440 -75.028969 9.863067 0.109082 1.000000
26.052549 -6.389915 1.867682 0.065681 1.000000
25.113777 -5.588154 0.215056 0.009380 1.000000
89.820160 -72.159607 14.675302 0.130464 1.000000
46.389469 5.079899 5.352573 0.116341 1.000000
102.648575 -2.888699 9.658411 0.092963 1.000000
1.373688 -3.111812 -0.097320 -0.031231 1.000000
61.238472 -29.681139 4.263838 0.059897 1.000000
6.619339 3.642612 -1.118511 -0.146974 1.000000
30.533863 -5.688997 0.469562 0.015117 1.000000
52.157719 8.758862 4.660330 0.089633 1.000000
20.799278 -4.785561 2.212629 0.093729 1.000000
28.346621 -5.451813 0.273610 0.012273 1.000000
6.865926 1.783360 -0.490757 -0.074429 1.000000
86.338753 -69.332016 15.274494 0.141018 1.000000
97.096886 -15.974858 -7.568948 -0.076796 1.000000
70.884804 -11.532752 -8.041397 -0.111298 1.000000
20.399929 -5.117793 1.725994 0.088661 1.000000
64.108597 -10.185067 -2.119898 -0.032914 1.000000
7.866447 3.442481 -0.156814 -0.019475 1.000000
60.795082 -29.669933 -9.451694 -0.138977 1.000000
59.269974 -18.363697 -2.606686 -0.040859 1.000000
73.770325 -7.798769 -4.982370 -0.067064 1.000000
31.778780 -5.585923 0.041109 0.000557 1.000000
85.974876 -25.018055 -2.659547 -0.029935 1.000000
22.979630 -6.575449 1.573232 0.067949 1.000000
70.884804 -11.532752 -8.041397 -0.111298 1.000000
104.470871 -3.177282 -9.181586 -0.088272 1.000000
113.398750 -21.356356 -10.867742 -0.093935 1.000000
24.504185 -5.502956 5.270854 0.206871 1.000000
103.423683 -3.737736 -10.899780 -0.104943 1.000000
105.560310 1.859946 10.452819 0.103410 1.000000
30.585449 -6.428914 -0.154333 -0.004938 1.000000
76.981262 -2.595656 -8.165665 -0.105710 1.000000
77.717682 -4.428063 -2.341095 -0.031485 1.000000
6.852026 1.779200 0.057077 0.021884 1.000000
79.310638 1.597217 -6.938548 -0.087264 1.000000
8.913910 3.688426 -1.709060 -0.181747 1.000000
105.719223 -0.109866 -11.141552 -0.103106 1.000000
17.549433 3.639277 1.115893 0.059606 1.000000
45.446407 2.705318 1.550086 0.039187 1.000000
30.683065 -5.719144 0.427539 0.016509 1.000000
8.476777 -6.067552 0.862641 0.082563 1.000000
45.104393 4.605836 4.713573 0.107913 1.000000
25.746710 -6.059172 0.723428 0.027344 1.000000
73.698090 -7.967506 -4.337326 -0.058612 1.000000
106.411499 1.799179 -10.087025 -0.093790 1.000000
70.298225 -12.622714 -6.389939 -0.088722 1.000000
58.955902 -54.531094 -7.621136 -0.094094 1.000000
57.696556 -54.585709 5.909630 0.077828 1.000000
95.022430 -19.060608 -6.357119 -0.065487 1.000000
25.522644 -5.467674 2.071948 0.077184 1.000000
20.059126 -4.968874 1.742969 0.095577 1.000000
25.171991 -5.543966 0.152099 0.008738 1.000000
4.218006 -3.266731 -0.012054 0.005628 1.000000
7.948590 -5.020766 1.735621 0.182556 1.000000
64.130676 -10.242598 -1.305355 -0.020734 1.000000
26.052549 -6.389915 1.867682 0.065681 1.000000
58.967285 5.653922 -2.421318 -0.041125 1.000000
19.905441 -5.253688 1.898321 0.099310 1.000000
99.608315 -6.755421 -8.641992 -0.086948 1.000000
60.795082 -29.669933 -9.451694 -0.138977 1.000000
75.519104 -7.880553 1.718163 0.023288 1.000000
76.984680 -1.954763 -8.172457 -0.105625 1.000000
7.546463 -5.213698 1.740073 0.187481 1.000000
76.984680 -1.954763 -8.172457 -0.105625 1.000000
79.164116 0.141985 -0.715221 -0.008484 1.000000
4.959932 3.557751 -1.306152 -0.210805 1.000000
30.533863 -5.688997 0.469562 0.015117 1.000000
64.108597 -10.185067 -2.119898 -0.032914 1.000000
50.207500 7.483337 4.790959 0.092708 1.000000
50.872406 8.056552 5.693706 0.114148 1.000000
49.773640 -8.801288 -2.280034 -0.045244 1.000000
53.917271 -16.326349 4.458573 0.077949 1.000000
1.119063 -2.982105 -0.016971 -0.017889 1.000000
105.719223 -0.109866 -11.141552 -0.103106 1.000000
21.804781 -7.057613 1.260492 0.063437 1.000000
20.949780 -4.818985 2.071091 0.099310 1.000000
17.549433 3.639277 1.115893 0.059606 1.000000
49.099617 -7.586641 -1.847301 -0.038363 1.000000
70.005005 -13.054635 -7.734046 -0.107657 1.000000
97.343086 -14.654888 -7.133533 -0.071456 1.000000
98.454834 -13.514051 -7.706845 -0.077439 1.000000
73.770325 -7.798769 -4.982370 -0.067064 1.000000
104.470871 -3.177282 -9.181586 -0.088272 1.000000
7.866447 3.442481 -0.156814 -0.019475 1.000000
95.022430 -19.060608 -6.357119 -0.065487 1.000000
28.720694 -5.502336 0.358155 0.010372 1.000000
30.683065 -5.719144 0.427539 0.016509 1.000000
95.623878 3.826561 -7.571514 -0.076759 1.000000
19.905441 -5.253688 1.898321 0.099310 1.000000
26.052549 -6.389915 1.867682 0.065681 1.000000
1.373688 -3.111812 -0.097320 -0.031231 1.000000
7.699814 3.431016 -0.309645 -0.036716 1.000000
46.400967 6.843365 6.933783 0.144833 1.000000
25.522644 -5.467674 2.071948 0.077184 1.000000
47.969585 3.944016 3.811233 0.082660 1.000000
46.627186 -2.113947 -3.791315 -0.080790 1.000000
9.914037 -5.169046 -0.139118 -0.012442 1.000000
28.770878 -5.168575 -0.393459 -0.014016 1.000000
52.888988 -46.373600 0.321885 0.006064 1.000000
78.507408 -66.181152 14.439605 0.139710 1.000000
7.866447 3.442481 -0.156814 -0.019475 1.000000
64.108597 -10.185067 -2.119898 -0.032914 1.000000
105.738533 1.128638 -10.141781 -0.096209 1.000000
60.692924 -56.603794 6.851808 0.084409 1.000000
79.851517 1.873378 -9.216063 -0.114903 1.000000
44.198219 4.121472 5.199741 0.110482 1.000000
97.096886 -15.974858 -7.568948 -0.076796 1.000000
1.119063 -2.982105 -0.016971 -0.017889 1.000000
19.696629 -5.597114 2.398824 0.106051 1.000000
78.473434 -47.212208 2.305546 0.024789 1.000000
79.696640 2.180142 -9.180370 -0.114757 1.000000
51.667110 -48.605217 0.478181 0.009525 1.000000
52.177242 7.821025 -9.246615 -0.174463 1.000000
104.136063 -3.197650 -10.756852 -0.102266 1.000000
28.767166 -5.240299 -0.366556 -0.011946 1.000000
28.770878 -5.168575 -0.393459 -0.014016 1.000000
30.509907 -6.702652 1.050413 0.037043 1.000000
78.507408 -66.181152 14.439605 0.139710 1.000000
18.703217 -4.983363 2.813956 0.160850 1.000000
25.171991 -5.543966 0.152099 0.008738 1.000000
28.759054 -5.295409 -0.257654 -0.010046 1.000000
100.260223 0.119402 9.321626 0.092708 1.000000
29.496395 -5.376063 0.346837 0.010675 1.000000
17.882774 -5.990010 0.491972 0.033665 1.000000
8.386084 -5.122485 1.937247 0.194643 1.000000
29.781399 -6.185839 1.230172 0.035905 1.000000
47.610367 3.863001 7.751749 0.156560 1.000000
60.692924 -56.603794 6.851808 0.084409 1.000000
62.319057 -43.822098 1.641121 0.024789 1.000000
4.151320 -3.257553 -0.029354 0.006826 1.000000
6.824700 1.730320 0.086667 0.012309 1.000000
73.770325 -7.798769 -4.982370 -0.067064 1.000000
73.301788 -7.697846 -8.442430 -0.112772 1.000000
58.967285 5.653922 -2.421318 -0.041125 1.000000
90.267609 -13.802014 7.976617 0.087130 1.000000
20.399929 -5.117793 1.725994 0.088661 1.000000
31.778780 -5.585923 0.041109 0.000557 1.000000
106.411499 1.799179 -10.087025 -0.093790 1.000000
25.347048 -5.800997 2.308606 0.081142 1.000000
78.771149 -0.987663 -5.874645 -0.074332 1.000000
31.833925 -5.498258 0.227480 0.007915 1.000000
47.640915 -72.774757 10.401926 0.119022 1.000000
59.907551 -42.112576 2.447022 0.036886 1.000000
70.241379 -13.317565 -1.926373 -0.025576 1.000000
7.546463 -5.213698 1.740073 0.187481 1.000000
93.538078 -7.262506 -0.620248 -0.007371 1.000000
44.421009 -4.011334 6.599451 0.149274 1.000000
22.846010 -6.824165 1.693280 0.070898 1.000000
21.804781 -7.057613 1.260492 0.063437 1.000000
100.260223 0.119402 9.321626 0.092708 1.000000
45.020420 4.602263 5.508007 0.114940 1.000000
17.549433 3.639277 1.115893 0.059606 1.000000
0.979731 -3.261401 0.268162 0.053908 1.000000
17.882774 -5.990010 0.491972 0.033665 1.000000
30.683065 -5.719144 0.427539 0.016509 1.000000
113.583794 -23.289209 -6.492625 -0.056102 1.000000
30.353800 -6.518360 -0.022604 -0.000000 1.000000
7.866447 3.442481 -0.156814 -0.019475 1.000000
91.466721 -14.440794 -7.309614 -0.078774 1.000000
45.104393 4.605836 4.713573 0.107913 1.000000
95.359703 -18.217365 -6.219508 -0.061606 1.000000
30.710537 -6.244148 0.280711 0.008133 1.000000
47.310005 -76.238998 9.999434 0.110835 1.000000
97.343086 -14.654888 -7.133533 -0.071456 1.000000
