16.658703 1.611531 1.580037 0.074429 0.000000
47.806698 -12.292730 2.120377 0.044820 0.000000
11.686826 -8.305624 1.317635 0.092465 0.000000
68.719452 -3.910328 3.095846 0.030867 0.000000
22.012993 1.528691 1.118435 0.042094 0.000000
39.630981 -0.498861 1.353001 0.019342 0.000000
32.297226 -5.595685 -3.340629 -0.103690 0.000000
35.239899 17.248081 4.359498 0.109654 0.000000
15.798103 4.329037 0.135014 0.008242 0.000000
52.778534 2.248541 -2.622010 -0.049594 0.000000
30.163937 14.140965 -3.659910 -0.119802 0.000000
29.288315 -5.906054 -0.065452 -0.002191 0.000000
28.872463 15.372491 1.813747 0.054551 0.000000
26.505560 6.332954 3.655562 0.133345 0.000000
19.654396 2.757039 1.689672 0.066785 0.000000
21.916842 -5.521466 -3.160838 -0.140125 0.000000
32.232254 19.288103 0.709028 0.018119 0.000000
37.941776 -0.172744 0.184521 0.004030 0.000000
18.391397 -5.855315 -1.967657 -0.106903 0.000000
21.100164 -5.967459 0.248519 0.013011 0.000000
15.715334 1.921167 0.244833 0.006971 0.000000
41.004887 -11.214412 1.302349 0.032550 0.000000
34.742390 -1.120088 -0.031397 -0.001731 0.000000
94.204834 -7.237311 4.753729 0.049594 0.000000
35.373997 28.012217 3.263547 0.066385 0.000000
32.291550 -6.940303 0.229860 0.006959 0.000000
37.978668 -0.167469 0.446655 0.005604 0.000000
23.949337 6.652043 2.179842 0.088090 0.000000
76.934631 16.537241 1.652505 0.014500 0.000000
79.464989 16.594275 2.543548 0.031993 0.000000
61.906113 23.397127 2.252280 0.027828 0.000000
36.364071 -0.156197 0.995798 0.020104 0.000000
24.378067 6.705150 2.407447 0.094932 0.000000
66.127579 -3.500340 1.243275 0.018773 0.000000
23.624186 -0.634591 2.782153 0.107487 0.000000
21.610493 -6.461905 -3.302937 -0.156144 0.000000
10.191116 -8.010540 1.273844 0.100879 0.000000
15.801363 1.768990 -0.167929 -0.017538 0.000000
4.875523 -4.183096 -0.224758 -0.034972 0.000000
54.094715 17.656303 0.742817 0.013410 0.000000
56.028351 17.732613 1.325826 0.022804 0.000000
70.690079 -4.575687 -10.122966 -0.139734 0.000000
29.018911 -5.256675 0.584406 0.019814 0.000000
74.381157 -8.807234 5.123128 0.067937 0.000000
18.391397 -5.855315 -1.967657 -0.106903 0.000000
53.927368 2.260310 -2.716679 -0.057617 0.000000
29.162598 -5.659580 1.756152 0.042942 0.000000
31.895853 11.293970 3.000694 0.080778 0.000000
60.502846 21.724005 0.857782 0.006826 0.000000
38.793427 14.579357 5.691237 0.121619 0.000000
94.232697 -7.190261 4.779328 0.050951 0.000000
30.834162 -7.445460 0.685051 0.021593 0.000000
28.273573 15.682724 2.070070 0.064905 0.000000
96.705482 -12.811573 3.050308 0.024789 0.000000
44.031567 35.084084 -5.077120 -0.089937 0.000000
28.273573 15.682724 2.070070 0.064905 0.000000
41.348801 16.484037 4.622375 0.102887 0.000000
31.294538 1.980838 2.856540 0.074429 0.000000
56.311802 -4.133986 0.720273 0.013168 0.000000
18.424841 3.987253 0.152413 0.008085 0.000000
53.619205 -10.083549 -0.019596 -0.000000 0.000000
29.764868 -5.291726 0.428313 0.015759 0.000000
11.784411 -8.247046 1.696167 0.106817 0.000000
33.637161 -4.503587 4.583770 0.131440 0.000000
78.723991 16.638292 1.575966 0.019584 0.000000
61.906113 23.397127 2.252280 0.027828 0.000000
41.920502 18.012663 0.592136 0.013386 0.000000
44.965336 -5.410166 6.231843 0.120570 0.000000
66.189743 -3.451425 1.038498 0.016049 0.000000
48.187244 21.170139 -6.221182 -0.122643 0.000000
29.015245 -5.218270 0.305185 0.010106 0.000000
39.344643 13.040467 -1.064281 -0.027501 0.000000
53.972416 18.210268 0.454683 0.006451 0.000000
73.640137 -6.582838 4.623459 0.062007 0.000000
76.934631 16.537241 1.652505 0.014500 0.000000
22.964478 0.252675 0.206445 0.008496 0.000000
9.665154 -5.680879 0.528268 0.047086 0.000000
47.283943 27.603495 -5.545689 -0.103665 0.000000
37.198799 17.804749 -1.698247 -0.052636 0.000000
94.774750 -8.290776 4.029698 0.035784 0.000000
69.146133 21.093653 3.099829 0.030008 0.000000
73.027153 -6.623289 4.738663 0.058963 0.000000
23.669710 -0.646797 2.273230 0.095710 0.000000
19.765074 3.799026 0.828919 0.041161 0.000000
36.513699 -4.241956 6.988237 0.170029 0.000000
35.239899 17.248081 4.359498 0.109654 0.000000
29.096149 -5.254960 1.047348 0.027743 0.000000
9.769562 -5.758193 0.796558 0.049594 0.000000
34.946236 -2.276731 -3.448062 -0.106805 0.000000
54.822601 19.045563 1.237420 0.008642 0.000000
23.926388 0.100838 2.187018 0.091152 0.000000
29.825243 12.387996 3.058108 0.094410 0.000000
35.373997 28.012217 3.263547 0.066385 0.000000
50.706177 22.326954 -3.728590 -0.067270 0.000000
34.742390 -1.120088 -0.031397 -0.001731 0.000000
20.789572 1.747065 0.318358 0.009453 0.000000
4.875523 -4.183096 -0.224758 -0.034972 0.000000
36.655983 27.543186 2.668115 0.058733 0.000000
14.539907 4.389795 1.054519 0.059436 0.000000
22.428461 0.132359 4.732702 0.207959 0.000000
18.365927 -5.689237 1.665844 0.086425 0.000000
116.026283 -14.350014 1.407611 0.012309 0.000000
19.290964 -5.544787 2.479985 0.112698 0.000000
39.601517 -0.395210 0.638721 0.010058 0.000000
94.753159 -9.431902 1.455188 0.015589 0.000000
45.087185 -4.774774 4.694011 0.103617 0.000000
96.686882 65.067963 11.166640 0.094762 0.000000
25.883083 -6.556522 0.718644 0.019269 0.000000
31.139553 13.142290 1.858052 0.055811 0.000000
36.513699 -4.241956 6.988237 0.170029 0.000000
76.305260 16.394573 1.986644 0.026109 0.000000
13.781985 -4.665631 0.890679 0.059375 0.000000
11.654837 -8.041762 1.507678 0.106075 0.000000
34.829742 -1.101858 0.216210 -0.000000 0.000000
34.985046 -1.125799 3.249243 0.092562 0.000000
30.867130 -7.175568 0.363239 0.011462 0.000000
68.719604 -3.777029 -0.893009 -0.012975 0.000000
59.284992 22.049631 4.826427 0.069624 0.000000
5.709844 -3.833790 -0.485278 -0.081203 0.000000
32.713696 -5.923096 5.539948 0.167205 0.000000
11.246127 -7.901449 0.302991 0.022041 0.000000
93.442574 -7.696630 4.753896 0.036862 0.000000
12.925488 7.193248 2.415900 0.161893 0.000000
29.278599 -5.920181 0.337766 0.005725 0.000000
68.719452 -3.910328 3.095846 0.030867 0.000000
11.707620 -5.083129 0.559266 0.044614 0.000000
32.039429 19.293648 0.594203 0.009864 0.000000
36.313618 -0.096957 0.288322 0.007940 0.000000
50.905247 23.416941 4.115691 0.066882 0.000000
25.276119 -6.669014 -4.981711 -0.192176 0.000000
32.871082 10.448592 3.143885 0.090824 0.000000
32.297226 -5.595685 -3.340629 -0.103690 0.000000
29.938318 -5.116212 1.003074 0.017550 0.000000
24.935234 -6.019525 2.408835 0.093632 0.000000
25.299915 1.104747 -3.596156 -0.152249 0.000000
57.202896 -0.204942 2.133715 0.037818 0.000000
78.416626 -8.940108 1.334617 0.003207 0.000000
24.387047 6.768253 2.839323 0.112784 0.000000
22.012993 1.528691 1.118435 0.042094 0.000000
35.014961 -1.049763 4.579675 0.131611 0.000000
18.471819 3.990659 1.457279 0.059121 0.000000
32.646805 10.450954 3.122174 0.086365 0.000000
15.746373 1.947703 -0.295415 -0.019923 0.000000
25.622961 6.468146 3.529265 0.134163 0.000000
46.089695 23.959332 5.230944 0.101183 0.000000
37.934368 -0.298076 0.575276 0.016352 0.000000
36.998741 15.238772 -0.751178 -0.018543 0.000000
20.789572 1.747065 0.318358 0.009453 0.000000
54.336578 1.825245 3.682963 0.067222 0.000000
32.210896 20.599987 -0.329461 -0.008327 0.000000
23.949337 6.652043 2.179842 0.088090 0.000000
66.176552 -3.413677 1.355746 0.014330 0.000000
43.772434 -2.046901 -5.566500 -0.126851 0.000000
32.258247 -6.964684 -0.148912 -0.004986 0.000000
33.623638 -4.489752 4.535486 0.134603 0.000000
9.690074 -5.808532 0.428968 0.040096 0.000000
42.552006 -3.902002 4.439696 0.099310 0.000000
23.787342 -3.875272 1.938326 0.081652 0.000000
30.196663 -5.465782 -0.191713 -0.006802 0.000000
94.204834 -7.237311 4.753729 0.049594 0.000000
97.041496 61.255703 11.226664 0.097887 0.000000
38.171520 -4.779127 4.380485 0.114733 0.000000
38.759163 14.720119 4.087873 0.099334 0.000000
29.493420 18.160149 3.004073 0.082016 0.000000
16.658703 1.611531 1.580037 0.074429 0.000000
47.283943 27.603495 -5.545689 -0.103665 0.000000
38.465191 15.363997 3.982160 0.095406 0.000000
31.520035 13.638942 1.486226 0.036365 0.000000
60.736481 -14.163927 -9.864676 -0.158717 0.000000
35.373997 28.012217 3.263547 0.066385 0.000000
116.803337 -13.127662 1.593411 0.013556 0.000000
24.521349 0.837253 3.723758 0.140480 0.000000
54.229641 21.187723 4.833771 0.076201 0.000000
16.658703 1.611531 1.580037 0.074429 0.000000
108.485825 -9.128190 5.473219 0.051896 0.000000
23.669710 -0.646797 2.273230 0.095710 0.000000
30.291431 16.031307 1.994365 0.058127 0.000000
29.015245 -5.218270 0.305185 0.010106 0.000000
59.560593 22.935030 5.899954 0.079078 0.000000
44.999519 -5.529792 4.761386 0.105734 0.000000
16.085260 1.312093 -0.048022 -0.002433 0.000000
37.294937 22.291811 0.369204 0.002251 0.000000
51.754906 -9.527922 -3.137743 -0.060770 0.000000
16.541695 1.124417 -2.793562 -0.163646 0.000000
36.998741 15.238772 -0.751178 -0.018543 0.000000
11.636995 -5.120382 0.821783 0.054102 0.000000
73.714951 13.031697 -12.063999 -0.158337 0.000000
5.059689 -4.015272 -0.336989 -0.060309 0.000000
58.951271 22.278421 2.271825 0.029790 0.000000
34.278286 1.413627 1.385812 0.025249 0.000000
6.571517 -4.006006 -0.411985 -0.062382 0.000000
23.949337 6.652043 2.179842 0.088090 0.000000
119.288300 -13.961146 4.437661 0.030916 0.000000
117.147354 -13.806584 2.472704 0.020153 0.000000
25.492874 -6.169853 3.384250 0.110104 0.000000
75.745148 -9.167199 4.389801 0.057036 0.000000
38.816380 13.159351 -0.942155 -0.024789 0.000000
27.985481 -6.042109 -3.673999 -0.130293 0.000000
31.813833 19.752880 0.709416 0.018942 0.000000
27.876247 -6.128698 1.474847 0.052745 0.000000
20.811264 1.656159 0.610111 0.021000 0.000000
70.690079 -4.575687 -10.122966 -0.139734 0.000000
31.051321 17.796114 -4.335989 -0.130256 0.000000
24.012985 -3.803313 2.154515 0.085478 0.000000
42.144375 -6.485347 4.251148 0.100502 0.000000
29.950220 -5.028170 0.534572 0.010239 0.000000
39.601517 -0.395210 0.638721 0.010058 0.000000
28.716640 16.828785 3.120867 0.089208 0.000000
35.442493 11.418514 5.051991 0.119315 0.000000
23.745007 -6.167884 3.176124 0.110190 0.000000
34.347816 14.746156 4.857396 0.114428 0.000000
25.203888 7.346996 2.811606 0.103458 0.000000
10.307818 -7.781638 0.153767 0.013580 0.000000
35.356110 16.951057 3.917839 0.099590 0.000000
27.333076 16.265305 1.898461 0.058478 0.000000
35.023941 27.893402 2.364689 0.051327 0.000000
22.947958 0.215523 0.315574 0.007915 0.000000
22.045481 1.550372 1.202422 0.037516 0.000000
19.813889 3.694955 1.252032 0.053133 0.000000
11.784411 -8.247046 1.696167 0.106817 0.000000
23.669710 -0.646797 2.273230 0.095710 0.000000
29.579990 17.180830 2.330342 0.063122 0.000000
11.784411 -8.247046 1.696167 0.106817 0.000000
34.898277 -1.251955 3.248441 0.092756 0.000000
24.427296 -5.780020 2.601670 0.103276 0.000000
42.491959 -4.584495 6.371097 0.131440 0.000000
41.509930 -1.554549 7.318313 0.174390 0.000000
11.686826 -8.305624 1.317635 0.092465 0.000000
14.516939 4.343100 -0.634748 -0.041428 0.000000
24.963539 -6.320878 3.426126 0.113880 0.000000
59.927109 22.873709 3.890373 0.060491 0.000000
28.359697 16.151592 2.332998 0.066615 0.000000
75.763290 -9.204315 6.174488 0.066409 0.000000
57.202896 -0.204942 2.133715 0.037818 0.000000
9.769562 -5.758193 0.796558 0.049594 0.000000
50.905247 23.416941 4.115691 0.066882 0.000000
28.903900 15.661810 4.727383 0.127986 0.000000
53.397629 -0.238847 -2.478533 -0.046383 0.000000
16.625017 1.675322 0.538154 0.032587 0.000000
24.521349 0.837253 3.723758 0.140480 0.000000
27.539454 -6.732880 1.946186 0.069842 0.000000
29.106544 10.289992 1.045709 0.026751 0.000000
28.108841 14.657900 3.229199 0.102838 0.000000
25.108633 -5.297047 2.237952 0.088637 0.000000
11.708185 -5.299463 0.688755 0.043524 0.000000
32.818008 -7.469146 1.781756 0.048346 0.000000
53.105392 -0.134020 8.450060 0.158386 0.000000
64.423668 2.100574 3.648937 0.042397 0.000000
19.634947 2.776689 0.745739 0.037588 0.000000
36.364071 -0.156197 0.995798 0.020104 0.000000
37.976067 -0.292073 1.127322 0.022429 0.000000
42.024258 18.106417 0.909410 0.013616 0.000000
39.615589 -0.538806 1.343585 0.026654 0.000000
35.228977 9.509274 4.795045 0.130659 0.000000
107.940903 -10.776283 7.715347 0.064408 0.000000
41.127014 -1.585009 0.674634 0.017707 0.000000
28.083471 -6.503789 -1.470109 -0.058224 0.000000
24.637312 -4.995911 2.133269 0.086122 0.000000
16.218403 3.863503 3.297817 0.199617 0.000000
21.100164 -5.967459 0.248519 0.013011 0.000000
33.637161 -4.503587 4.583770 0.131440 0.000000
29.083296 -5.244345 1.448388 0.033071 0.000000
38.924793 -0.715547 1.044032 0.021000 0.000000
25.622961 6.468146 3.529265 0.134163 0.000000
47.947117 22.665447 5.021235 0.094397 0.000000
36.359756 -0.043794 0.228088 -0.000000 0.000000
53.927368 2.260310 -2.716679 -0.057617 0.000000
61.829910 23.590118 1.302315 0.019765 0.000000
29.288315 -5.906054 -0.065452 -0.002191 0.000000
35.885429 -1.790236 -3.113408 -0.092258 0.000000
42.029518 17.564590 0.598831 0.006766 0.000000
33.182720 -7.330065 1.669083 0.033604 0.000000
39.880329 -11.488725 2.944146 0.063377 0.000000
4.604098 -4.099724 -0.262650 -0.042579 0.000000
96.776428 61.408421 12.019176 0.093632 0.000000
9.646298 -5.863082 0.687934 0.060867 0.000000
29.439135 17.316103 2.403227 0.069114 0.000000
31.756044 17.757401 2.165124 0.054248 0.000000
44.639172 -0.537267 0.771017 0.011171 0.000000
38.006805 -0.251213 1.391069 0.021678 0.000000
12.925488 7.193248 2.415900 0.161893 0.000000
13.781985 -4.665631 0.890679 0.059375 0.000000
42.029518 17.564590 0.598831 0.006766 0.000000
48.493851 1.262467 2.706693 0.055738 0.000000
11.707323 -8.238811 1.251281 0.090909 0.000000
32.548470 -6.202020 5.566437 0.166923 0.000000
42.144375 -6.485347 4.251148 0.100502 0.000000
39.309937 15.946315 4.468812 0.104298 0.000000
34.829742 -1.101858 0.216210 -0.000000 0.000000
27.141575 16.436501 1.422872 0.043766 0.000000
24.378067 6.705150 2.407447 0.094932 0.000000
53.105392 -0.134020 8.450060 0.158386 0.000000
31.294538 1.980838 2.856540 0.074429 0.000000
47.110878 24.431381 2.872356 0.052769 0.000000
24.665548 0.935005 2.838498 0.114185 0.000000
54.741856 16.745306 3.037727 0.039732 0.000000
11.732208 -8.195934 1.836357 0.116768 0.000000
11.686826 -8.305624 1.317635 0.092465 0.000000
30.778234 18.090406 2.872056 0.079114 0.000000
25.926270 20.124001 1.093110 0.027356 0.000000
6.410426 -4.632728 -0.034527 -0.002784 0.000000
18.391397 -5.855315 -1.967657 -0.106903 0.000000
32.191345 -7.156980 0.233301 0.007649 0.000000
31.051321 17.796114 -4.335989 -0.130256 0.000000
25.809410 -6.369870 0.164792 0.007976 0.000000
56.712292 22.862543 0.869385 0.014548 0.000000
68.770966 -3.733885 -0.417117 -0.012515 0.000000
34.546604 -1.730839 -1.928110 -0.068981 0.000000
35.885429 -1.790236 -3.113408 -0.092258 0.000000
34.757381 20.990498 1.296432 0.031109 0.000000
69.146133 21.093653 3.099829 0.030008 0.000000
29.878876 -4.697664 0.126709 0.004769 0.000000
26.875772 16.404736 2.064553 0.065475 0.000000
42.011707 18.130529 0.771188 0.015371 0.000000
41.078747 -1.868790 6.498306 0.156732 0.000000
5.263995 -4.031535 -0.102246 -0.024789 0.000000
39.309937 15.946315 4.468812 0.104298 0.000000
19.634947 2.776689 0.745739 0.037588 0.000000
32.952827 23.031260 0.262072 0.000412 0.000000
26.468855 6.259856 4.130025 0.141238 0.000000
24.935234 -6.019525 2.408835 0.093632 0.000000
66.189743 -3.451425 1.038498 0.016049 0.000000
78.723991 16.638292 1.575966 0.019584 0.000000
16.088865 1.822715 0.368744 0.005882 0.000000
34.442421 12.972971 -2.448788 -0.072026 0.000000
23.871752 0.337009 -2.595257 -0.111468 0.000000
24.622965 -5.057002 3.293828 0.111736 0.000000
35.508770 11.407662 4.063544 0.107962 0.000000
11.654837 -8.041762 1.507678 0.106075 0.000000
35.023941 27.893402 2.364689 0.051327 0.000000
4.383236 -4.354244 -0.112183 -0.018155 0.000000
36.318565 -6.750893 4.422462 0.102582 0.000000
51.498436 -0.351666 7.712653 0.149274 0.000000
10.014007 -6.233085 1.096061 0.095917 0.000000
15.812836 4.278204 -0.124577 -0.006923 0.000000
38.412796 15.225547 4.353789 0.104322 0.000000
10.069786 -6.149658 1.014272 0.090216 0.000000
28.359697 16.151592 2.332998 0.066615 0.000000
23.816544 0.388742 2.779479 0.106525 0.000000
94.770981 -8.349905 2.016096 0.015044 0.000000
23.500669 -0.219816 2.158682 0.088624 0.000000
31.531427 19.764940 0.030271 -0.005495 0.000000
30.811226 12.855292 -4.706355 -0.143683 0.000000
30.756901 -7.206485 0.422129 0.013362 0.000000
29.015245 -5.218270 0.305185 0.010106 0.000000
57.005447 -0.262806 3.053207 0.053508 0.000000
14.515493 4.446411 0.592012 0.040641 0.000000
40.880070 -8.737376 7.453421 0.159453 0.000000
36.177139 -6.782804 3.605279 0.098763 0.000000
107.105293 -6.559975 5.498590 0.037540 0.000000
69.790100 -2.713626 2.721491 0.038254 0.000000
56.585499 -0.964710 3.720626 0.066785 0.000000
60.763260 20.868435 6.017907 0.087871 0.000000
38.412796 15.225547 4.353789 0.104322 0.000000
23.500669 -0.219816 2.158682 0.088624 0.000000
38.699707 14.990842 3.814489 0.092659 0.000000
28.662804 17.167412 3.356237 0.092939 0.000000
55.988003 22.770603 0.766695 0.012696 0.000000
29.984169 15.290061 0.411488 0.011704 0.000000
44.031567 35.084084 -5.077120 -0.089937 0.000000
23.034634 0.305099 2.015662 0.087276 0.000000
29.073812 -5.218868 0.512643 0.018083 0.000000
24.382780 6.988401 2.764922 0.105539 0.000000
13.961709 -4.552767 0.998794 0.070267 0.000000
36.196320 23.232494 3.726084 0.079989 0.000000
39.470467 -10.997701 2.657115 0.066457 0.000000
38.006805 -0.251213 1.391069 0.021678 0.000000
107.940903 -10.776283 7.715347 0.064408 0.000000
17.769836 -4.588049 2.971838 0.162138 0.000000
41.030468 18.054008 0.797856 0.011522 0.000000
36.865372 15.192006 -0.579527 -0.014512 0.000000
37.020061 -3.791304 5.533193 0.149274 0.000000
48.629597 20.536764 -4.976115 -0.094215 0.000000
16.058489 2.968076 3.840863 0.206141 0.000000
37.978668 -0.167469 0.446655 0.005604 0.000000
20.820681 1.663249 1.032270 0.032490 0.000000
13.781985 -4.665631 0.890679 0.059375 0.000000
23.669710 -0.646797 2.273230 0.095710 0.000000
21.992741 1.510819 0.833239 0.038085 0.000000
107.242096 -5.965538 5.161261 0.049594 0.000000
52.600460 0.098653 5.204347 0.083510 0.000000
30.993252 13.521815 -4.797600 -0.141727 0.000000
47.283943 27.603495 -5.545689 -0.103665 0.000000
21.983223 1.566790 1.006640 0.045644 0.000000
43.113300 -3.623394 -2.187446 -0.063826 0.000000
23.816544 0.388742 2.779479 0.106525 0.000000
41.348801 16.484037 4.622375 0.102887 0.000000
23.795950 0.256810 -2.708061 -0.116609 0.000000
18.424515 3.970876 0.575663 0.014342 0.000000
24.131306 -3.608875 2.987561 0.112211 0.000000
42.491959 -4.584495 6.371097 0.131440 0.000000
23.005871 0.253884 2.684855 0.116170 0.000000
36.500942 28.227930 2.769721 0.058575 0.000000
32.039429 19.293648 0.594203 0.009864 0.000000
99.126762 61.850323 16.426096 0.128596 0.000000
40.574810 17.611067 0.408154 0.007673 0.000000
38.816380 13.159351 -0.942155 -0.024789 0.000000
97.051277 61.236168 10.937361 0.094361 0.000000
36.359756 -0.043794 0.228088 -0.000000 0.000000
29.852505 -4.985214 0.002489 -0.000387 0.000000
17.250582 0.620733 0.110147 -0.001731 0.000000
32.283676 -7.232764 1.145953 0.036232 0.000000
91.136276 -7.345297 4.753384 0.038109 0.000000
29.878876 -4.697664 0.126709 0.004769 0.000000
24.410475 19.072641 1.233224 0.028155 0.000000
14.300336 2.421719 0.360489 0.019947 0.000000
25.926270 20.124001 1.093110 0.027356 0.000000
53.972416 18.210268 0.454683 0.006451 0.000000
33.755413 18.593805 2.491165 0.059375 0.000000
18.440386 -5.657859 2.107174 0.107974 0.000000
24.012985 -3.803313 2.154515 0.085478 0.000000
41.207134 -1.478846 1.800372 0.028736 0.000000
17.618500 -4.636850 2.790079 0.155262 0.000000
64.521507 -10.535398 6.165712 0.079333 0.000000
16.595991 2.129555 1.759552 0.094021 0.000000
42.024258 18.106417 0.909410 0.013616 0.000000
24.858974 -6.246838 0.133368 0.005882 0.000000
34.742390 -1.120088 -0.031397 -0.001731 0.000000
72.299637 -10.125234 2.599034 0.035057 0.000000
20.861116 -4.732863 2.484804 0.117986 0.000000
18.440386 -5.657859 2.107174 0.107974 0.000000
25.299915 1.104747 -3.596156 -0.152249 0.000000
71.524216 -10.131788 3.282811 0.039756 0.000000
93.465523 -7.721671 3.818882 0.034149 0.000000
35.765305 11.422083 3.940748 0.104578 0.000000
25.940855 -6.367118 -0.122859 -0.004055 0.000000
15.917651 2.248892 -0.273253 -0.016473 0.000000
95.493294 -8.521339 4.201768 0.030068 0.000000
117.147354 -13.806584 2.472704 0.020153 0.000000
9.957805 -6.291735 1.242384 0.110287 0.000000
24.850401 1.072581 3.246743 0.127828 0.000000
16.773291 0.620608 3.927303 0.204830 0.000000
36.359756 -0.043794 0.228088 -0.000000 0.000000
37.020061 -3.791304 5.533193 0.149274 0.000000
38.293465 -3.602544 4.709701 0.118267 0.000000
18.437851 4.071678 0.716411 0.033132 0.000000
33.837967 -4.861024 4.236819 0.120229 0.000000
6.935441 -4.130186 1.241680 0.162910 0.000000
25.276119 -6.669014 -4.981711 -0.192176 0.000000
11.732208 -8.195934 1.836357 0.116768 0.000000
30.913736 14.371381 -0.982808 -0.028821 0.000000
36.750999 27.856060 2.828077 0.056017 0.000000
68.764069 -3.729712 -0.864547 -0.012309 0.000000
71.428757 -10.106356 3.434600 0.049291 0.000000
55.465740 19.027893 4.837132 0.083000 0.000000
29.162598 -5.659580 1.756152 0.042942 0.000000
29.878876 -4.697664 0.126709 0.004769 0.000000
36.916115 27.549814 2.678820 0.058090 0.000000
41.348801 16.484037 4.622375 0.102887 0.000000
27.920784 -6.560894 -1.720230 -0.067428 0.000000
30.854649 13.118307 -4.435961 -0.141189 0.000000
30.317764 15.957942 2.037842 0.058515 0.000000
56.258629 -4.115677 0.995440 0.011583 0.000000
32.588978 -7.381196 1.475143 0.036571 0.000000
45.976944 -5.885991 6.087321 0.114574 0.000000
17.418291 1.500208 1.949508 0.113819 0.000000
30.854649 13.118307 -4.435961 -0.141189 0.000000
41.138382 -1.501635 0.453911 0.011026 0.000000
96.705482 -12.811573 3.050308 0.024789 0.000000
34.905853 -4.453093 -4.607471 -0.130195 0.000000
24.622965 -5.057002 3.293828 0.111736 0.000000
43.416477 -2.885437 5.812959 0.134151 0.000000
59.370594 -0.544934 4.459455 0.067828 0.000000
41.862843 17.055799 0.565835 0.012430 0.000000
41.175518 -1.465429 0.236344 0.006197 0.000000
20.861116 -4.732863 2.484804 0.117986 0.000000
17.446712 -5.002921 3.009297 0.167794 0.000000
36.364071 -0.156197 0.995798 0.020104 0.000000
9.957805 -6.291735 1.242384 0.110287 0.000000
47.384518 23.994337 2.863692 0.054429 0.000000
31.895853 11.293970 3.000694 0.080778 0.000000
79.689095 -9.129212 3.418291 0.042591 0.000000
12.841630 7.367456 2.686357 0.167377 0.000000
101.591469 -13.204580 2.349288 0.024789 0.000000
73.714951 13.031697 -12.063999 -0.158337 0.000000
30.422838 15.873242 1.463590 0.041561 0.000000
37.979084 -0.192552 0.233330 0.006632 0.000000
42.144375 -6.485347 4.251148 0.100502 0.000000
72.677238 -6.505548 5.994776 0.067586 0.000000
45.019581 -4.986641 5.595757 0.114940 0.000000
28.716640 16.828785 3.120867 0.089208 0.000000
93.453232 -7.677278 2.572529 0.029112 0.000000
29.579990 17.180830 2.330342 0.063122 0.000000
35.378990 17.039106 3.794006 0.096318 0.000000
108.485825 -9.128190 5.473219 0.051896 0.000000
23.624186 -0.634591 2.782153 0.107487 0.000000
48.187244 21.170139 -6.221182 -0.122643 0.000000
9.654435 -5.762328 0.549137 0.049594 0.000000
48.493717 28.930197 -5.289485 -0.101037 0.000000
28.778555 15.552431 1.711052 0.053120 0.000000
10.262219 -4.475495 2.060082 0.190019 0.000000
32.603535 -6.115954 5.401879 0.161427 0.000000
29.579990 17.180830 2.330342 0.063122 0.000000
43.781334 -5.021764 5.603507 0.122668 0.000000
18.442535 -5.619353 2.255401 0.119022 0.000000
24.858974 -6.246838 0.133368 0.005882 0.000000
20.789572 1.747065 0.318358 0.009453 0.000000
54.039288 17.893059 0.560834 0.009852 0.000000
36.365868 -0.072116 0.052218 0.001900 0.000000
18.523090 -5.644684 -1.567866 -0.093656 0.000000
66.164574 -3.601903 2.558829 0.031824 0.000000
38.903034 14.304410 4.527383 0.104262 0.000000
29.106544 10.289992 1.045709 0.026751 0.000000
34.179054 1.395572 1.101386 0.024789 0.000000
55.955780 17.912706 0.809287 0.013774 0.000000
19.619720 2.793465 0.835997 0.042445 0.000000
12.753359 -4.620028 1.352493 0.087993 0.000000
41.078747 -1.868790 6.498306 0.156732 0.000000
71.524216 -10.131788 3.282811 0.039756 0.000000
32.588978 -7.381196 1.475143 0.036571 0.000000
32.191345 -7.156980 0.233301 0.007649 0.000000
11.049925 -7.864758 0.481816 0.037806 0.000000
29.439135 17.316103 2.403227 0.069114 0.000000
24.315975 6.665092 3.516528 0.129121 0.000000
38.171520 -4.779127 4.380485 0.114733 0.000000
23.818464 -4.050197 -2.473472 -0.099310 0.000000
6.935441 -4.130186 1.241680 0.162910 0.000000
35.356110 16.951057 3.917839 0.099590 0.000000
33.081703 10.275760 3.192451 0.093121 0.000000
28.096527 15.123594 -2.579603 -0.089013 0.000000
41.039410 -11.140294 1.197599 0.028155 0.000000
9.153957 -4.961849 -1.413970 -0.138610 0.000000
11.708185 -5.299463 0.688755 0.043524 0.000000
35.242195 -0.675115 3.337248 0.090289 0.000000
38.746387 14.621307 4.433225 0.106367 0.000000
34.376060 14.977225 3.394418 0.089864 0.000000
46.699974 -3.304997 2.573524 0.049594 0.000000
28.160799 15.953540 2.117407 0.064602 0.000000
30.163937 14.140965 -3.659910 -0.119802 0.000000
75.737961 -9.343161 4.633295 0.055072 0.000000
24.850401 1.072581 3.246743 0.127828 0.000000
32.548470 -6.202020 5.566437 0.166923 0.000000
40.880070 -8.737376 7.453421 0.159453 0.000000
36.183468 -6.712007 3.383627 0.091687 0.000000
25.423019 -6.721306 -2.028280 -0.089925 0.000000
34.038105 17.272480 4.265371 0.111286 0.000000
13.466500 8.019993 2.037083 0.129243 0.000000
76.689545 17.169495 3.931851 0.036801 0.000000
76.305260 16.394573 1.986644 0.026109 0.000000
30.534449 -7.141676 1.003387 0.033604 0.000000
24.935234 -6.019525 2.408835 0.093632 0.000000
28.026541 16.081038 3.208705 0.094884 0.000000
49.660439 27.330864 -5.634971 -0.099310 0.000000
24.963539 -6.320878 3.426126 0.113880 0.000000
9.925126 -6.236571 1.245920 0.105892 0.000000
16.547016 2.126702 1.134951 0.067925 0.000000
36.025181 -1.771339 -2.053024 -0.070109 0.000000
14.515493 4.446411 0.592012 0.040641 0.000000
76.223389 16.841358 2.878133 0.030456 0.000000
46.756107 1.339116 5.654887 0.115976 0.000000
43.781334 -5.021764 5.603507 0.122668 0.000000
93.450508 -7.847656 -18.217388 -0.191868 0.000000
50.706177 22.326954 -3.728590 -0.067270 0.000000
32.564034 10.432002 3.171099 0.091930 0.000000
66.144295 -3.445391 0.968386 0.013786 0.000000
53.277672 -3.529757 0.803240 0.008944 0.000000
61.906113 23.397127 2.252280 0.027828 0.000000
76.944824 16.680752 1.737379 0.015577 0.000000
34.421173 14.914618 3.316631 0.089244 0.000000
49.999565 22.917276 4.777284 0.080074 0.000000
94.753159 -9.431902 1.455188 0.015589 0.000000
16.547016 2.126702 1.134951 0.067925 0.000000
17.250582 0.620733 0.110147 -0.001731 0.000000
60.736481 -14.163927 -9.864676 -0.158717 0.000000
34.173561 -1.523004 4.206315 0.122351 0.000000
52.600460 0.098653 5.204347 0.083510 0.000000
19.654396 2.757039 1.689672 0.066785 0.000000
35.853180 -0.798967 2.293304 0.063971 0.000000
29.439135 17.316103 2.403227 0.069114 0.000000
26.468855 6.259856 4.130025 0.141238 0.000000
68.720428 -3.769546 -0.843326 -0.013301 0.000000
11.049925 -7.864758 0.481816 0.037806 0.000000
36.364071 -0.156197 0.995798 0.020104 0.000000
35.981171 23.233803 4.191478 0.085053 0.000000
44.965336 -5.410166 6.231843 0.120570 0.000000
22.964478 0.252675 0.206445 0.008496 0.000000
9.769562 -5.758193 0.796558 0.049594 0.000000
31.895853 11.293970 3.000694 0.080778 0.000000
11.246127 -7.901449 0.302991 0.022041 0.000000
60.502846 21.724005 0.857782 0.006826 0.000000
21.806293 -6.672785 0.853255 0.038569 0.000000
31.153757 13.530371 -2.323887 -0.068483 0.000000
15.812836 4.278204 -0.124577 -0.006923 0.000000
93.453232 -7.677278 2.572529 0.029112 0.000000
54.039288 17.893059 0.560834 0.009852 0.000000
17.769836 -4.588049 2.971838 0.162138 0.000000
35.853180 -0.798967 2.293304 0.063971 0.000000
35.481590 29.650242 4.645319 0.088977 0.000000
14.516939 4.343100 -0.634748 -0.041428 0.000000
21.963980 1.588729 0.773315 0.035166 0.000000
20.520344 -5.663232 0.389241 0.010409 0.000000
27.184113 16.493439 1.805922 0.051727 0.000000
35.765305 11.422083 3.940748 0.104578 0.000000
36.916115 27.549814 2.678820 0.058090 0.000000
48.493851 1.262467 2.706693 0.055738 0.000000
97.041496 61.255703 11.226664 0.097887 0.000000
34.946236 -2.276731 -3.448062 -0.106805 0.000000
30.886045 18.240885 2.284708 0.058551 0.000000
19.669371 2.786648 0.691855 0.036074 0.000000
46.066113 -1.221201 2.574217 0.040956 0.000000
30.534449 -7.141676 1.003387 0.033604 0.000000
32.281151 19.088741 0.461831 0.010711 0.000000
14.300336 2.421719 0.360489 0.019947 0.000000
64.423668 2.100574 3.648937 0.042397 0.000000
70.690079 -4.575687 -10.122966 -0.139734 0.000000
20.811264 1.656159 0.610111 0.021000 0.000000
39.601517 -0.395210 0.638721 0.010058 0.000000
23.787342 -3.875272 1.938326 0.081652 0.000000
111.243538 -8.941500 8.270720 0.067379 0.000000
18.159054 -5.809586 0.155005 0.008472 0.000000
38.903034 14.304410 4.527383 0.104262 0.000000
37.020061 -3.791304 5.533193 0.149274 0.000000
56.255043 22.677286 0.594460 0.008182 0.000000
33.623638 -4.489752 4.535486 0.134603 0.000000
34.952766 29.442892 5.247758 0.103020 0.000000
35.239899 17.248081 4.359498 0.109654 0.000000
45.019581 -4.986641 5.595757 0.114940 0.000000
19.634947 2.776689 0.745739 0.037588 0.000000
22.019899 1.593150 0.764054 0.035747 0.000000
27.438461 -6.536458 2.596696 0.092793 0.000000
27.418629 -6.712998 1.926575 0.069126 0.000000
33.182720 -7.330065 1.669083 0.033604 0.000000
38.881870 -0.810510 1.476511 0.039030 0.000000
36.025181 -1.771339 -2.053024 -0.070109 0.000000
35.230019 -0.733071 -4.572453 -0.129719 0.000000
32.304882 -6.713570 0.277948 0.008424 0.000000
39.615589 -0.538806 1.343585 0.026654 0.000000
16.583162 2.123419 1.449004 0.084530 0.000000
41.773136 17.202597 0.446184 0.009876 0.000000
32.818008 -7.469146 1.781756 0.048346 0.000000
27.920784 -6.560894 -1.720230 -0.067428 0.000000
24.665548 0.935005 2.838498 0.114185 0.000000
76.240707 16.814405 1.403412 0.017974 0.000000
59.393490 23.921631 0.566234 0.009138 0.000000
16.171057 1.715897 0.207890 0.004418 0.000000
68.357216 -2.748827 -14.019567 -0.207242 0.000000
54.595169 1.571525 -1.084373 -0.026266 0.000000
116.803337 -13.127662 1.593411 0.013556 0.000000
80.469734 -9.005401 1.474619 0.011704 0.000000
29.001282 -5.357829 0.859310 0.030589 0.000000
76.305260 16.394573 1.986644 0.026109 0.000000
22.012993 1.528691 1.118435 0.042094 0.000000
11.732208 -8.195934 1.836357 0.116768 0.000000
29.018911 -5.256675 0.584406 0.019814 0.000000
59.370594 -0.544934 4.459455 0.067828 0.000000
32.646805 10.450954 3.122174 0.086365 0.000000
34.520535 -1.317930 -4.794643 -0.143035 0.000000
96.686882 65.067963 11.166640 0.094762 0.000000
29.116098 -5.111543 0.444862 0.009501 0.000000
20.778643 1.742079 0.123049 0.005265 0.000000
16.773291 0.620608 3.927303 0.204830 0.000000
19.619720 2.793465 0.835997 0.042445 0.000000
5.734741 -4.352678 -0.066000 -0.007516 0.000000
73.645607 -6.597600 5.043057 0.068677 0.000000
16.775343 0.629881 3.171745 0.192127 0.000000
26.022896 21.112713 1.525386 0.034137 0.000000
52.778534 2.248541 -2.622010 -0.049594 0.000000
30.778234 18.090406 2.872056 0.079114 0.000000
34.927120 -2.432511 3.232624 0.092732 0.000000
42.144375 -6.485347 4.251148 0.100502 0.000000
38.793427 14.579357 5.691237 0.121619 0.000000
36.022469 23.147129 3.286040 0.075473 0.000000
28.778555 15.552431 1.711052 0.053120 0.000000
15.715334 1.921167 0.244833 0.006971 0.000000
20.788937 1.741712 0.028106 0.002058 0.000000
10.647985 -7.768058 0.182932 0.015553 0.000000
54.229641 21.187723 4.833771 0.076201 0.000000
68.720428 -3.769546 -0.843326 -0.013301 0.000000
19.634947 2.776689 0.745739 0.037588 0.000000
94.774750 -8.290776 4.029698 0.035784 0.000000
63.538727 -2.979154 2.466499 0.040168 0.000000
16.171057 1.715897 0.207890 0.004418 0.000000
39.630981 -0.498861 1.353001 0.019342 0.000000
97.041496 61.255703 11.226664 0.097887 0.000000
56.255043 22.677286 0.594460 0.008182 0.000000
41.348801 16.484037 4.622375 0.102887 0.000000
48.102551 1.678226 3.876461 0.080365 0.000000
37.979084 -0.192552 0.233330 0.006632 0.000000
47.980877 1.239860 -6.207708 -0.131086 0.000000
49.660439 27.330864 -5.634971 -0.099310 0.000000
36.374294 -0.132446 1.450295 0.024789 0.000000
53.944336 2.171623 -2.887158 -0.053399 0.000000
32.871082 10.448592 3.143885 0.090824 0.000000
53.927368 2.260310 -2.716679 -0.057617 0.000000
21.610493 -6.461905 -3.302937 -0.156144 0.000000
17.335840 1.643865 1.690315 0.095783 0.000000
24.012985 -3.803313 2.154515 0.085478 0.000000
47.384518 23.994337 2.863692 0.054429 0.000000
11.654837 -8.041762 1.507678 0.106075 0.000000
29.825243 12.387996 3.058108 0.094410 0.000000
17.380211 1.592296 2.322178 0.111395 0.000000
53.336021 -3.549960 0.351067 0.006959 0.000000
19.290964 -5.544787 2.479985 0.112698 0.000000
108.140846 -10.366249 8.824313 0.067185 0.000000
19.664951 2.715650 1.519902 0.067064 0.000000
44.031567 35.084084 -5.077120 -0.089937 0.000000
23.382677 -0.141358 1.936267 0.079333 0.000000
17.335840 1.643865 1.690315 0.095783 0.000000
19.818075 3.602064 1.596568 0.061388 0.000000
56.201351 -4.263008 1.020524 0.019656 0.000000
23.668188 0.480789 2.245919 0.094483 0.000000
27.920784 -6.560894 -1.720230 -0.067428 0.000000
96.830307 -11.657478 4.406402 0.031412 0.000000
32.304882 -6.713570 0.277948 0.008424 0.000000
96.686882 65.067963 11.166640 0.094762 0.000000
52.778534 2.248541 -2.622010 -0.049594 0.000000
36.374294 -0.132446 1.450295 0.024789 0.000000
38.793427 14.579357 5.691237 0.121619 0.000000
24.935234 -6.019525 2.408835 0.093632 0.000000
57.202896 -0.204942 2.133715 0.037818 0.000000
16.645624 2.091472 1.445758 0.084968 0.000000
29.083296 -5.244345 1.448388 0.033071 0.000000
34.757381 20.990498 1.296432 0.031109 0.000000
101.591469 -13.204580 2.349288 0.024789 0.000000
49.729870 22.828758 4.753040 0.073725 0.000000
30.886045 18.240885 2.284708 0.058551 0.000000
14.539907 4.389795 1.054519 0.059436 0.000000
56.280449 -4.096618 0.897520 0.015904 0.000000
35.344257 -0.402770 2.567686 0.072754 0.000000
24.427296 -5.780020 2.601670 0.103276 0.000000
59.393490 23.921631 0.566234 0.009138 0.000000
47.384518 23.994337 2.863692 0.054429 0.000000
9.654435 -5.762328 0.549137 0.049594 0.000000
70.425934 -6.221721 5.424634 0.076577 0.000000
4.875523 -4.183096 -0.224758 -0.034972 0.000000
36.500942 28.227930 2.769721 0.058575 0.000000
27.876247 -6.128698 1.474847 0.052745 0.000000
24.131306 -3.608875 2.987561 0.112211 0.000000
14.645095 -5.304302 0.485643 0.027634 0.000000
44.601772 -0.346483 2.577150 0.042797 0.000000
30.291431 16.031307 1.994365 0.058127 0.000000
30.534449 -7.141676 1.003387 0.033604 0.000000
20.861116 -4.732863 2.484804 0.117986 0.000000
24.963539 -6.320878 3.426126 0.113880 0.000000
32.293907 20.714800 -0.267471 -0.006971 0.000000
19.765074 3.799026 0.828919 0.041161 0.000000
38.759163 14.720119 4.087873 0.099334 0.000000
23.837454 0.444932 2.020337 0.081215 0.000000
70.425934 -6.221721 5.424634 0.076577 0.000000
50.706177 22.326954 -3.728590 -0.067270 0.000000
12.925488 7.193248 2.415900 0.161893 0.000000
23.753490 -0.636821 2.077792 0.089001 0.000000
17.904877 -4.675393 2.954364 0.159759 0.000000
77.744110 -8.893055 3.846198 0.049594 0.000000
22.964478 0.252675 0.206445 0.008496 0.000000
28.359697 16.151592 2.332998 0.066615 0.000000
24.640404 -5.077631 2.973678 0.108266 0.000000
29.917974 15.458263 0.415230 0.012842 0.000000
24.819866 1.297826 2.857358 0.116499 0.000000
36.025181 -1.771339 -2.053024 -0.070109 0.000000
116.803337 -13.127662 1.593411 0.013556 0.000000
5.263995 -4.031535 -0.102246 -0.024789 0.000000
10.069786 -6.149658 1.014272 0.090216 0.000000
22.019899 1.593150 0.764054 0.035747 0.000000
41.374577 -11.173141 3.248959 0.060394 0.000000
30.291431 16.031307 1.994365 0.058127 0.000000
34.899532 22.598673 3.399344 0.069235 0.000000
27.418629 -6.712998 1.926575 0.069126 0.000000
41.030468 18.054008 0.797856 0.011522 0.000000
15.917651 2.248892 -0.273253 -0.016473 0.000000
11.732208 -8.195934 1.836357 0.116768 0.000000
54.750202 18.380444 0.648188 0.009719 0.000000
48.688992 21.914953 6.995456 0.116731 0.000000
28.361420 14.596743 4.011038 0.117243 0.000000
23.034634 0.305099 2.015662 0.087276 0.000000
116.803337 -13.127662 1.593411 0.013556 0.000000
41.038639 -11.182292 2.143415 0.043136 0.000000
30.534449 -7.141676 1.003387 0.033604 0.000000
28.160799 15.953540 2.117407 0.064602 0.000000
32.603535 -6.115954 5.401879 0.161427 0.000000
35.356110 16.951057 3.917839 0.099590 0.000000
28.112562 15.630712 3.767797 0.102254 0.000000
15.812836 4.278204 -0.124577 -0.006923 0.000000
69.135567 -11.506695 5.880564 0.069235 0.000000
23.881063 0.314458 2.761760 0.105515 0.000000
50.905247 23.416941 4.115691 0.066882 0.000000
44.601772 -0.346483 2.577150 0.042797 0.000000
20.764242 1.708686 -0.014626 -0.000702 0.000000
54.229641 21.187723 4.833771 0.076201 0.000000
10.647985 -7.768058 0.182932 0.015553 0.000000
54.336578 1.825245 3.682963 0.067222 0.000000
38.816380 13.159351 -0.942155 -0.024789 0.000000
19.664951 2.715650 1.519902 0.067064 0.000000
17.250582 0.620733 0.110147 -0.001731 0.000000
32.889694 11.671610 4.291601 0.118559 0.000000
32.603535 -6.115954 5.401879 0.161427 0.000000
53.706142 -10.164110 -0.026726 -0.001113 0.000000
11.791010 -5.023641 0.520532 0.042615 0.000000
36.637108 27.597046 3.666178 0.068338 0.000000
24.301630 -3.034725 -2.540557 -0.113027 0.000000
107.242096 -5.965538 5.161261 0.049594 0.000000
23.949337 6.652043 2.179842 0.088090 0.000000
73.714951 13.031697 -12.063999 -0.158337 0.000000
34.427776 14.570635 -2.863125 -0.079054 0.000000
20.861116 -4.732863 2.484804 0.117986 0.000000
11.707620 -5.083129 0.559266 0.044614 0.000000
19.883141 -5.631591 -0.063851 -0.008763 0.000000
53.277672 -3.529757 0.803240 0.008944 0.000000
11.636995 -5.120382 0.821783 0.054102 0.000000
38.759163 14.720119 4.087873 0.099334 0.000000
35.366943 -2.218484 3.059628 0.081895 0.000000
31.216967 -5.756580 0.049477 0.002094 0.000000
78.723991 16.638292 1.575966 0.019584 0.000000
30.422838 15.873242 1.463590 0.041561 0.000000
17.633171 -4.738092 2.965813 0.162702 0.000000
34.757381 20.990498 1.296432 0.031109 0.000000
48.001873 1.372740 -5.985822 -0.124448 0.000000
34.278286 1.413627 1.385812 0.025249 0.000000
36.865372 15.192006 -0.579527 -0.014512 0.000000
36.883080 15.375776 -0.490919 -0.012285 0.000000
32.415112 -6.920565 1.144949 0.019281 0.000000
57.005447 -0.262806 3.053207 0.053508 0.000000
36.637108 27.597046 3.666178 0.068338 0.000000
25.108633 -5.297047 2.237952 0.088637 0.000000
47.384518 23.994337 2.863692 0.054429 0.000000
17.633171 -4.738092 2.965813 0.162702 0.000000
45.019581 -4.986641 5.595757 0.114940 0.000000
97.041496 61.255703 11.226664 0.097887 0.000000
23.881063 0.314458 2.761760 0.105515 0.000000
41.207134 -1.478846 1.800372 0.028736 0.000000
117.147354 -13.806584 2.472704 0.020153 0.000000
68.720428 -3.769546 -0.843326 -0.013301 0.000000
9.769172 -5.829395 0.467831 0.043306 0.000000
80.469734 -9.005401 1.474619 0.011704 0.000000
51.754906 -9.527922 -3.137743 -0.060770 0.000000
41.862843 17.055799 0.565835 0.012430 0.000000
11.747458 -8.215896 1.369741 0.096014 0.000000
30.534449 -7.141676 1.003387 0.033604 0.000000
37.941776 -0.172744 0.184521 0.004030 0.000000
75.745148 -9.167199 4.389801 0.057036 0.000000
18.159054 -5.809586 0.155005 0.008472 0.000000
54.750202 18.380444 0.648188 0.009719 0.000000
41.181530 -1.480160 0.503046 0.006088 0.000000
32.281151 19.088741 0.461831 0.010711 0.000000
23.509983 -0.490315 2.124027 0.091918 0.000000
60.531570 21.351948 1.985914 0.018301 0.000000
48.770737 -1.446522 2.003845 0.033967 0.000000
16.058489 2.968076 3.840863 0.206141 0.000000
21.963980 1.588729 0.773315 0.035166 0.000000
19.664951 2.715650 1.519902 0.067064 0.000000
45.087185 -4.774774 4.694011 0.103617 0.000000
30.679283 -7.246264 0.659613 0.013616 0.000000
13.961709 -4.552767 0.998794 0.070267 0.000000
55.988003 22.770603 0.766695 0.012696 0.000000
42.491959 -4.584495 6.371097 0.131440 0.000000
76.305260 16.394573 1.986644 0.026109 0.000000
17.769836 -4.588049 2.971838 0.162138 0.000000
15.917651 2.248892 -0.273253 -0.016473 0.000000
24.287472 -3.234234 2.151448 0.089317 0.000000
42.144375 -6.485347 4.251148 0.100502 0.000000
15.715334 1.921167 0.244833 0.006971 0.000000
107.668663 -10.073350 8.725819 0.066652 0.000000
46.699974 -3.304997 2.573524 0.049594 0.000000
21.916842 -5.521466 -3.160838 -0.140125 0.000000
28.096527 15.123594 -2.579603 -0.089013 0.000000
32.258247 -6.964684 -0.148912 -0.004986 0.000000
35.102859 -1.622743 -2.737579 -0.083680 0.000000
37.941776 -0.172744 0.184521 0.004030 0.000000
37.947041 -0.212317 0.428073 0.011280 0.000000
5.734741 -4.352678 -0.066000 -0.007516 0.000000
72.677238 -6.505548 5.994776 0.067586 0.000000
39.630981 -0.498861 1.353001 0.019342 0.000000
31.678694 11.519601 2.047729 0.060224 0.000000
23.816544 0.388742 2.779479 0.106525 0.000000
10.262219 -4.475495 2.060082 0.190019 0.000000
12.753359 -4.620028 1.352493 0.087993 0.000000
40.488331 17.364496 0.531631 0.005688 0.000000
30.291431 16.031307 1.994365 0.058127 0.000000
29.917974 15.458263 0.415230 0.012842 0.000000
66.176552 -3.413677 1.355746 0.014330 0.000000
25.926270 20.124001 1.093110 0.027356 0.000000
29.018911 -5.256675 0.584406 0.019814 0.000000
42.541222 -3.916610 4.298876 0.101427 0.000000
24.410475 19.072641 1.233224 0.028155 0.000000
16.762901 0.595761 3.385701 0.199172 0.000000
79.464989 16.594275 2.543548 0.031993 0.000000
32.603535 -6.115954 5.401879 0.161427 0.000000
38.925911 -0.694933 0.756117 0.020007 0.000000
38.699707 14.990842 3.814489 0.092659 0.000000
70.425934 -6.221721 5.424634 0.076577 0.000000
107.668663 -10.073350 8.725819 0.066652 0.000000
17.618500 -4.636850 2.790079 0.155262 0.000000
32.952827 23.031260 0.262072 0.000412 0.000000
48.102551 1.678226 3.876461 0.080365 0.000000
24.301630 -3.034725 -2.540557 -0.113027 0.000000
29.938318 -5.116212 1.003074 0.017550 0.000000
27.141575 16.436501 1.422872 0.043766 0.000000
34.278286 1.413627 1.385812 0.025249 0.000000
15.812836 4.278204 -0.124577 -0.006923 0.000000
32.680054 23.293587 0.659687 0.016436 0.000000
34.858799 -2.236031 -2.927172 -0.089463 0.000000
50.923897 22.973331 3.651978 0.064893 0.000000
51.754906 -9.527922 -3.137743 -0.060770 0.000000
19.709232 -5.802526 3.172758 0.153755 0.000000
31.531427 19.764940 0.030271 -0.005495 0.000000
23.624186 -0.634591 2.782153 0.107487 0.000000
34.133038 13.052191 4.160713 0.113368 0.000000
13.781985 -4.665631 0.890679 0.059375 0.000000
41.415314 -8.955248 -1.307714 -0.037261 0.000000
23.989950 6.379200 2.025348 0.081409 0.000000
41.127014 -1.585009 0.674634 0.017707 0.000000
23.826262 -5.883082 -2.420228 -0.107329 0.000000
32.304882 -6.713570 0.277948 0.008424 0.000000
24.047638 -0.900807 3.159005 0.111675 0.000000
61.829910 23.590118 1.302315 0.019765 0.000000
50.706177 22.326954 -3.728590 -0.067270 0.000000
30.163937 14.140965 -3.659910 -0.119802 0.000000
115.960838 -14.613766 1.694823 0.014500 0.000000
63.538727 -2.979154 2.466499 0.040168 0.000000
49.323715 1.425168 2.146343 0.042894 0.000000
24.894489 -5.435907 2.680532 0.105466 0.000000
16.693306 3.876052 0.278421 0.000291 0.000000
28.799040 16.600197 -3.008448 -0.093243 0.000000
12.841630 7.367456 2.686357 0.167377 0.000000
35.378990 17.039106 3.794006 0.096318 0.000000
47.755798 22.578505 -4.977900 -0.093680 0.000000
29.579990 17.180830 2.330342 0.063122 0.000000
64.895699 -3.333391 2.928193 0.030879 0.000000
31.781420 19.864685 1.550316 0.035106 0.000000
39.470467 -10.997701 2.657115 0.066457 0.000000
54.039288 17.893059 0.560834 0.009852 0.000000
20.789572 1.747065 0.318358 0.009453 0.000000
41.095242 -11.083987 0.762732 0.017756 0.000000
34.133038 13.052191 4.160713 0.113368 0.000000
45.019581 -4.986641 5.595757 0.114940 0.000000
46.699974 -3.304997 2.573524 0.049594 0.000000
36.183468 -6.712007 3.383627 0.091687 0.000000
39.309937 15.946315 4.468812 0.104298 0.000000
48.493851 1.262467 2.706693 0.055738 0.000000
68.364105 -2.802157 4.004450 0.044250 0.000000
28.778555 15.552431 1.711052 0.053120 0.000000
35.358120 28.821295 4.642852 0.090107 0.000000
23.500669 -0.219816 2.158682 0.088624 0.000000
41.862843 17.055799 0.565835 0.012430 0.000000
24.378067 6.705150 2.407447 0.094932 0.000000
94.798172 -8.207509 4.382417 0.032272 0.000000
28.799040 16.600197 -3.008448 -0.093243 0.000000
19.654396 2.757039 1.689672 0.066785 0.000000
36.365868 -0.072116 0.052218 0.001900 0.000000
34.952766 29.442892 5.247758 0.103020 0.000000
60.763260 20.868435 6.017907 0.087871 0.000000
36.313618 -0.096957 0.288322 0.007940 0.000000
30.811226 12.855292 -4.706355 -0.143683 0.000000
17.250582 0.620733 0.110147 -0.001731 0.000000
96.830307 -11.657478 4.406402 0.031412 0.000000
46.066113 -1.221201 2.574217 0.040956 0.000000
54.741856 16.745306 3.037727 0.039732 0.000000
27.628075 -6.242223 3.660177 0.128511 0.000000
17.380211 1.592296 2.322178 0.111395 0.000000
79.689095 -9.129212 3.418291 0.042591 0.000000
38.743107 13.359075 -0.713350 -0.017405 0.000000
34.179054 1.395572 1.101386 0.024789 0.000000
24.427296 -5.780020 2.601670 0.103276 0.000000
19.654396 2.757039 1.689672 0.066785 0.000000
20.764242 1.708686 -0.014626 -0.000702 0.000000
32.232254 19.288103 0.709028 0.018119 0.000000
30.811226 12.855292 -4.706355 -0.143683 0.000000
38.876263 -0.756037 0.944745 0.023748 0.000000
11.784411 -8.247046 1.696167 0.106817 0.000000
49.385567 1.217595 3.502028 0.063450 0.000000
54.039288 17.893059 0.560834 0.009852 0.000000
15.750403 1.896133 0.438295 0.010457 0.000000
10.191116 -8.010540 1.273844 0.100879 0.000000
66.176552 -3.413677 1.355746 0.014330 0.000000
27.875038 14.103110 0.532904 0.015710 0.000000
35.481590 29.650242 4.645319 0.088977 0.000000
11.732208 -8.195934 1.836357 0.116768 0.000000
58.951271 22.278421 2.271825 0.029790 0.000000
24.427296 -5.780020 2.601670 0.103276 0.000000
19.290964 -5.544787 2.479985 0.112698 0.000000
38.006805 -0.251213 1.391069 0.021678 0.000000
108.485825 -9.128190 5.473219 0.051896 0.000000
24.030607 -3.973047 -2.231716 -0.091371 0.000000
10.647985 -7.768058 0.182932 0.015553 0.000000
36.392735 -6.640940 3.553897 0.091930 0.000000
42.491959 -4.584495 6.371097 0.131440 0.000000
25.883083 -6.556522 0.718644 0.019269 0.000000
29.073812 -5.218868 0.512643 0.018083 0.000000
24.201260 -3.096104 2.381293 0.097680 0.000000
47.806698 -12.292730 2.120377 0.044820 0.000000
23.787342 -3.875272 1.938326 0.081652 0.000000
6.488957 -4.012164 -0.469521 -0.058405 0.000000
9.664157 -5.802274 0.779854 0.058296 0.000000
38.293465 -3.602544 4.709701 0.118267 0.000000
34.877026 -10.131190 1.328558 0.037346 0.000000
95.493294 -8.521339 4.201768 0.030068 0.000000
68.719604 -3.777029 -0.893009 -0.012975 0.000000
73.027153 -6.623289 4.738663 0.058963 0.000000
16.801035 0.612683 3.315143 0.199086 0.000000
6.282948 -4.089889 -0.224885 -0.029874 0.000000
74.423088 -8.974797 -14.626528 -0.204484 0.000000
29.083296 -5.244345 1.448388 0.033071 0.000000
53.185677 1.787851 3.094148 0.058078 0.000000
32.646805 10.450954 3.122174 0.086365 0.000000
16.645624 2.091472 1.445758 0.084968 0.000000
10.014007 -6.233085 1.096061 0.095917 0.000000
38.829254 13.203980 -0.851894 -0.020552 0.000000
9.654435 -5.762328 0.549137 0.049594 0.000000
59.744663 23.068113 2.768523 0.043657 0.000000
36.750999 27.856060 2.828077 0.056017 0.000000
36.183468 -6.712007 3.383627 0.091687 0.000000
19.813889 3.694955 1.252032 0.053133 0.000000
48.187244 21.170139 -6.221182 -0.122643 0.000000
30.096924 12.341340 3.350577 0.102692 0.000000
59.393490 23.921631 0.566234 0.009138 0.000000
29.106544 10.289992 1.045709 0.026751 0.000000
36.655983 27.543186 2.668115 0.058733 0.000000
36.196320 23.232494 3.726084 0.079989 0.000000
41.078747 -1.868790 6.498306 0.156732 0.000000
30.913736 14.371381 -0.982808 -0.028821 0.000000
25.299915 1.104747 -3.596156 -0.152249 0.000000
59.393490 23.921631 0.566234 0.009138 0.000000
38.925911 -0.694933 0.756117 0.020007 0.000000
50.706177 22.326954 -3.728590 -0.067270 0.000000
55.636036 1.892984 -1.743340 -0.037613 0.000000
29.288315 -5.906054 -0.065452 -0.002191 0.000000
16.789005 0.633045 3.931301 0.204855 0.000000
53.927368 2.260310 -2.716679 -0.057617 0.000000
11.708185 -5.299463 0.688755 0.043524 0.000000
34.442421 12.972971 -2.448788 -0.072026 0.000000
29.116098 -5.111543 0.444862 0.009501 0.000000
107.940903 -10.776283 7.715347 0.064408 0.000000
34.767921 -10.292030 1.684541 0.048200 0.000000
68.720428 -3.769546 -0.843326 -0.013301 0.000000
27.184113 16.493439 1.805922 0.051727 0.000000
19.124084 -5.578794 1.633451 0.083960 0.000000
71.521965 -11.830308 5.209674 0.064856 0.000000
21.806293 -6.672785 0.853255 0.038569 0.000000
27.499069 -6.387553 3.206348 0.104176 0.000000
47.875896 2.808430 3.426011 0.056490 0.000000
37.623394 -10.930232 5.605060 0.133785 0.000000
30.679283 -7.246264 0.659613 0.013616 0.000000
18.365927 -5.689237 1.665844 0.086425 0.000000
29.162598 -5.659580 1.756152 0.042942 0.000000
38.746387 14.621307 4.433225 0.106367 0.000000
34.173561 -1.523004 4.206315 0.122351 0.000000
33.885262 16.899885 -2.007849 -0.058466 0.000000
14.515493 4.446411 0.592012 0.040641 0.000000
72.677238 -6.505548 5.994776 0.067586 0.000000
23.733667 -6.100314 -2.766656 -0.113173 0.000000
41.060917 -11.191157 1.474570 0.029560 0.000000
60.502846 21.724005 0.857782 0.006826 0.000000
32.356552 -5.923585 5.748330 0.173005 0.000000
24.536789 -3.667363 -2.300226 -0.089912 0.000000
27.875038 14.103110 0.532904 0.015710 0.000000
24.935234 -6.019525 2.408835 0.093632 0.000000
38.293465 -3.602544 4.709701 0.118267 0.000000
25.419905 -6.037129 -2.678298 -0.099310 0.000000
37.623394 -10.930232 5.605060 0.133785 0.000000
16.088865 1.822715 0.368744 0.005882 0.000000
48.493717 28.930197 -5.289485 -0.101037 0.000000
48.187244 21.170139 -6.221182 -0.122643 0.000000
35.132339 17.179375 4.648960 0.110969 0.000000
23.818464 -4.050197 -2.473472 -0.099310 0.000000
24.640404 -5.077631 2.973678 0.108266 0.000000
5.926173 -3.993993 -0.421297 -0.060527 0.000000
55.636036 1.892984 -1.743340 -0.037613 0.000000
59.927109 22.873709 3.890373 0.060491 0.000000
9.734951 -4.367750 1.918244 0.177881 0.000000
78.416626 -8.940108 1.334617 0.003207 0.000000
59.284992 22.049631 4.826427 0.069624 0.000000
29.278599 -5.920181 0.337766 0.005725 0.000000
36.374294 -0.132446 1.450295 0.024789 0.000000
40.488331 17.364496 0.531631 0.005688 0.000000
61.906113 23.397127 2.252280 0.027828 0.000000
36.364071 -0.156197 0.995798 0.020104 0.000000
15.798103 4.329037 0.135014 0.008242 0.000000
37.979084 -0.192552 0.233330 0.006632 0.000000
56.306633 23.194262 0.557706 0.009465 0.000000
28.273573 15.682724 2.070070 0.064905 0.000000
12.841630 7.367456 2.686357 0.167377 0.000000
54.654518 18.473625 1.330143 0.016691 0.000000
22.130344 -6.710072 -0.805990 -0.034839 0.000000
49.817329 22.498474 -2.425700 -0.055738 0.000000
30.867130 -7.175568 0.363239 0.011462 0.000000
79.464989 16.594275 2.543548 0.031993 0.000000
35.592911 22.974781 3.090476 0.066506 0.000000
16.170288 1.339717 0.201215 0.004018 0.000000
29.274881 -5.961456 -0.180892 -0.006548 0.000000
19.634947 2.776689 0.745739 0.037588 0.000000
66.176552 -3.413677 1.355746 0.014330 0.000000
37.978668 -0.167469 0.446655 0.005604 0.000000
29.439135 17.316103 2.403227 0.069114 0.000000
23.745007 -6.167884 3.176124 0.110190 0.000000
32.232254 19.288103 0.709028 0.018119 0.000000
5.607393 -4.449131 -1.255243 -0.180000 0.000000
10.307818 -7.781638 0.153767 0.013580 0.000000
38.924793 -0.715547 1.044032 0.021000 0.000000
108.572830 -9.019154 4.659426 0.041985 0.000000
56.428471 22.322784 1.073785 0.017720 0.000000
96.686882 65.067963 11.166640 0.094762 0.000000
49.284622 22.487566 -4.452045 -0.089767 0.000000
51.754906 -9.527922 -3.137743 -0.060770 0.000000
6.282948 -4.089889 -0.224885 -0.029874 0.000000
21.963980 1.588729 0.773315 0.035166 0.000000
76.474380 16.064463 1.446892 0.011994 0.000000
47.384518 23.994337 2.863692 0.054429 0.000000
13.961709 -4.552767 0.998794 0.070267 0.000000
23.892536 0.192877 2.505292 0.104310 0.000000
41.207134 -1.478846 1.800372 0.028736 0.000000
51.498436 -0.351666 7.712653 0.149274 0.000000
32.889694 11.671610 4.291601 0.118559 0.000000
13.844563 -4.515550 1.145584 0.081640 0.000000
10.069786 -6.149658 1.014272 0.090216 0.000000
22.012993 1.528691 1.118435 0.042094 0.000000
108.706726 -8.609413 5.057949 0.046722 0.000000
38.876263 -0.756037 0.944745 0.023748 0.000000
29.579990 17.180830 2.330342 0.063122 0.000000
32.700722 10.265893 4.217298 0.106744 0.000000
16.583162 2.123419 1.449004 0.084530 0.000000
17.418291 1.500208 1.949508 0.113819 0.000000
25.855799 6.413660 -2.748747 -0.108059 0.000000
23.989950 6.379200 2.025348 0.081409 0.000000
11.654837 -8.041762 1.507678 0.106075 0.000000
71.410431 -5.909881 -13.621552 -0.199617 0.000000
34.927120 -2.432511 3.232624 0.092732 0.000000
53.619205 -10.083549 -0.019596 -0.000000 0.000000
39.615589 -0.538806 1.343585 0.026654 0.000000
40.574810 17.611067 0.408154 0.007673 0.000000
96.776428 61.408421 12.019176 0.093632 0.000000
23.669710 -0.646797 2.273230 0.095710 0.000000
45.284523 -1.139418 8.639136 0.190105 0.000000
44.639172 -0.537267 0.771017 0.011171 0.000000
14.645095 -5.304302 0.485643 0.027634 0.000000
38.006805 -0.251213 1.391069 0.021678 0.000000
29.852505 -4.985214 0.002489 -0.000387 0.000000
29.579990 17.180830 2.330342 0.063122 0.000000
30.096924 12.341340 3.350577 0.102692 0.000000
32.039429 19.293648 0.594203 0.009864 0.000000
28.026541 16.081038 3.208705 0.094884 0.000000
48.102551 1.678226 3.876461 0.080365 0.000000
24.554337 0.895595 3.822405 0.154331 0.000000
29.813354 18.641636 2.060494 0.057411 0.000000
37.947041 -0.212317 0.428073 0.011280 0.000000
25.855799 6.413660 -2.748747 -0.108059 0.000000
9.925126 -6.236571 1.245920 0.105892 0.000000
39.630981 -0.498861 1.353001 0.019342 0.000000
28.245016 14.442951 3.449397 0.108327 0.000000
29.278599 -5.920181 0.337766 0.005725 0.000000
35.366943 -2.218484 3.059628 0.081895 0.000000
38.925911 -0.694933 0.756117 0.020007 0.000000
13.036157 6.903063 2.308542 0.157124 0.000000
76.944824 16.680752 1.737379 0.015577 0.000000
31.327026 -7.137052 1.139127 0.027949 0.000000
11.686826 -8.305624 1.317635 0.092465 0.000000
37.020061 -3.791304 5.533193 0.149274 0.000000
34.034946 1.372084 0.436163 0.013798 0.000000
56.255043 22.677286 0.594460 0.008182 0.000000
37.623394 -10.930232 5.605060 0.133785 0.000000
18.416645 3.973403 0.736801 0.038703 0.000000
28.903900 15.661810 4.727383 0.127986 0.000000
30.854649 13.118307 -4.435961 -0.141189 0.000000
22.007612 1.594903 0.825073 0.037491 0.000000
25.276119 -6.669014 -4.981711 -0.192176 0.000000
19.883141 -5.631591 -0.063851 -0.008763 0.000000
38.880680 -0.754328 1.282296 0.032962 0.000000
18.838888 -5.929058 1.397336 0.071529 0.000000
42.029518 17.564590 0.598831 0.006766 0.000000
32.304882 -6.713570 0.277948 0.008424 0.000000
38.493790 15.505103 -4.391023 -0.105418 0.000000
18.159054 -5.809586 0.155005 0.008472 0.000000
34.750927 -1.268193 -3.533834 -0.113624 0.000000
16.547016 2.126702 1.134951 0.067925 0.000000
43.514130 -2.891540 6.662319 0.152200 0.000000
31.294538 1.980838 2.856540 0.074429 0.000000
47.875896 2.808430 3.426011 0.056490 0.000000
32.258247 -6.964684 -0.148912 -0.004986 0.000000
35.981171 23.233803 4.191478 0.085053 0.000000
75.745148 -9.167199 4.389801 0.057036 0.000000
9.734951 -4.367750 1.918244 0.177881 0.000000
24.654894 -5.172769 2.547618 0.101439 0.000000
28.273573 15.682724 2.070070 0.064905 0.000000
35.481590 29.650242 4.645319 0.088977 0.000000
34.427776 14.570635 -2.863125 -0.079054 0.000000
42.029518 17.564590 0.598831 0.006766 0.000000
28.872463 15.372491 1.813747 0.054551 0.000000
27.188503 15.733343 1.519735 0.047388 0.000000
54.336578 1.825245 3.682963 0.067222 0.000000
38.412796 15.225547 4.353789 0.104322 0.000000
23.816544 0.388742 2.779479 0.106525 0.000000
44.601772 -0.346483 2.577150 0.042797 0.000000
76.689545 17.169495 3.931851 0.036801 0.000000
41.039410 -11.140294 1.197599 0.028155 0.000000
35.442493 11.418514 5.051991 0.119315 0.000000
30.985209 13.013071 2.020669 0.060054 0.000000
31.678694 11.519601 2.047729 0.060224 0.000000
32.548470 -6.202020 5.566437 0.166923 0.000000
15.746373 1.947703 -0.295415 -0.019923 0.000000
76.689545 17.169495 3.931851 0.036801 0.000000
31.262445 -5.755939 0.001043 -0.005930 0.000000
25.736385 20.476976 1.399884 0.031097 0.000000
6.935441 -4.130186 1.241680 0.162910 0.000000
29.567190 17.227989 4.132744 0.120107 0.000000
24.698303 -6.010302 2.626746 0.103714 0.000000
24.030607 -3.973047 -2.231716 -0.091371 0.000000
24.536789 -3.667363 -2.300226 -0.089912 0.000000
36.265034 -6.724490 3.233052 0.088163 0.000000
66.176552 -3.413677 1.355746 0.014330 0.000000
42.024258 18.106417 0.909410 0.013616 0.000000
20.778643 1.742079 0.123049 0.005265 0.000000
25.766100 -6.259733 -0.079695 -0.008847 0.000000
38.925911 -0.694933 0.756117 0.020007 0.000000
54.039288 17.893059 0.560834 0.009852 0.000000
25.736385 20.476976 1.399884 0.031097 0.000000
46.089695 23.959332 5.230944 0.101183 0.000000
25.419905 -6.037129 -2.678298 -0.099310 0.000000
49.284622 22.487566 -4.452045 -0.089767 0.000000
44.999519 -5.529792 4.761386 0.105734 0.000000
34.985046 -1.125799 3.249243 0.092562 0.000000
68.764069 -3.729712 -0.864547 -0.012309 0.000000
56.771736 22.080957 1.261730 0.020746 0.000000
30.271894 -5.447876 -0.050474 -0.001126 0.000000
53.196991 1.683815 3.379269 0.064359 0.000000
74.423088 -8.974797 -14.626528 -0.204484 0.000000
49.412647 24.881165 -5.537662 -0.102424 0.000000
38.006805 -0.251213 1.391069 0.021678 0.000000
17.033220 -4.880322 2.426617 0.140150 0.000000
35.140182 -2.347523 4.281108 0.112431 0.000000
25.299915 1.104747 -3.596156 -0.152249 0.000000
35.592911 22.974781 3.090476 0.066506 0.000000
24.361990 -3.096904 -2.701366 -0.112394 0.000000
25.926270 20.124001 1.093110 0.027356 0.000000
31.966766 11.599171 -1.973181 -0.065948 0.000000
11.791010 -5.023641 0.520532 0.042615 0.000000
31.756044 17.757401 2.165124 0.054248 0.000000
25.766100 -6.259733 -0.079695 -0.008847 0.000000
76.305260 16.394573 1.986644 0.026109 0.000000
6.571517 -4.006006 -0.411985 -0.062382 0.000000
41.060917 -11.191157 1.474570 0.029560 0.000000
4.604098 -4.099724 -0.262650 -0.042579 0.000000
23.117529 0.274926 0.988877 0.043972 0.000000
55.955780 17.912706 0.809287 0.013774 0.000000
45.087185 -4.774774 4.694011 0.103617 0.000000
38.493790 15.505103 -4.391023 -0.105418 0.000000
34.952766 29.442892 5.247758 0.103020 0.000000
47.875896 2.808430 3.426011 0.056490 0.000000
17.633171 -4.738092 2.965813 0.162702 0.000000
29.917974 15.458263 0.415230 0.012842 0.000000
41.038639 -11.182292 2.143415 0.043136 0.000000
78.416626 -8.940108 1.334617 0.003207 0.000000
98.228943 65.544739 -8.373812 -0.075582 0.000000
17.033220 -4.880322 2.426617 0.140150 0.000000
35.885429 -1.790236 -3.113408 -0.092258 0.000000
17.446712 -5.002921 3.009297 0.167794 0.000000
116.803337 -13.127662 1.593411 0.013556 0.000000
68.364105 -2.802157 4.004450 0.044250 0.000000
42.554329 -3.806211 4.139622 0.097024 0.000000
29.579990 17.180830 2.330342 0.063122 0.000000
34.141056 -1.548168 3.946450 0.115976 0.000000
53.927368 2.260310 -2.716679 -0.057617 0.000000
22.130344 -6.710072 -0.805990 -0.034839 0.000000
15.885415 2.355116 -0.309015 -0.020613 0.000000
41.158863 -1.454112 0.311747 0.006802 0.000000
73.640137 -6.582838 4.623459 0.062007 0.000000
96.686882 65.067963 11.166640 0.094762 0.000000
49.323715 1.425168 2.146343 0.042894 0.000000
30.271894 -5.447876 -0.050474 -0.001126 0.000000
36.750999 27.856060 2.828077 0.056017 0.000000
51.754906 -9.527922 -3.137743 -0.060770 0.000000
28.083471 -6.503789 -1.470109 -0.058224 0.000000
24.858974 -6.246838 0.133368 0.005882 0.000000
29.116098 -5.111543 0.444862 0.009501 0.000000
34.905853 -4.453093 -4.607471 -0.130195 0.000000
71.521965 -11.830308 5.209674 0.064856 0.000000
35.347923 20.096178 0.888528 0.015771 0.000000
49.323715 1.425168 2.146343 0.042894 0.000000
32.871082 10.448592 3.143885 0.090824 0.000000
72.677238 -6.505548 5.994776 0.067586 0.000000
30.003860 12.221654 3.274956 0.096647 0.000000
55.013424 16.979856 1.443692 0.018688 0.000000
56.607128 -0.809821 4.616138 0.066603 0.000000
107.940903 -10.776283 7.715347 0.064408 0.000000
40.574810 17.611067 0.408154 0.007673 0.000000
38.412796 15.225547 4.353789 0.104322 0.000000
30.854649 13.118307 -4.435961 -0.141189 0.000000
34.188652 -1.579233 4.123296 0.121460 0.000000
24.012985 -3.803313 2.154515 0.085478 0.000000
25.809410 -6.369870 0.164792 0.007976 0.000000
32.713696 -5.923096 5.539948 0.167205 0.000000
15.746373 1.947703 -0.295415 -0.019923 0.000000
107.245636 -6.009489 5.630821 0.038715 0.000000
23.818464 -4.050197 -2.473472 -0.099310 0.000000
27.920784 -6.560894 -1.720230 -0.067428 0.000000
40.880070 -8.737376 7.453421 0.159453 0.000000
23.816544 0.388742 2.779479 0.106525 0.000000
55.955780 17.912706 0.809287 0.013774 0.000000
43.113300 -3.623394 -2.187446 -0.063826 0.000000
49.999565 22.917276 4.777284 0.080074 0.000000
66.145195 -3.521871 3.310712 0.035760 0.000000
33.069946 23.335035 0.526745 0.013423 0.000000
41.212654 17.553911 0.600431 0.013822 0.000000
23.478506 -0.233229 -1.678306 -0.084372 0.000000
27.640362 -6.483518 1.606658 0.052393 0.000000
32.871082 10.448592 3.143885 0.090824 0.000000
29.993757 15.363917 0.840291 0.018446 0.000000
11.791010 -5.023641 0.520532 0.042615 0.000000
23.881063 0.314458 2.761760 0.105515 0.000000
18.159054 -5.809586 0.155005 0.008472 0.000000
34.522770 14.068655 -2.198390 -0.058903 0.000000
14.515493 4.446411 0.592012 0.040641 0.000000
23.509983 -0.490315 2.124027 0.091918 0.000000
49.729870 22.828758 4.753040 0.073725 0.000000
10.014007 -6.233085 1.096061 0.095917 0.000000
24.287472 -3.234234 2.151448 0.089317 0.000000
32.944111 -7.874111 0.027154 -0.013689 0.000000
9.734951 -4.367750 1.918244 0.177881 0.000000
23.382677 -0.141358 1.936267 0.079333 0.000000
38.793427 14.579357 5.691237 0.121619 0.000000
60.355682 20.505224 6.466910 0.095686 0.000000
49.412647 24.881165 -5.537662 -0.102424 0.000000
76.223389 16.841358 2.878133 0.030456 0.000000
24.030607 -3.973047 -2.231716 -0.091371 0.000000
27.876247 -6.128698 1.474847 0.052745 0.000000
64.915924 -3.440771 1.697163 0.019402 0.000000
36.315125 -0.158092 0.487249 0.014584 0.000000
23.500669 -0.219816 2.158682 0.088624 0.000000
29.310154 16.736200 3.841159 0.114635 0.000000
38.924793 -0.715547 1.044032 0.021000 0.000000
78.723991 16.638292 1.575966 0.019584 0.000000
14.645095 -5.304302 0.485643 0.027634 0.000000
18.437851 4.071678 0.716411 0.033132 0.000000
23.753490 -0.636821 2.077792 0.089001 0.000000
32.889694 11.671610 4.291601 0.118559 0.000000
16.658703 1.611531 1.580037 0.074429 0.000000
49.070137 21.664274 -4.799461 -0.094458 0.000000
33.637161 -4.503587 4.583770 0.131440 0.000000
32.889694 11.671610 4.291601 0.118559 0.000000
49.817329 22.498474 -2.425700 -0.055738 0.000000
11.707620 -5.083129 0.559266 0.044614 0.000000
55.013424 16.979856 1.443692 0.018688 0.000000
32.297226 -5.595685 -3.340629 -0.103690 0.000000
19.619720 2.793465 0.835997 0.042445 0.000000
19.619720 2.793465 0.835997 0.042445 0.000000
24.963539 -6.320878 3.426126 0.113880 0.000000
24.637312 -4.995911 2.133269 0.086122 0.000000
34.898277 -1.251955 3.248441 0.092756 0.000000
25.809410 -6.369870 0.164792 0.007976 0.000000
44.999519 -5.529792 4.761386 0.105734 0.000000
66.127579 -3.500340 1.243275 0.018773 0.000000
77.744110 -8.893055 3.846198 0.049594 0.000000
32.356552 -5.923585 5.748330 0.173005 0.000000
54.094715 17.656303 0.742817 0.013410 0.000000
25.883083 -6.556522 0.718644 0.019269 0.000000
32.889694 11.671610 4.291601 0.118559 0.000000
21.610493 -6.461905 -3.302937 -0.156144 0.000000
41.374577 -11.173141 3.248959 0.060394 0.000000
73.714951 13.031697 -12.063999 -0.158337 0.000000
16.218403 3.863503 3.297817 0.199617 0.000000
45.976944 -5.885991 6.087321 0.114574 0.000000
108.572830 -9.019154 4.659426 0.041985 0.000000
5.059689 -4.015272 -0.336989 -0.060309 0.000000
11.707323 -8.238811 1.251281 0.090909 0.000000
30.636452 -5.846550 0.031567 -0.004902 0.000000
93.453232 -7.677278 2.572529 0.029112 0.000000
115.960838 -14.613766 1.694823 0.014500 0.000000
25.276119 -6.669014 -4.981711 -0.192176 0.000000
31.966766 11.599171 -1.973181 -0.065948 0.000000
17.769836 -4.588049 2.971838 0.162138 0.000000
30.216911 -5.530419 0.187613 0.007794 0.000000
14.607948 -4.964997 1.178697 0.066106 0.000000
7.014863 -4.231344 1.277066 0.164836 0.000000
26.022896 21.112713 1.525386 0.034137 0.000000
24.637312 -4.995911 2.133269 0.086122 0.000000
15.750403 1.896133 0.438295 0.010457 0.000000
35.253628 -2.448689 3.121946 0.088904 0.000000
56.306633 23.194262 0.557706 0.009465 0.000000
30.756901 -7.206485 0.422129 0.013362 0.000000
11.246127 -7.901449 0.302991 0.022041 0.000000
29.917974 15.458263 0.415230 0.012842 0.000000
25.926270 20.124001 1.093110 0.027356 0.000000
28.359697 16.151592 2.332998 0.066615 0.000000
15.917651 2.248892 -0.273253 -0.016473 0.000000
38.006805 -0.251213 1.391069 0.021678 0.000000
30.096924 12.341340 3.350577 0.102692 0.000000
9.664157 -5.802274 0.779854 0.058296 0.000000
25.940855 -6.367118 -0.122859 -0.004055 0.000000
15.917651 2.248892 -0.273253 -0.016473 0.000000
112.201416 -10.405971 6.023680 0.052708 0.000000
45.284523 -1.139418 8.639136 0.190105 0.000000
11.747458 -8.215896 1.369741 0.096014 0.000000
35.023941 27.893402 2.364689 0.051327 0.000000
20.878588 -4.907111 2.886976 0.133247 0.000000
16.269104 3.656383 3.021508 0.184008 0.000000
28.710634 17.046124 -2.698341 -0.080729 0.000000
33.081703 10.275760 3.192451 0.093121 0.000000
42.144375 -6.485347 4.251148 0.100502 0.000000
38.006805 -0.251213 1.391069 0.021678 0.000000
10.191116 -8.010540 1.273844 0.100879 0.000000
30.291431 16.031307 1.994365 0.058127 0.000000
17.380211 1.592296 2.322178 0.111395 0.000000
31.678694 11.519601 2.047729 0.060224 0.000000
23.668188 0.480789 2.245919 0.094483 0.000000
41.039410 -11.140294 1.197599 0.028155 0.000000
31.216967 -5.756580 0.049477 0.002094 0.000000
22.428461 0.132359 4.732702 0.207959 0.000000
35.184959 -2.395451 4.643800 0.113941 0.000000
37.198799 17.804749 -1.698247 -0.052636 0.000000
18.424515 3.970876 0.575663 0.014342 0.000000
60.355682 20.505224 6.466910 0.095686 0.000000
18.838888 -5.929058 1.397336 0.071529 0.000000
98.228943 65.544739 -8.373812 -0.075582 0.000000
9.769562 -5.758193 0.796558 0.049594 0.000000
16.595991 2.129555 1.759552 0.094021 0.000000
75.763290 -9.204315 6.174488 0.066409 0.000000
108.572830 -9.019154 4.659426 0.041985 0.000000
27.499069 -6.387553 3.206348 0.104176 0.000000
38.493790 15.505103 -4.391023 -0.105418 0.000000
16.379179 1.475961 -0.269313 -0.015843 0.000000
23.795950 0.256810 -2.708061 -0.116609 0.000000
76.892593 16.561430 3.068251 0.032575 0.000000
15.798103 4.329037 0.135014 0.008242 0.000000
79.068039 16.150854 3.972435 0.042712 0.000000
35.102859 -1.622743 -2.737579 -0.083680 0.000000
96.686882 65.067963 11.166640 0.094762 0.000000
36.321564 -0.064493 0.031930 -0.000000 0.000000
34.034946 1.372084 0.436163 0.013798 0.000000
11.707323 -8.238811 1.251281 0.090909 0.000000
98.629219 61.660191 12.786588 0.103970 0.000000
35.184959 -2.395451 4.643800 0.113941 0.000000
26.468855 6.259856 4.130025 0.141238 0.000000
32.232254 19.288103 0.709028 0.018119 0.000000
32.603535 -6.115954 5.401879 0.161427 0.000000
31.139553 13.142290 1.858052 0.055811 0.000000
32.564034 10.432002 3.171099 0.091930 0.000000
25.108633 -5.297047 2.237952 0.088637 0.000000
54.094715 17.656303 0.742817 0.013410 0.000000
25.766100 -6.259733 -0.079695 -0.008847 0.000000
48.102551 1.678226 3.876461 0.080365 0.000000
31.139553 13.142290 1.858052 0.055811 0.000000
9.153957 -4.961849 -1.413970 -0.138610 0.000000
56.428471 22.322784 1.073785 0.017720 0.000000
31.294538 1.980838 2.856540 0.074429 0.000000
25.419905 -6.037129 -2.678298 -0.099310 0.000000
23.668188 0.480789 2.245919 0.094483 0.000000
36.313618 -0.096957 0.288322 0.007940 0.000000
32.603535 -6.115954 5.401879 0.161427 0.000000
117.147354 -13.806584 2.472704 0.020153 0.000000
31.703825 -5.627321 -0.612337 -0.019015 0.000000
10.014007 -6.233085 1.096061 0.095917 0.000000
34.877026 -10.131190 1.328558 0.037346 0.000000
24.963539 -6.320878 3.426126 0.113880 0.000000
5.734741 -4.352678 -0.066000 -0.007516 0.000000
33.623638 -4.489752 4.535486 0.134603 0.000000
25.402971 -6.068900 -2.835177 -0.110531 0.000000
32.232254 19.288103 0.709028 0.018119 0.000000
34.141056 -1.548168 3.946450 0.115976 0.000000
54.094715 17.656303 0.742817 0.013410 0.000000
71.410431 -5.909881 -13.621552 -0.199617 0.000000
50.923897 22.973331 3.651978 0.064893 0.000000
21.100164 -5.967459 0.248519 0.013011 0.000000
41.348801 16.484037 4.622375 0.102887 0.000000
34.898277 -1.251955 3.248441 0.092756 0.000000
54.336578 1.825245 3.682963 0.067222 0.000000
29.984169 15.290061 0.411488 0.011704 0.000000
108.140846 -10.366249 8.824313 0.067185 0.000000
16.773291 0.620608 3.927303 0.204830 0.000000
18.442535 -5.619353 2.255401 0.119022 0.000000
36.865372 15.192006 -0.579527 -0.014512 0.000000
20.789572 1.747065 0.318358 0.009453 0.000000
16.547016 2.126702 1.134951 0.067925 0.000000
17.335840 1.643865 1.690315 0.095783 0.000000
27.333076 16.265305 1.898461 0.058478 0.000000
28.790773 16.315022 3.540736 0.106416 0.000000
34.188652 -1.579233 4.123296 0.121460 0.000000
39.552593 -0.469487 0.569753 0.014403 0.000000
75.745148 -9.167199 4.389801 0.057036 0.000000
35.344257 -0.402770 2.567686 0.072754 0.000000
20.861116 -4.732863 2.484804 0.117986 0.000000
20.778643 1.742079 0.123049 0.005265 0.000000
10.014007 -6.233085 1.096061 0.095917 0.000000
13.036157 6.903063 2.308542 0.157124 0.000000
37.979084 -0.192552 0.233330 0.006632 0.000000
31.139553 13.142290 1.858052 0.055811 0.000000
20.421898 -5.597748 -0.079192 -0.003740 0.000000
42.423794 -3.881606 4.693018 0.110628 0.000000
77.744110 -8.893055 3.846198 0.049594 0.000000
117.147354 -13.806584 2.472704 0.020153 0.000000
38.793427 14.579357 5.691237 0.121619 0.000000
93.453232 -7.677278 2.572529 0.029112 0.000000
13.349138 -4.936259 -0.163768 -0.010735 0.000000
30.834162 -7.445460 0.685051 0.021593 0.000000
18.440386 -5.657859 2.107174 0.107974 0.000000
108.706726 -8.609413 5.057949 0.046722 0.000000
17.335840 1.643865 1.690315 0.095783 0.000000
97.041496 61.255703 11.226664 0.097887 0.000000
60.681335 -14.020080 -9.809153 -0.156634 0.000000
29.813354 18.641636 2.060494 0.057411 0.000000
45.976944 -5.885991 6.087321 0.114574 0.000000
71.428757 -10.106356 3.434600 0.049291 0.000000
16.645624 2.091472 1.445758 0.084968 0.000000
36.910397 23.376328 4.401646 0.087847 0.000000
39.703484 -2.738037 5.389981 0.134615 0.000000
29.116098 -5.111543 0.444862 0.009501 0.000000
59.370594 -0.544934 4.459455 0.067828 0.000000
31.294538 1.980838 2.856540 0.074429 0.000000
34.173561 -1.523004 4.206315 0.122351 0.000000
66.145195 -3.521871 3.310712 0.035760 0.000000
36.177139 -6.782804 3.605279 0.098763 0.000000
30.636452 -5.846550 0.031567 -0.004902 0.000000
63.506233 -3.167778 3.598378 0.049594 0.000000
36.318565 -6.750893 4.422462 0.102582 0.000000
41.348801 16.484037 4.622375 0.102887 0.000000
31.786852 21.478260 1.607227 0.035796 0.000000
42.554329 -3.806211 4.139622 0.097024 0.000000
12.687385 -4.754201 0.906044 0.066773 0.000000
15.715334 1.921167 0.244833 0.006971 0.000000
35.853180 -0.798967 2.293304 0.063971 0.000000
54.229641 21.187723 4.833771 0.076201 0.000000
41.016254 17.957384 0.850801 0.012745 0.000000
55.636036 1.892984 -1.743340 -0.037613 0.000000
32.297226 -5.595685 -3.340629 -0.103690 0.000000
29.875320 15.529564 0.548118 0.010191 0.000000
25.586107 20.589565 0.650295 0.014088 0.000000
15.798103 4.329037 0.135014 0.008242 0.000000
30.756901 -7.206485 0.422129 0.013362 0.000000
12.687385 -4.754201 0.906044 0.066773 0.000000
23.005871 0.253884 2.684855 0.116170 0.000000
38.903034 14.304410 4.527383 0.104262 0.000000
35.481590 29.650242 4.645319 0.088977 0.000000
76.284447 -8.789270 4.420785 0.059133 0.000000
17.380211 1.592296 2.322178 0.111395 0.000000
40.488331 17.364496 0.531631 0.005688 0.000000
9.734951 -4.367750 1.918244 0.177881 0.000000
54.734619 18.061268 0.756805 0.013483 0.000000
41.181530 -1.480160 0.503046 0.006088 0.000000
31.703825 -5.627321 -0.612337 -0.019015 0.000000
25.940855 -6.367118 -0.122859 -0.004055 0.000000
37.978668 -0.167469 0.446655 0.005604 0.000000
25.108633 -5.297047 2.237952 0.088637 0.000000
31.051321 17.796114 -4.335989 -0.130256 0.000000
64.521507 -10.535398 6.165712 0.079333 0.000000
28.026541 16.081038 3.208705 0.094884 0.000000
48.770737 -1.446522 2.003845 0.033967 0.000000
18.416645 3.973403 0.736801 0.038703 0.000000
24.894489 -5.435907 2.680532 0.105466 0.000000
9.153957 -4.961849 -1.413970 -0.138610 0.000000
30.679283 -7.246264 0.659613 0.013616 0.000000
46.756107 1.339116 5.654887 0.115976 0.000000
12.950906 6.292046 2.089473 0.140773 0.000000
96.705482 -12.811573 3.050308 0.024789 0.000000
9.925126 -6.236571 1.245920 0.105892 0.000000
30.096924 12.341340 3.350577 0.102692 0.000000
19.654396 2.757039 1.689672 0.066785 0.000000
29.096149 -5.254960 1.047348 0.027743 0.000000
18.391397 -5.855315 -1.967657 -0.106903 0.000000
26.875772 16.404736 2.064553 0.065475 0.000000
35.023941 27.893402 2.364689 0.051327 0.000000
68.764069 -3.729712 -0.864547 -0.012309 0.000000
42.552006 -3.902002 4.439696 0.099310 0.000000
19.664951 2.715650 1.519902 0.067064 0.000000
21.100164 -5.967459 0.248519 0.013011 0.000000
116.803337 -13.127662 1.593411 0.013556 0.000000
66.189743 -3.451425 1.038498 0.016049 0.000000
32.838619 10.690312 -2.616750 -0.075861 0.000000
38.829254 13.203980 -0.851894 -0.020552 0.000000
13.844563 -4.515550 1.145584 0.081640 0.000000
39.703484 -2.738037 5.389981 0.134615 0.000000
74.423088 -8.974797 -14.626528 -0.204484 0.000000
27.539454 -6.732880 1.946186 0.069842 0.000000
27.499069 -6.387553 3.206348 0.104176 0.000000
32.646805 10.450954 3.122174 0.086365 0.000000
22.019899 1.593150 0.764054 0.035747 0.000000
18.437851 4.071678 0.716411 0.033132 0.000000
43.113300 -3.623394 -2.187446 -0.063826 0.000000
31.966766 11.599171 -1.973181 -0.065948 0.000000
34.985046 -1.125799 3.249243 0.092562 0.000000
20.878588 -4.907111 2.886976 0.133247 0.000000
28.112562 15.630712 3.767797 0.102254 0.000000
22.007612 1.594903 0.825073 0.037491 0.000000
39.309937 15.946315 4.468812 0.104298 0.000000
39.603455 -10.982480 4.116701 0.084081 0.000000
11.246127 -7.901449 0.302991 0.022041 0.000000
24.315975 6.665092 3.516528 0.129121 0.000000
11.049925 -7.864758 0.481816 0.037806 0.000000
29.917974 15.458263 0.415230 0.012842 0.000000
48.688992 21.914953 6.995456 0.116731 0.000000
44.601772 -0.346483 2.577150 0.042797 0.000000
32.680054 23.293587 0.659687 0.016436 0.000000
16.645624 2.091472 1.445758 0.084968 0.000000
13.036157 6.903063 2.308542 0.157124 0.000000
17.155390 -4.902537 3.381437 0.164677 0.000000
35.014961 -1.049763 4.579675 0.131611 0.000000
4.875523 -4.183096 -0.224758 -0.034972 0.000000
25.108633 -5.297047 2.237952 0.088637 0.000000
38.816380 13.159351 -0.942155 -0.024789 0.000000
49.070137 21.664274 -4.799461 -0.094458 0.000000
75.745148 -9.167199 4.389801 0.057036 0.000000
23.509983 -0.490315 2.124027 0.091918 0.000000
76.284447 -8.789270 4.420785 0.059133 0.000000
41.920502 18.012663 0.592136 0.013386 0.000000
30.636452 -5.846550 0.031567 -0.004902 0.000000
25.855799 6.413660 -2.748747 -0.108059 0.000000
28.778555 15.552431 1.711052 0.053120 0.000000
14.516939 4.343100 -0.634748 -0.041428 0.000000
16.773291 0.620608 3.927303 0.204830 0.000000
12.950906 6.292046 2.089473 0.140773 0.000000
17.986288 -4.643117 2.864503 0.156254 0.000000
11.246127 -7.901449 0.302991 0.022041 0.000000
56.771736 22.080957 1.261730 0.020746 0.000000
35.366943 -2.218484 3.059628 0.081895 0.000000
16.572960 1.377531 1.362332 0.081737 0.000000
86.245872 -10.693114 -16.868933 -0.203656 0.000000
73.645607 -6.597600 5.043057 0.068677 0.000000
17.418291 1.500208 1.949508 0.113819 0.000000
56.428471 22.322784 1.073785 0.017720 0.000000
23.787342 -3.875272 1.938326 0.081652 0.000000
48.493717 28.930197 -5.289485 -0.101037 0.000000
36.365868 -0.072116 0.052218 0.001900 0.000000
9.957805 -6.291735 1.242384 0.110287 0.000000
18.442535 -5.619353 2.255401 0.119022 0.000000
79.464989 16.594275 2.543548 0.031993 0.000000
9.925126 -6.236571 1.245920 0.105892 0.000000
53.342823 -3.463270 0.413522 0.006935 0.000000
34.034946 1.372084 0.436163 0.013798 0.000000
108.706726 -8.609413 5.057949 0.046722 0.000000
59.862331 22.593349 3.463499 0.054078 0.000000
23.787342 -3.875272 1.938326 0.081652 0.000000
20.421898 -5.597748 -0.079192 -0.003740 0.000000
53.185677 1.787851 3.094148 0.058078 0.000000
41.158863 -1.454112 0.311747 0.006802 0.000000
21.916842 -5.521466 -3.160838 -0.140125 0.000000
25.108633 -5.297047 2.237952 0.088637 0.000000
32.524460 -5.946369 4.385906 0.114623 0.000000
18.471819 3.990659 1.457279 0.059121 0.000000
11.708185 -5.299463 0.688755 0.043524 0.000000
111.243538 -8.941500 8.270720 0.067379 0.000000
53.927368 2.260310 -2.716679 -0.057617 0.000000
30.886045 18.240885 2.284708 0.058551 0.000000
22.019899 1.593150 0.764054 0.035747 0.000000
13.036157 6.903063 2.308542 0.157124 0.000000
13.036157 6.903063 2.308542 0.157124 0.000000
34.329750 14.921371 3.587802 0.088211 0.000000
63.506233 -3.167778 3.598378 0.049594 0.000000
16.085260 1.312093 -0.048022 -0.002433 0.000000
32.646805 10.450954 3.122174 0.086365 0.000000
108.140846 -10.366249 8.824313 0.067185 0.000000
15.715334 1.921167 0.244833 0.006971 0.000000
16.645624 2.091472 1.445758 0.084968 0.000000
25.809410 -6.369870 0.164792 0.007976 0.000000
17.250582 0.620733 0.110147 -0.001731 0.000000
61.829910 23.590118 1.302315 0.019765 0.000000
21.610493 -6.461905 -3.302937 -0.156144 0.000000
6.935441 -4.130186 1.241680 0.162910 0.000000
37.422264 17.687819 -1.654240 -0.051472 0.000000
68.568169 -2.684185 -12.980846 -0.198629 0.000000
13.466500 8.019993 2.037083 0.129243 0.000000
34.141056 -1.548168 3.946450 0.115976 0.000000
47.875896 2.808430 3.426011 0.056490 0.000000
40.574810 17.611067 0.408154 0.007673 0.000000
38.465191 15.363997 3.982160 0.095406 0.000000
17.769836 -4.588049 2.971838 0.162138 0.000000
16.085260 1.312093 -0.048022 -0.002433 0.000000
27.188503 15.733343 1.519735 0.047388 0.000000
12.687385 -4.754201 0.906044 0.066773 0.000000
60.763260 20.868435 6.017907 0.087871 0.000000
70.690079 -4.575687 -10.122966 -0.139734 0.000000
38.412796 15.225547 4.353789 0.104322 0.000000
34.442421 12.972971 -2.448788 -0.072026 0.000000
23.881063 0.314458 2.761760 0.105515 0.000000
19.124084 -5.578794 1.633451 0.083960 0.000000
16.170288 1.339717 0.201215 0.004018 0.000000
29.825243 12.387996 3.058108 0.094410 0.000000
30.811226 12.855292 -4.706355 -0.143683 0.000000
25.855799 6.413660 -2.748747 -0.108059 0.000000
72.677238 -6.505548 5.994776 0.067586 0.000000
69.135567 -11.506695 5.880564 0.069235 0.000000
28.361420 14.596743 4.011038 0.117243 0.000000
24.315975 6.665092 3.516528 0.129121 0.000000
36.392735 -6.640940 3.553897 0.091930 0.000000
35.442493 11.418514 5.051991 0.119315 0.000000
19.765074 3.799026 0.828919 0.041161 0.000000
16.171057 1.715897 0.207890 0.004418 0.000000
19.654903 2.769222 0.838820 0.042118 0.000000
32.588978 -7.381196 1.475143 0.036571 0.000000
38.924793 -0.715547 1.044032 0.021000 0.000000
94.770981 -8.349905 2.016096 0.015044 0.000000
6.150139 -4.006448 -0.611792 -0.083158 0.000000
24.858974 -6.246838 0.133368 0.005882 0.000000
35.853180 -0.798967 2.293304 0.063971 0.000000
108.572830 -9.019154 4.659426 0.041985 0.000000
30.886045 18.240885 2.284708 0.058551 0.000000
41.039410 -11.140294 1.197599 0.028155 0.000000
34.742390 -1.120088 -0.031397 -0.001731 0.000000
6.150139 -4.006448 -0.611792 -0.083158 0.000000
25.203888 7.346996 2.811606 0.103458 0.000000
17.769836 -4.588049 2.971838 0.162138 0.000000
16.762901 0.595761 3.385701 0.199172 0.000000
46.082764 -1.274588 1.899668 0.034040 0.000000
30.886045 18.240885 2.284708 0.058551 0.000000
38.924793 -0.715547 1.044032 0.021000 0.000000
34.278286 1.413627 1.385812 0.025249 0.000000
28.872463 15.372491 1.813747 0.054551 0.000000
5.607393 -4.449131 -1.255243 -0.180000 0.000000
24.410475 19.072641 1.233224 0.028155 0.000000
31.678694 11.519601 2.047729 0.060224 0.000000
19.669371 2.786648 0.691855 0.036074 0.000000
12.758313 -4.422603 0.781672 0.060503 0.000000
23.745007 -6.167884 3.176124 0.110190 0.000000
30.246674 -5.435584 0.012428 -0.005555 0.000000
19.706656 2.810409 0.264143 0.007359 0.000000
19.818075 3.602064 1.596568 0.061388 0.000000
23.693075 -5.914426 2.360906 0.096379 0.000000
19.709232 -5.802526 3.172758 0.153755 0.000000
39.324024 13.084722 -0.799180 -0.019281 0.000000
31.688000 -5.725997 -1.100075 -0.035178 0.000000
48.187244 21.170139 -6.221182 -0.122643 0.000000
46.756107 1.339116 5.654887 0.115976 0.000000
24.637312 -4.995911 2.133269 0.086122 0.000000
40.880070 -8.737376 7.453421 0.159453 0.000000
38.171520 -4.779127 4.380485 0.114733 0.000000
14.515493 4.446411 0.592012 0.040641 0.000000
22.428461 0.132359 4.732702 0.207959 0.000000
34.141056 -1.548168 3.946450 0.115976 0.000000
39.603455 -10.982480 4.116701 0.084081 0.000000
35.508770 11.407662 4.063544 0.107962 0.000000
94.770981 -8.349905 2.016096 0.015044 0.000000
80.469734 -9.005401 1.474619 0.011704 0.000000
73.027153 -6.623289 4.738663 0.058963 0.000000
11.732208 -8.195934 1.836357 0.116768 0.000000
19.706656 2.810409 0.264143 0.007359 0.000000
11.636995 -5.120382 0.821783 0.054102 0.000000
38.876263 -0.756037 0.944745 0.023748 0.000000
31.282965 -5.664300 -0.135809 -0.004805 0.000000
36.750999 27.856060 2.828077 0.056017 0.000000
9.769562 -5.758193 0.796558 0.049594 0.000000
77.744110 -8.893055 3.846198 0.049594 0.000000
24.047638 -0.900807 3.159005 0.111675 0.000000
16.085260 1.312093 -0.048022 -0.002433 0.000000
35.014961 -1.049763 4.579675 0.131611 0.000000
29.917974 15.458263 0.415230 0.012842 0.000000
13.036157 6.903063 2.308542 0.157124 0.000000
24.894489 -5.435907 2.680532 0.105466 0.000000
27.418629 -6.712998 1.926575 0.069126 0.000000
9.646298 -5.863082 0.687934 0.060867 0.000000
27.141575 16.436501 1.422872 0.043766 0.000000
29.993757 15.363917 0.840291 0.018446 0.000000
21.992741 1.510819 0.833239 0.038085 0.000000
38.493790 15.505103 -4.391023 -0.105418 0.000000
30.216911 -5.530419 0.187613 0.007794 0.000000
21.983223 1.566790 1.006640 0.045644 0.000000
16.625017 1.675322 0.538154 0.032587 0.000000
22.428461 0.132359 4.732702 0.207959 0.000000
9.664157 -5.802274 0.779854 0.058296 0.000000
36.513699 -4.241956 6.988237 0.170029 0.000000
39.344643 13.040467 -1.064281 -0.027501 0.000000
24.665548 0.935005 2.838498 0.114185 0.000000
21.610493 -6.461905 -3.302937 -0.156144 0.000000
29.950220 -5.028170 0.534572 0.010239 0.000000
32.871082 10.448592 3.143885 0.090824 0.000000
31.327026 -7.137052 1.139127 0.027949 0.000000
79.464989 16.594275 2.543548 0.031993 0.000000
60.736481 -14.163927 -9.864676 -0.158717 0.000000
31.843334 19.650425 1.685892 0.032793 0.000000
34.767921 -10.292030 1.684541 0.048200 0.000000
14.607948 -4.964997 1.178697 0.066106 0.000000
31.262445 -5.755939 0.001043 -0.005930 0.000000
23.624186 -0.634591 2.782153 0.107487 0.000000
35.981171 23.233803 4.191478 0.085053 0.000000
25.276119 -6.669014 -4.981711 -0.192176 0.000000
99.126762 61.850323 16.426096 0.128596 0.000000
56.028351 17.732613 1.325826 0.022804 0.000000
54.627419 1.757255 -1.101575 -0.033580 0.000000
15.798103 4.329037 0.135014 0.008242 0.000000
49.284622 22.487566 -4.452045 -0.089767 0.000000
14.328997 3.379122 0.671173 0.046431 0.000000
30.778234 18.090406 2.872056 0.079114 0.000000
47.875896 2.808430 3.426011 0.056490 0.000000
31.703825 -5.627321 -0.612337 -0.019015 0.000000
24.637312 -4.995911 2.133269 0.086122 0.000000
25.663551 6.303211 3.658610 0.137571 0.000000
28.971388 17.063135 3.182245 0.093960 0.000000
41.095242 -11.083987 0.762732 0.017756 0.000000
93.442574 -7.696630 4.753896 0.036862 0.000000
27.539454 -6.732880 1.946186 0.069842 0.000000
37.979084 -0.192552 0.233330 0.006632 0.000000
29.764868 -5.291726 0.428313 0.015759 0.000000
56.306633 23.194262 0.557706 0.009465 0.000000
45.019581 -4.986641 5.595757 0.114940 0.000000
30.003860 12.221654 3.274956 0.096647 0.000000
96.830307 -11.657478 4.406402 0.031412 0.000000
25.299915 1.104747 -3.596156 -0.152249 0.000000
19.709232 -5.802526 3.172758 0.153755 0.000000
64.915924 -3.440771 1.697163 0.019402 0.000000
25.108633 -5.297047 2.237952 0.088637 0.000000
37.020061 -3.791304 5.533193 0.149274 0.000000
13.228514 7.557511 2.124747 0.141898 0.000000
56.258629 -4.115677 0.995440 0.011583 0.000000
39.880329 -11.488725 2.944146 0.063377 0.000000
20.861116 -4.732863 2.484804 0.117986 0.000000
34.898277 -1.251955 3.248441 0.092756 0.000000
33.755413 18.593805 2.491165 0.059375 0.000000
32.039429 19.293648 0.594203 0.009864 0.000000
30.317764 15.957942 2.037842 0.058515 0.000000
67.463181 -3.687023 2.843252 0.027986 0.000000
36.196320 23.232494 3.726084 0.079989 0.000000
41.060917 -11.191157 1.474570 0.029560 0.000000
56.258629 -4.115677 0.995440 0.011583 0.000000
23.837454 0.444932 2.020337 0.081215 0.000000
28.361420 14.596743 4.011038 0.117243 0.000000
22.012993 1.528691 1.118435 0.042094 0.000000
31.262445 -5.755939 0.001043 -0.005930 0.000000
50.845188 -11.753555 1.293917 0.024789 0.000000
6.282948 -4.089889 -0.224885 -0.029874 0.000000
4.604098 -4.099724 -0.262650 -0.042579 0.000000
34.985046 -1.125799 3.249243 0.092562 0.000000
39.880329 -11.488725 2.944146 0.063377 0.000000
42.554329 -3.806211 4.139622 0.097024 0.000000
71.440735 -11.876770 6.323632 0.072645 0.000000
96.830307 -11.657478 4.406402 0.031412 0.000000
28.026541 16.081038 3.208705 0.094884 0.000000
22.019899 1.593150 0.764054 0.035747 0.000000
42.011707 18.130529 0.771188 0.015371 0.000000
23.668188 0.480789 2.245919 0.094483 0.000000
18.159054 -5.809586 0.155005 0.008472 0.000000
37.947041 -0.212317 0.428073 0.011280 0.000000
73.645607 -6.597600 5.043057 0.068677 0.000000
53.397629 -0.238847 -2.478533 -0.046383 0.000000
56.028351 17.732613 1.325826 0.022804 0.000000
38.746387 14.621307 4.433225 0.106367 0.000000
76.934631 16.537241 1.652505 0.014500 0.000000
36.177139 -6.782804 3.605279 0.098763 0.000000
29.950220 -5.028170 0.534572 0.010239 0.000000
41.038639 -11.182292 2.143415 0.043136 0.000000
54.094715 17.656303 0.742817 0.013410 0.000000
21.916842 -5.521466 -3.160838 -0.140125 0.000000
4.604098 -4.099724 -0.262650 -0.042579 0.000000
70.690079 -4.575687 -10.122966 -0.139734 0.000000
9.769562 -5.758193 0.796558 0.049594 0.000000
23.949337 6.652043 2.179842 0.088090 0.000000
39.601517 -0.395210 0.638721 0.010058 0.000000
19.709232 -5.802526 3.172758 0.153755 0.000000
18.471819 3.990659 1.457279 0.059121 0.000000
30.290674 -5.567151 0.601376 0.012164 0.000000
107.242096 -5.965538 5.161261 0.049594 0.000000
48.001873 1.372740 -5.985822 -0.124448 0.000000
16.789005 0.633045 3.931301 0.204855 0.000000
24.963539 -6.320878 3.426126 0.113880 0.000000
16.762901 0.595761 3.385701 0.199172 0.000000
53.105392 -0.134020 8.450060 0.158386 0.000000
29.018911 -5.256675 0.584406 0.019814 0.000000
16.085260 1.312093 -0.048022 -0.002433 0.000000
18.354225 -5.598801 2.006021 0.107024 0.000000
107.105293 -6.559975 5.498590 0.037540 0.000000
23.787342 -3.875272 1.938326 0.081652 0.000000
34.034946 1.372084 0.436163 0.013798 0.000000
23.816544 0.388742 2.779479 0.106525 0.000000
30.163937 14.140965 -3.659910 -0.119802 0.000000
15.917651 2.248892 -0.273253 -0.016473 0.000000
41.415314 -8.955248 -1.307714 -0.037261 0.000000
21.983223 1.566790 1.006640 0.045644 0.000000
75.745148 -9.167199 4.389801 0.057036 0.000000
34.278286 1.413627 1.385812 0.025249 0.000000
24.894489 -5.435907 2.680532 0.105466 0.000000
53.196991 1.683815 3.379269 0.064359 0.000000
29.875320 15.529564 0.548118 0.010191 0.000000
32.871082 10.448592 3.143885 0.090824 0.000000
34.173561 -1.523004 4.206315 0.122351 0.000000
17.633171 -4.738092 2.965813 0.162702 0.000000
34.838158 1.620450 -3.315985 -0.097230 0.000000
54.229641 21.187723 4.833771 0.076201 0.000000
93.453232 -7.677278 2.572529 0.029112 0.000000
37.422264 17.687819 -1.654240 -0.051472 0.000000
4.383236 -4.354244 -0.112183 -0.018155 0.000000
56.258629 -4.115677 0.995440 0.011583 0.000000
16.645624 2.091472 1.445758 0.084968 0.000000
29.116098 -5.111543 0.444862 0.009501 0.000000
59.744663 23.068113 2.768523 0.043657 0.000000
68.719604 -3.777029 -0.893009 -0.012975 0.000000
24.012985 -3.803313 2.154515 0.085478 0.000000
48.001873 1.372740 -5.985822 -0.124448 0.000000
56.428471 22.322784 1.073785 0.017720 0.000000
70.690079 -4.575687 -10.122966 -0.139734 0.000000
32.713696 -5.923096 5.539948 0.167205 0.000000
25.926270 20.124001 1.093110 0.027356 0.000000
76.474380 16.064463 1.446892 0.011994 0.000000
16.693306 3.876052 0.278421 0.000291 0.000000
41.175518 -1.465429 0.236344 0.006197 0.000000
30.985209 13.013071 2.020669 0.060054 0.000000
74.381157 -8.807234 5.123128 0.067937 0.000000
29.825243 12.387996 3.058108 0.094410 0.000000
35.242195 -0.675115 3.337248 0.090289 0.000000
54.822601 19.045563 1.237420 0.008642 0.000000
33.182720 -7.330065 1.669083 0.033604 0.000000
59.370594 -0.544934 4.459455 0.067828 0.000000
72.677238 -6.505548 5.994776 0.067586 0.000000
30.196663 -5.465782 -0.191713 -0.006802 0.000000
54.547623 1.773819 4.812515 0.088795 0.000000
35.070217 27.882750 2.280433 0.051424 0.000000
79.464989 16.594275 2.543548 0.031993 0.000000
35.230019 -0.733071 -4.572453 -0.129719 0.000000
25.736385 20.476976 1.399884 0.031097 0.000000
24.858974 -6.246838 0.133368 0.005882 0.000000
24.428486 6.080151 2.881062 0.115135 0.000000
35.366943 -2.218484 3.059628 0.081895 0.000000
25.203888 7.346996 2.811606 0.103458 0.000000
29.984169 15.290061 0.411488 0.011704 0.000000
38.493790 15.505103 -4.391023 -0.105418 0.000000
29.096149 -5.254960 1.047348 0.027743 0.000000
18.442535 -5.619353 2.255401 0.119022 0.000000
54.734619 18.061268 0.756805 0.013483 0.000000
43.376713 -2.569042 6.823181 0.156303 0.000000
28.273573 15.682724 2.070070 0.064905 0.000000
27.876247 -6.128698 1.474847 0.052745 0.000000
29.493420 18.160149 3.004073 0.082016 0.000000
53.927368 2.260310 -2.716679 -0.057617 0.000000
111.243538 -8.941500 8.270720 0.067379 0.000000
63.506233 -3.167778 3.598378 0.049594 0.000000
49.323715 1.425168 2.146343 0.042894 0.000000
67.463181 -3.687023 2.843252 0.027986 0.000000
45.087185 -4.774774 4.694011 0.103617 0.000000
49.729870 22.828758 4.753040 0.073725 0.000000
32.293907 20.714800 -0.267471 -0.006971 0.000000
50.706177 22.326954 -3.728590 -0.067270 0.000000
14.516939 4.343100 -0.634748 -0.041428 0.000000
18.354225 -5.598801 2.006021 0.107024 0.000000
42.554329 -3.806211 4.139622 0.097024 0.000000
18.354225 -5.598801 2.006021 0.107024 0.000000
71.497704 -9.945925 2.953341 0.041367 0.000000
29.439135 17.316103 2.403227 0.069114 0.000000
78.416626 -8.940108 1.334617 0.003207 0.000000
10.191116 -8.010540 1.273844 0.100879 0.000000
93.465523 -7.721671 3.818882 0.034149 0.000000
17.250582 0.620733 0.110147 -0.001731 0.000000
39.552593 -0.469487 0.569753 0.014403 0.000000
36.916115 27.549814 2.678820 0.058090 0.000000
94.204834 -7.237311 4.753729 0.049594 0.000000
70.382698 -2.595795 4.410251 0.048334 0.000000
73.027153 -6.623289 4.738663 0.058963 0.000000
32.524460 -5.946369 4.385906 0.114623 0.000000
39.603455 -10.982480 4.116701 0.084081 0.000000
46.756107 1.339116 5.654887 0.115976 0.000000
