108.410942 -10.317502 4.495600 0.040519 1.000000
62.230961 -14.139043 -2.362592 -0.037879 1.000000
4.613524 3.664334 0.181002 0.033107 1.000000
96.753258 -11.976455 1.970895 0.022053 1.000000
62.230961 -14.139043 -2.362592 -0.037879 1.000000
95.020363 65.170296 11.079496 0.095066 1.000000
58.564789 -4.451439 1.069739 0.019777 1.000000
11.518966 2.773088 0.146845 0.011764 1.000000
75.435478 -4.518262 0.974884 0.012031 1.000000
12.841635 2.589081 0.491377 0.036619 1.000000
66.833786 -11.239605 3.954113 0.060006 1.000000
59.980934 35.187920 2.877133 0.030056 1.000000
48.241398 1.654900 -2.271992 -0.045523 1.000000
4.613524 3.664334 0.181002 0.033107 1.000000
95.362259 71.175964 11.575921 0.091833 1.000000
68.632919 -10.523674 3.353514 0.049994 1.000000
101.148384 54.419064 14.292931 0.124253 1.000000
110.342499 -10.459163 4.204222 0.037152 1.000000
95.845024 -11.302435 1.106417 0.010651 1.000000
67.474037 -3.534055 1.339949 0.020225 1.000000
42.392540 37.884018 8.535475 0.148026 1.000000
50.027603 -7.397377 0.361389 0.007564 1.000000
50.422070 -7.214596 0.035329 -0.000000 1.000000
119.880806 -13.683027 2.490390 0.014500 1.000000
1.119533 2.607341 -0.217874 -0.091893 1.000000
114.550293 -15.241957 3.044403 0.020298 1.000000
95.826653 -11.339347 1.656284 0.017163 1.000000
112.870193 -11.562821 -2.270360 -0.020007 1.000000
96.753258 -11.976455 1.970895 0.022053 1.000000
66.833786 -11.239605 3.954113 0.060006 1.000000
4.318691 3.422886 1.955269 0.376952 1.000000
47.720009 1.618063 -2.697815 -0.063959 1.000000
58.551014 -4.324504 0.616806 0.010506 1.000000
75.457405 -4.543908 1.060962 0.014379 1.000000
4.486592 3.518353 1.277565 0.196580 1.000000
116.691162 -14.654619 1.534199 0.006887 1.000000
55.379200 -3.957278 0.900541 0.016219 1.000000
96.753258 -11.976455 1.970895 0.022053 1.000000
88.959290 -4.992496 2.412096 0.027065 1.000000
61.846558 -0.924503 2.187338 0.029378 1.000000
96.223793 68.785202 12.238883 0.101414 1.000000
63.632317 1.987558 3.041587 0.047740 1.000000
116.712395 -15.166489 1.643026 0.014233 1.000000
110.468971 -10.075604 1.526648 0.012878 1.000000
11.577952 2.802006 -0.018503 -0.008012 1.000000
49.933521 -7.340130 0.353651 0.006390 1.000000
119.800896 -14.360424 2.488689 0.014500 1.000000
117.213707 -14.215397 7.060982 0.046068 1.000000
51.262562 -9.403780 -0.139277 -0.008751 1.000000
67.412575 -3.764375 1.162926 0.018773 1.000000
50.422070 -7.214596 0.035329 -0.000000 1.000000
53.948715 -8.921083 2.929332 0.053363 1.000000
49.168991 -7.314957 0.203818 0.003461 1.000000
78.977303 -5.302441 2.213480 0.029547 1.000000
54.913677 -12.572594 -2.857495 -0.057326 1.000000
113.470558 -11.320575 -3.014782 -0.027489 1.000000
17.736828 1.678865 2.819919 0.156977 1.000000
49.873405 -7.316819 1.726412 0.027271 1.000000
53.948242 -8.635387 3.062036 0.056660 1.000000
91.194885 -7.174084 1.430650 0.014778 1.000000
54.104401 -3.717686 0.694468 0.013229 1.000000
68.273018 -2.444851 3.379213 0.042603 1.000000
110.880386 -10.009355 0.591860 -0.000992 1.000000
116.691162 -14.654619 1.534199 0.006887 1.000000
3.227606 3.648641 1.402761 0.252806 1.000000
52.042015 -5.379674 -3.151960 -0.066276 1.000000
74.172073 -4.410282 1.108128 0.016509 1.000000
52.407543 -13.001501 -1.796478 -0.039514 1.000000
69.248566 -11.276091 3.400571 0.048430 1.000000
116.466583 -15.513836 3.225207 0.029330 1.000000
3.163821 3.737047 -0.444518 -0.091395 1.000000
49.168991 -7.314957 0.203818 0.003461 1.000000
53.687172 -9.640776 -1.268315 -0.036825 1.000000
5.776223 3.412699 -1.398621 -0.220382 1.000000
58.564789 -4.451439 1.069739 0.019777 1.000000
73.443954 -8.889498 11.899472 0.155017 1.000000
59.973392 35.171688 1.729820 0.019281 1.000000
55.386833 -4.111825 2.054907 0.030068 1.000000
8.911209 1.429476 -0.912437 -0.105332 1.000000
114.620438 -15.082252 5.622989 0.034984 1.000000
14.295195 3.369610 -1.994550 -0.149274 1.000000
4.613524 3.664334 0.181002 0.033107 1.000000
12.727618 2.623635 0.316981 0.024789 1.000000
62.753960 -14.319186 0.137956 -0.011559 1.000000
53.819736 -10.149776 0.112895 -0.003933 1.000000
70.571960 -6.101733 4.654570 0.066203 1.000000
47.674377 -12.204135 2.243128 0.040495 1.000000
65.748299 27.794352 1.746152 0.024789 1.000000
59.774731 35.602009 0.541491 0.005918 1.000000
62.222130 -14.140632 -2.615829 -0.040834 1.000000
63.449432 -14.516534 -0.737683 -0.017695 1.000000
8.805068 1.567221 0.344459 0.040810 1.000000
110.880386 -10.009355 0.591860 -0.000992 1.000000
96.785698 -11.831789 1.596565 0.010263 1.000000
109.040802 -9.998549 1.609860 0.014984 1.000000
118.266121 -14.020197 1.701212 0.013447 1.000000
50.423008 -7.271302 0.876484 0.018930 1.000000
58.564789 -4.451439 1.069739 0.019777 1.000000
76.648666 -4.538374 3.856131 0.036183 1.000000
63.449432 -14.516534 -0.737683 -0.017695 1.000000
100.702133 54.848732 15.119909 0.125400 1.000000
63.431652 -14.409575 -2.122498 -0.038957 1.000000
11.518966 2.773088 0.146845 0.011764 1.000000
5.182389 3.882947 -0.220770 -0.035675 1.000000
56.294823 -4.183128 2.810802 0.035311 1.000000
49.988808 -7.480315 0.928032 0.020092 1.000000
114.716843 -14.894423 3.213137 0.028082 1.000000
79.014946 -4.668603 1.545738 0.013350 1.000000
76.648666 -4.538374 3.856131 0.036183 1.000000
71.225418 -4.860843 3.221818 0.045099 1.000000
69.113533 -3.058460 1.476527 0.020528 1.000000
74.242317 -4.281007 2.219823 0.023796 1.000000
71.532310 -11.753321 4.059738 0.055945 1.000000
110.845398 -10.328009 -0.035926 0.001501 1.000000
64.850243 29.518888 -0.900205 -0.012636 1.000000
10.128819 2.932672 -0.326019 -0.039744 1.000000
114.345169 -14.927319 3.812206 0.033047 1.000000
66.833786 -11.239605 3.954113 0.060006 1.000000
118.956665 -13.463546 5.669218 0.041367 1.000000
3.259402 3.735021 -0.356338 -0.077840 1.000000
3.261714 3.704235 -0.266595 -0.067695 1.000000
50.479794 -7.374317 2.222769 0.028991 1.000000
64.487938 -11.088069 3.894000 0.054102 1.000000
88.907188 -5.214188 2.667588 0.031533 1.000000
67.460983 -3.499922 1.548109 0.016812 1.000000
69.913757 -5.902664 13.242147 0.171097 1.000000
95.362259 71.175964 11.575921 0.091833 1.000000
55.386833 -4.111825 2.054907 0.030068 1.000000
115.396355 -14.959552 4.144452 0.029196 1.000000
110.342499 -10.459163 4.204222 0.037152 1.000000
60.943497 -13.884221 -0.020332 -0.014028 1.000000
8.792828 1.347897 0.138671 -0.004042 1.000000
60.887474 -13.848804 -2.132134 -0.034984 1.000000
61.402161 -8.607375 11.040471 0.168420 1.000000
66.833786 -11.239605 3.954113 0.060006 1.000000
63.510395 -14.524812 -0.061190 -0.014597 1.000000
101.015503 54.289097 14.787971 0.128242 1.000000
109.063980 -9.595373 1.356994 0.012394 1.000000
53.948242 -8.635387 3.062036 0.056660 1.000000
52.453918 -7.600510 8.587770 0.161660 1.000000
112.419121 -10.107137 0.312828 -0.003522 1.000000
61.806976 -0.931482 2.297796 0.038460 1.000000
63.408489 -14.269923 -2.441178 -0.038424 1.000000
68.678627 -10.470638 4.269481 0.054514 1.000000
63.655930 -2.899338 1.501814 0.022804 1.000000
67.474037 -3.534055 1.339949 0.020225 1.000000
115.396355 -14.959552 4.144452 0.029196 1.000000
17.736828 1.678865 2.819919 0.156977 1.000000
49.218685 -7.423741 1.231112 0.017841 1.000000
67.045128 25.171219 1.827478 0.019426 1.000000
17.367912 1.539787 2.090930 0.118888 1.000000
77.814026 -4.448718 1.493914 0.019523 1.000000
55.319950 -10.134027 -1.411256 -0.038618 1.000000
69.272598 -11.389619 2.996608 0.042252 1.000000
110.421051 -10.292448 4.939618 0.038521 1.000000
107.898506 -10.905857 -0.006643 -0.006354 1.000000
5.336006 3.709133 -0.370197 -0.057557 1.000000
50.032104 -7.342846 0.682464 0.013495 1.000000
64.318199 2.383548 1.372479 0.015057 1.000000
55.379200 -3.957278 0.900541 0.016219 1.000000
60.432770 -4.449873 0.583690 0.010009 1.000000
68.645920 -10.380336 5.012155 0.057690 1.000000
60.192654 -13.752805 0.117390 -0.011837 1.000000
5.589218 3.579275 -0.357945 -0.054454 1.000000
96.960403 68.480690 -6.990296 -0.068374 1.000000
75.435478 -4.518262 0.974884 0.012031 1.000000
60.400967 -4.449162 0.605596 0.009198 1.000000
8.699920 1.433466 -0.315559 -0.038085 1.000000
99.222443 52.645756 17.040867 0.138806 1.000000
54.859699 -12.814498 -1.879499 -0.033350 1.000000
64.389366 -11.057351 4.599167 0.071953 1.000000
6.122977 3.479993 -0.069736 -0.016703 1.000000
63.154099 -8.411283 5.609136 0.080669 1.000000
67.460983 -3.499922 1.548109 0.016812 1.000000
95.868134 -11.261617 1.626667 0.010735 1.000000
118.319450 -13.979695 2.449042 0.014427 1.000000
101.015503 54.289097 14.787971 0.128242 1.000000
61.388805 -13.986277 4.690274 0.059848 1.000000
64.345360 2.081604 2.069772 0.032139 1.000000
71.126160 -10.212246 2.770762 0.038049 1.000000
58.592327 -4.420415 2.724204 0.031993 1.000000
11.469905 2.725157 0.602758 0.040544 1.000000
50.469273 -7.244580 0.255307 0.005410 1.000000
69.313271 -11.302617 3.047280 0.043863 1.000000
58.564789 -4.451439 1.069739 0.019777 1.000000
118.577225 -13.616856 4.407923 0.038727 1.000000
12.825425 2.609715 0.253021 0.019329 1.000000
42.392540 37.884018 8.535475 0.148026 1.000000
79.014946 -4.668603 1.545738 0.013350 1.000000
62.753960 -14.319186 0.137956 -0.011559 1.000000
99.145287 64.508858 14.789629 0.118900 1.000000
49.933521 -7.340130 0.353651 0.006390 1.000000
50.955795 -8.190240 -2.564750 -0.047522 1.000000
10.128819 2.932672 -0.326019 -0.039744 1.000000
54.138905 -3.889496 1.492588 0.020637 1.000000
76.585670 -4.496991 0.745765 0.008823 1.000000
66.225021 26.777319 0.819250 0.009816 1.000000
11.488109 2.706763 -0.185006 -0.015662 1.000000
11.577952 2.802006 -0.018503 -0.008012 1.000000
118.197266 -14.404563 4.769147 0.033616 1.000000
118.219589 -14.387568 3.094947 0.027840 1.000000
43.041599 -6.643431 -2.464481 -0.062686 1.000000
11.469905 2.725157 0.602758 0.040544 1.000000
97.762375 67.601334 13.455143 0.112723 1.000000
54.029526 -3.728987 0.525186 0.008920 1.000000
79.008743 -4.812948 1.370404 0.017659 1.000000
43.146976 -6.674789 -2.221880 -0.050793 1.000000
5.182389 3.882947 -0.220770 -0.035675 1.000000
109.855820 -9.672483 2.729089 0.011256 1.000000
67.460983 -3.499922 1.548109 0.016812 1.000000
98.596649 64.367645 -10.752651 -0.091067 1.000000
53.948715 -8.921083 2.929332 0.053363 1.000000
112.391090 -10.095877 2.101950 0.005192 1.000000
64.430244 -11.291470 4.735942 0.065293 1.000000
118.266975 -14.093618 2.575117 0.021617 1.000000
74.253517 -4.532099 1.896356 0.018882 1.000000
118.327049 -13.921224 1.994517 0.017017 1.000000
68.273018 -2.444851 3.379213 0.042603 1.000000
71.591499 -11.723379 3.637681 0.044553 1.000000
96.785698 -11.831789 1.596565 0.010263 1.000000
64.318199 2.383548 1.372479 0.015057 1.000000
62.222130 -14.140632 -2.615829 -0.040834 1.000000
67.462936 -3.756463 2.016850 0.023143 1.000000
76.648666 -4.538374 3.856131 0.036183 1.000000
49.988808 -7.480315 0.928032 0.020092 1.000000
64.487938 -11.088069 3.894000 0.054102 1.000000
12.727618 2.623635 0.316981 0.024789 1.000000
63.465607 23.911274 11.634187 0.156119 1.000000
49.250824 -7.253823 1.790992 0.021472 1.000000
67.609436 24.335983 0.380905 -0.001331 1.000000
17.289368 7.665202 2.529342 0.132112 1.000000
12.877669 2.563461 0.613110 0.036680 1.000000
51.013855 -8.401236 -1.931425 -0.043633 1.000000
53.971645 -8.704661 3.114872 0.057593 1.000000
71.532310 -11.753321 4.059738 0.055945 1.000000
107.898506 -10.905857 -0.006643 -0.006354 1.000000
88.921371 -5.036342 4.634148 0.038145 1.000000
43.838165 -2.507562 -1.526993 -0.041161 1.000000
118.400978 -14.005310 4.872676 0.034427 1.000000
116.538910 -14.996817 5.793778 0.035663 1.000000
110.817993 -9.940844 -0.388998 -0.004466 1.000000
3.097452 3.628494 1.521669 0.339422 1.000000
3.163821 3.737047 -0.444518 -0.091395 1.000000
51.013855 -8.401236 -1.931425 -0.043633 1.000000
10.112873 2.928248 -0.415721 -0.041997 1.000000
88.959290 -4.992496 2.412096 0.027065 1.000000
75.457405 -4.543908 1.060962 0.014379 1.000000
63.590084 -2.899643 1.832649 0.022767 1.000000
42.915592 -6.505163 -2.679327 -0.059472 1.000000
60.741749 -13.679621 10.551675 0.164113 1.000000
113.120911 -10.850204 5.244497 0.045389 1.000000
54.046825 -9.887571 3.399107 0.061740 1.000000
111.529030 -10.771024 8.517318 0.069272 1.000000
62.130730 -8.374529 9.806522 0.156242 1.000000
43.146976 -6.674789 -2.221880 -0.050793 1.000000
63.154099 -8.411283 5.609136 0.080669 1.000000
48.241398 1.654900 -2.271992 -0.045523 1.000000
89.686378 71.309784 9.898086 0.080511 1.000000
60.403015 -4.559778 2.179466 0.029136 1.000000
97.076698 69.325150 11.606244 0.095273 1.000000
8.559200 1.432539 -1.920323 -0.224092 1.000000
60.432770 -4.449873 0.583690 0.010009 1.000000
64.345360 2.081604 2.069772 0.032139 1.000000
63.662640 -2.979039 1.552516 0.024789 1.000000
65.658310 38.517918 1.923808 0.019729 1.000000
95.020363 65.170296 11.079496 0.095066 1.000000
78.993111 -5.087299 1.579139 0.019947 1.000000
65.846832 27.643042 0.754589 0.010566 1.000000
88.959290 -4.992496 2.412096 0.027065 1.000000
60.943497 -13.884221 -0.020332 -0.014028 1.000000
49.810497 -6.821125 2.084867 0.026896 1.000000
118.319450 -13.979695 2.449042 0.014427 1.000000
91.153046 -7.253325 1.955076 0.015226 1.000000
3.259402 3.735021 -0.356338 -0.077840 1.000000
116.705902 -14.213060 0.995446 0.007613 1.000000
3.227606 3.648641 1.402761 0.252806 1.000000
67.462936 -3.756463 2.016850 0.023143 1.000000
10.112873 2.928248 -0.415721 -0.041997 1.000000
50.475586 -7.367596 1.618583 0.024789 1.000000
8.699920 1.433466 -0.315559 -0.038085 1.000000
71.126160 -10.212246 2.770762 0.038049 1.000000
73.443954 -8.889498 11.899472 0.155017 1.000000
95.845024 -11.302435 1.106417 0.010651 1.000000
95.845024 -11.302435 1.106417 0.010651 1.000000
66.132988 27.038582 1.294287 0.011655 1.000000
43.146976 -6.674789 -2.221880 -0.050793 1.000000
64.860069 -3.456207 0.838068 0.014451 1.000000
8.805068 1.567221 0.344459 0.040810 1.000000
116.466583 -15.513836 3.225207 0.029330 1.000000
54.090431 -3.734972 0.856962 0.009719 1.000000
59.774731 35.602009 0.541491 0.005918 1.000000
79.008743 -4.812948 1.370404 0.017659 1.000000
107.407928 -6.210460 1.713896 0.009561 1.000000
74.216316 -5.110263 1.896374 0.018882 1.000000
109.164818 -9.776986 1.864649 0.003570 1.000000
52.453918 -7.600510 8.587770 0.161660 1.000000
50.423008 -7.271302 0.876484 0.018930 1.000000
96.960403 68.480690 -6.990296 -0.068374 1.000000
67.412674 -3.606725 1.673843 0.024789 1.000000
118.956665 -13.463546 5.669218 0.041367 1.000000
110.880386 -10.009355 0.591860 -0.000992 1.000000
8.911209 1.429476 -0.912437 -0.105332 1.000000
96.223793 68.785202 12.238883 0.101414 1.000000
53.819736 -10.149776 0.112895 -0.003933 1.000000
109.363518 -8.847422 -1.943946 -0.017526 1.000000
112.590942 -9.759569 -2.269611 -0.020080 1.000000
88.959290 -4.992496 2.412096 0.027065 1.000000
60.192654 -13.752805 0.117390 -0.011837 1.000000
49.988808 -7.480315 0.928032 0.020092 1.000000
78.977303 -5.302441 2.213480 0.029547 1.000000
60.192654 -13.752805 0.117390 -0.011837 1.000000
88.530823 -6.994823 17.363607 0.193262 1.000000
51.449131 -5.832697 -3.100693 -0.061194 1.000000
55.319950 -10.134027 -1.411256 -0.038618 1.000000
59.754738 -4.553462 2.544148 0.028167 1.000000
54.439453 -12.741670 -2.717448 -0.055169 1.000000
60.635586 -13.571114 -2.798599 -0.044893 1.000000
64.193047 2.121204 2.946225 0.039018 1.000000
53.231529 -10.289903 9.588516 0.158999 1.000000
60.368801 -4.603884 1.183071 0.021109 1.000000
64.839386 -3.344888 0.923393 0.014221 1.000000
47.720009 1.618063 -2.697815 -0.063959 1.000000
64.284416 1.774649 2.261496 0.036341 1.000000
3.261714 3.704235 -0.266595 -0.067695 1.000000
79.014946 -4.668603 1.545738 0.013350 1.000000
63.510395 -14.524812 -0.061190 -0.014597 1.000000
11.488109 2.706763 -0.185006 -0.015662 1.000000
50.423008 -7.271302 0.876484 0.018930 1.000000
78.977303 -5.302441 2.213480 0.029547 1.000000
108.927330 -10.208462 4.796304 0.037334 1.000000
88.907188 -5.214188 2.667588 0.031533 1.000000
49.933521 -7.340130 0.353651 0.006390 1.000000
50.423008 -7.271302 0.876484 0.018930 1.000000
4.629873 3.587640 0.120723 -0.000000 1.000000
60.887474 -13.848804 -2.132134 -0.034984 1.000000
112.590942 -9.759569 -2.269611 -0.020080 1.000000
50.027603 -7.397377 0.361389 0.007564 1.000000
63.465607 23.911274 11.634187 0.156119 1.000000
95.362259 71.175964 11.575921 0.091833 1.000000
42.915592 -6.505163 -2.679327 -0.059472 1.000000
64.475128 -11.292129 3.254576 0.049388 1.000000
64.389366 -11.057351 4.599167 0.071953 1.000000
107.593239 -9.522735 2.015509 0.012466 1.000000
49.988808 -7.480315 0.928032 0.020092 1.000000
118.327049 -13.921224 1.994517 0.017017 1.000000
58.634430 -4.252029 0.366958 -0.000000 1.000000
59.611469 -4.567931 1.848802 0.032429 1.000000
17.289368 7.665202 2.529342 0.132112 1.000000
118.219589 -14.387568 3.094947 0.027840 1.000000
8.911209 1.429476 -0.912437 -0.105332 1.000000
117.012474 -13.967748 8.323011 0.063971 1.000000
55.319950 -10.134027 -1.411256 -0.038618 1.000000
99.222443 52.645756 17.040867 0.138806 1.000000
115.349213 -14.567194 0.856770 0.001174 1.000000
54.138905 -3.889496 1.492588 0.020637 1.000000
68.273018 -2.444851 3.379213 0.042603 1.000000
63.510395 -14.524812 -0.061190 -0.014597 1.000000
66.439377 26.739328 1.823220 0.019426 1.000000
3.163821 3.737047 -0.444518 -0.091395 1.000000
64.193047 2.121204 2.946225 0.039018 1.000000
54.138905 -3.889496 1.492588 0.020637 1.000000
118.956665 -13.463546 5.669218 0.041367 1.000000
74.253517 -4.532099 1.896356 0.018882 1.000000
6.378546 3.500005 -0.471871 -0.065572 1.000000
68.706161 -10.280861 2.558092 0.036329 1.000000
71.296097 -4.737314 3.440911 0.042324 1.000000
66.967827 25.395407 3.303559 0.033592 1.000000
6.343688 3.494940 -0.469042 -0.069357 1.000000
76.585670 -4.496991 0.745765 0.008823 1.000000
67.460983 -3.499922 1.548109 0.016812 1.000000
71.225418 -4.860843 3.221818 0.045099 1.000000
96.801361 -11.748866 1.413996 0.014500 1.000000
88.981606 -4.974337 1.874255 0.021363 1.000000
43.143059 -6.691257 -1.997532 -0.059133 1.000000
3.184970 3.772943 -0.491964 -0.099310 1.000000
101.299309 53.919323 15.085280 0.130232 1.000000
69.177727 -11.521487 4.992127 0.064153 1.000000
3.227606 3.648641 1.402761 0.252806 1.000000
49.873405 -7.316819 1.726412 0.027271 1.000000
52.958355 -9.749196 2.899132 0.053787 1.000000
48.241398 1.654900 -2.271992 -0.045523 1.000000
88.948265 -5.032194 1.698148 0.018180 1.000000
3.184970 3.772943 -0.491964 -0.099310 1.000000
70.195450 -10.936115 2.880169 0.040519 1.000000
52.707661 -7.625088 0.705537 0.007310 1.000000
95.362259 71.175964 11.575921 0.091833 1.000000
71.510994 -10.042976 3.117777 0.043148 1.000000
59.611469 -4.567931 1.848802 0.032429 1.000000
54.913677 -12.572594 -2.857495 -0.057326 1.000000
14.295195 3.369610 -1.994550 -0.149274 1.000000
71.126160 -10.212246 2.770762 0.038049 1.000000
99.145287 64.508858 14.789629 0.118900 1.000000
64.850243 29.518888 -0.900205 -0.012636 1.000000
96.801361 -11.748866 1.413996 0.014500 1.000000
69.273979 -11.395273 3.415041 0.043063 1.000000
71.510994 -10.042976 3.117777 0.043148 1.000000
107.993759 -9.972284 4.397447 0.040883 1.000000
108.339355 -8.732533 -2.714471 -0.026060 1.000000
70.195450 -10.936115 2.880169 0.040519 1.000000
88.966064 -5.097740 2.225445 0.018809 1.000000
68.604973 -10.455773 2.611079 0.038085 1.000000
74.216316 -5.110263 1.896374 0.018882 1.000000
113.263153 -11.182310 7.503015 0.067513 1.000000
96.685188 68.553375 -10.005341 -0.091018 1.000000
65.658310 38.517918 1.923808 0.019729 1.000000
3.225945 4.724235 0.161106 0.028155 1.000000
53.819736 -10.149776 0.112895 -0.003933 1.000000
12.877669 2.563461 0.613110 0.036680 1.000000
111.982491 -10.560639 6.062604 0.053848 1.000000
78.993111 -5.087299 1.579139 0.019947 1.000000
60.405075 -4.497642 3.021865 0.035517 1.000000
118.327049 -13.921224 1.994517 0.017017 1.000000
101.031960 54.589386 13.945564 0.119400 1.000000
8.559231 2.974634 -2.083651 -0.224679 1.000000
110.845398 -10.328009 -0.035926 0.001501 1.000000
48.049858 28.420576 5.396314 0.095297 1.000000
66.235519 26.698299 0.754589 0.010566 1.000000
76.640427 -4.369275 1.205160 0.015698 1.000000
43.041599 -6.643431 -2.464481 -0.062686 1.000000
76.648666 -4.538374 3.856131 0.036183 1.000000
68.604973 -10.455773 2.611079 0.038085 1.000000
8.559231 2.974634 -2.083651 -0.224679 1.000000
50.955795 -8.190240 -2.564750 -0.047522 1.000000
58.564789 -4.451439 1.069739 0.019777 1.000000
71.563133 -11.687356 3.317566 0.045317 1.000000
109.516296 -9.646675 -1.394289 -0.010844 1.000000
95.845024 -11.302435 1.106417 0.010651 1.000000
52.407543 -13.001501 -1.796478 -0.039514 1.000000
67.460983 -3.499922 1.548109 0.016812 1.000000
74.172073 -4.410282 1.108128 0.016509 1.000000
5.149987 3.750801 -0.471509 -0.074975 1.000000
74.190475 -4.240840 0.574725 0.007734 1.000000
60.094135 -13.752008 -2.148619 -0.034839 1.000000
62.230961 -14.139043 -2.362592 -0.037879 1.000000
58.556423 -4.335857 0.051262 -0.000000 1.000000
65.658310 38.517918 1.923808 0.019729 1.000000
68.678627 -10.470638 4.269481 0.054514 1.000000
95.812408 -11.502516 3.540292 0.030165 1.000000
4.498132 3.543858 -1.322159 -0.221672 1.000000
75.424950 -4.454671 1.437433 0.012854 1.000000
79.008743 -4.812948 1.370404 0.017659 1.000000
114.989624 -14.835897 5.484620 0.033665 1.000000
63.780529 -9.076784 3.966848 0.061497 1.000000
17.289368 7.665202 2.529342 0.132112 1.000000
51.251991 -9.713242 -0.463053 -0.009574 1.000000
60.133965 -13.770176 -2.279527 -0.036777 1.000000
52.407543 -13.001501 -1.796478 -0.039514 1.000000
75.407738 -4.535402 1.404608 0.018591 1.000000
115.714348 -14.430229 9.130938 0.064359 1.000000
63.780529 -9.076784 3.966848 0.061497 1.000000
113.256088 -10.943238 5.365804 0.041149 1.000000
3.206403 3.778476 0.740732 0.159416 1.000000
69.913757 -5.902664 13.242147 0.171097 1.000000
50.955795 -8.190240 -2.564750 -0.047522 1.000000
12.841635 2.589081 0.491377 0.036619 1.000000
52.042015 -5.379674 -3.151960 -0.066276 1.000000
111.091827 -10.563071 6.228397 0.057448 1.000000
116.691162 -14.654619 1.534199 0.006887 1.000000
91.194885 -7.174084 1.430650 0.014778 1.000000
41.186928 30.292915 4.088363 0.078532 1.000000
49.810497 -6.821125 2.084867 0.026896 1.000000
73.443954 -8.889498 11.899472 0.155017 1.000000
76.585670 -4.496991 0.745765 0.008823 1.000000
118.197266 -14.404563 4.769147 0.033616 1.000000
95.826653 -11.339347 1.656284 0.017163 1.000000
88.907188 -5.214188 2.667588 0.031533 1.000000
76.585670 -4.496991 0.745765 0.008823 1.000000
60.741749 -13.679621 10.551675 0.164113 1.000000
72.492989 -5.825223 4.597764 0.057533 1.000000
51.463440 -5.812434 -2.856266 -0.055060 1.000000
49.988808 -7.480315 0.928032 0.020092 1.000000
55.386833 -4.111825 2.054907 0.030068 1.000000
112.870193 -11.562821 -2.270360 -0.020007 1.000000
64.284416 1.774649 2.261496 0.036341 1.000000
71.532310 -11.753321 4.059738 0.055945 1.000000
75.479622 -4.436777 3.707830 0.034997 1.000000
101.148384 54.419064 14.292931 0.124253 1.000000
59.973392 35.171688 1.729820 0.019281 1.000000
60.635586 -13.571114 -2.798599 -0.044893 1.000000
88.981606 -4.974337 1.874255 0.021363 1.000000
53.948242 -8.635387 3.062036 0.056660 1.000000
112.421333 -11.404345 7.059513 0.064092 1.000000
116.466583 -15.513836 3.225207 0.029330 1.000000
65.704849 27.633652 3.714560 0.039732 1.000000
59.980934 35.187920 2.877133 0.030056 1.000000
60.192654 -13.752805 0.117390 -0.011837 1.000000
68.273018 -2.444851 3.379213 0.042603 1.000000
69.208679 -11.384148 4.124417 0.060467 1.000000
51.013855 -8.401236 -1.931425 -0.043633 1.000000
4.567062 3.637521 -0.090673 -0.015529 1.000000
60.365623 -4.536286 0.876351 0.014476 1.000000
4.629873 3.587640 0.120723 -0.000000 1.000000
67.412674 -3.606725 1.673843 0.024789 1.000000
62.610779 -14.397014 -1.892794 -0.035747 1.000000
74.172073 -4.410282 1.108128 0.016509 1.000000
71.604866 -11.736973 3.344017 0.046552 1.000000
112.421333 -11.404345 7.059513 0.064092 1.000000
96.960403 68.480690 -6.990296 -0.068374 1.000000
58.634430 -4.252029 0.366958 -0.000000 1.000000
6.378546 3.500005 -0.471871 -0.065572 1.000000
75.479622 -4.436777 3.707830 0.034997 1.000000
109.244537 -9.117599 -3.072865 -0.029124 1.000000
62.610779 -14.397014 -1.892794 -0.035747 1.000000
8.828980 1.509988 0.349605 0.037358 1.000000
42.915592 -6.505163 -2.679327 -0.059472 1.000000
54.056988 18.226913 11.276226 0.195247 1.000000
68.632919 -10.523674 3.353514 0.049994 1.000000
17.289368 7.665202 2.529342 0.132112 1.000000
5.261403 3.715516 0.904021 0.149274 1.000000
107.593239 -9.522735 2.015509 0.012466 1.000000
3.284634 4.585951 -1.222921 -0.213891 1.000000
6.046957 3.393942 0.230394 0.012043 1.000000
96.790352 -12.149617 3.050538 0.024789 1.000000
43.838165 -2.507562 -1.526993 -0.041161 1.000000
66.833786 -11.239605 3.954113 0.060006 1.000000
114.595222 -15.343327 3.605941 0.024789 1.000000
12.815032 2.573498 0.497909 0.037189 1.000000
12.877669 2.563461 0.613110 0.036680 1.000000
62.763405 -14.389917 -1.322381 -0.026835 1.000000
60.432770 -4.449873 0.583690 0.010009 1.000000
49.171165 -7.402600 0.324388 0.006524 1.000000
99.222443 52.645756 17.040867 0.138806 1.000000
8.657317 1.405084 -0.007284 -0.001307 1.000000
49.171165 -7.402600 0.324388 0.006524 1.000000
108.927330 -10.208462 4.796304 0.037334 1.000000
65.748299 27.794352 1.746152 0.024789 1.000000
60.018066 -13.805670 9.803731 0.158607 1.000000
95.868134 -11.261617 1.626667 0.010735 1.000000
69.313271 -11.302617 3.047280 0.043863 1.000000
88.921371 -5.036342 4.634148 0.038145 1.000000
112.391090 -10.095877 2.101950 0.005192 1.000000
8.828980 1.509988 0.349605 0.037358 1.000000
115.396355 -14.959552 4.144452 0.029196 1.000000
66.120308 -3.605636 1.609905 0.025818 1.000000
91.194885 -7.174084 1.430650 0.014778 1.000000
63.841251 -9.156387 4.011853 0.063741 1.000000
109.306015 -8.996984 -1.735630 -0.022295 1.000000
96.753258 -11.976455 1.970895 0.022053 1.000000
113.256088 -10.943238 5.365804 0.041149 1.000000
76.640427 -4.369275 1.205160 0.015698 1.000000
109.436836 22.485926 6.253347 0.049594 1.000000
62.230961 -14.139043 -2.362592 -0.037879 1.000000
8.758099 1.445506 -0.034169 -0.013277 1.000000
5.182389 3.882947 -0.220770 -0.035675 1.000000
41.259087 -8.817037 2.642167 0.062819 1.000000
68.273018 -2.444851 3.379213 0.042603 1.000000
50.027603 -7.397377 0.361389 0.007564 1.000000
71.591499 -11.723379 3.637681 0.044553 1.000000
64.402756 2.214936 1.004434 0.015964 1.000000
88.966064 -5.097740 2.225445 0.018809 1.000000
118.266975 -14.093618 2.575117 0.021617 1.000000
58.634430 -4.252029 0.366958 -0.000000 1.000000
111.696358 -10.731039 6.960335 0.056090 1.000000
8.559231 2.974634 -2.083651 -0.224679 1.000000
114.127357 -15.079236 3.546720 0.024789 1.000000
69.208679 -11.384148 4.124417 0.060467 1.000000
60.432770 -4.449873 0.583690 0.010009 1.000000
115.396355 -14.959552 4.144452 0.029196 1.000000
63.465607 23.911274 11.634187 0.156119 1.000000
88.981606 -4.974337 1.874255 0.021363 1.000000
117.213707 -14.215397 7.060982 0.046068 1.000000
107.993759 -9.972284 4.397447 0.040883 1.000000
59.774731 35.602009 0.541491 0.005918 1.000000
64.318199 2.383548 1.372479 0.015057 1.000000
3.159131 4.583191 1.441136 0.242279 1.000000
55.386833 -4.111825 2.054907 0.030068 1.000000
96.960403 68.480690 -6.990296 -0.068374 1.000000
77.814026 -4.448718 1.493914 0.019523 1.000000
60.403015 -4.559778 2.179466 0.029136 1.000000
8.644498 1.662699 1.396088 0.157283 1.000000
112.391090 -10.095877 2.101950 0.005192 1.000000
66.120308 -3.605636 1.609905 0.025818 1.000000
63.510395 -14.524812 -0.061190 -0.014597 1.000000
6.343688 3.494940 -0.469042 -0.069357 1.000000
109.902298 20.012804 6.644678 0.059412 1.000000
55.319950 -10.134027 -1.411256 -0.038618 1.000000
4.567062 3.637521 -0.090673 -0.015529 1.000000
118.827782 -14.168744 6.021078 0.049594 1.000000
54.852898 -12.932525 -1.349593 -0.021726 1.000000
110.421051 -10.292448 4.939618 0.038521 1.000000
60.066025 -13.854404 -1.221203 -0.017611 1.000000
115.349213 -14.567194 0.856770 0.001174 1.000000
118.175758 -14.043399 5.759149 0.034767 1.000000
3.284634 4.585951 -1.222921 -0.213891 1.000000
101.015503 54.289097 14.787971 0.128242 1.000000
54.912380 -12.674466 -2.672256 -0.047279 1.000000
118.319450 -13.979695 2.449042 0.014427 1.000000
11.509721 2.683716 -0.383148 -0.039793 1.000000
11.488109 2.706763 -0.185006 -0.015662 1.000000
78.983742 -4.803508 1.175732 0.013991 1.000000
115.996109 -14.426373 1.838413 0.009586 1.000000
51.114441 -8.307350 -1.234822 -0.037455 1.000000
8.792828 1.347897 0.138671 -0.004042 1.000000
68.632919 -10.523674 3.353514 0.049994 1.000000
4.318691 3.422886 1.955269 0.376952 1.000000
107.425079 -9.719911 0.995074 -0.004176 1.000000
3.206403 3.778476 0.740732 0.159416 1.000000
8.559231 2.974634 -2.083651 -0.224679 1.000000
58.556423 -4.335857 0.051262 -0.000000 1.000000
63.465607 23.911274 11.634187 0.156119 1.000000
3.184970 3.772943 -0.491964 -0.099310 1.000000
59.627636 -4.557762 2.166187 0.029366 1.000000
6.046957 3.393942 0.230394 0.012043 1.000000
117.213707 -14.215397 7.060982 0.046068 1.000000
49.228271 -7.293171 0.661909 0.007395 1.000000
116.466583 -15.513836 3.225207 0.029330 1.000000
118.400978 -14.005310 4.872676 0.034427 1.000000
79.014946 -4.668603 1.545738 0.013350 1.000000
55.319950 -10.134027 -1.411256 -0.038618 1.000000
60.432770 -4.449873 0.583690 0.010009 1.000000
49.810497 -6.821125 2.084867 0.026896 1.000000
95.826653 -11.339347 1.656284 0.017163 1.000000
6.020107 3.415857 0.039028 -0.004599 1.000000
6.343688 3.494940 -0.469042 -0.069357 1.000000
107.407928 -6.210460 1.713896 0.009561 1.000000
96.801361 -11.748866 1.413996 0.014500 1.000000
76.648666 -4.538374 3.856131 0.036183 1.000000
114.595222 -15.343327 3.605941 0.024789 1.000000
118.219589 -14.387568 3.094947 0.027840 1.000000
6.095755 3.421263 -0.039164 -0.007540 1.000000
59.627636 -4.557762 2.166187 0.029366 1.000000
63.590084 -2.899643 1.832649 0.022767 1.000000
51.449131 -5.832697 -3.100693 -0.061194 1.000000
62.763405 -14.389917 -1.322381 -0.026835 1.000000
118.827782 -14.168744 6.021078 0.049594 1.000000
95.826653 -11.339347 1.656284 0.017163 1.000000
114.716843 -14.894423 3.213137 0.028082 1.000000
91.153046 -7.253325 1.955076 0.015226 1.000000
43.190311 2.322474 2.736079 0.057884 1.000000
114.620438 -15.082252 5.622989 0.034984 1.000000
101.031960 54.589386 13.945564 0.119400 1.000000
62.610779 -14.397014 -1.892794 -0.035747 1.000000
75.423141 -4.586893 2.337048 0.032466 1.000000
110.468971 -10.075604 1.526648 0.012878 1.000000
4.629873 3.587640 0.120723 -0.000000 1.000000
68.678627 -10.470638 4.269481 0.054514 1.000000
50.799889 -7.797428 -1.479169 -0.028773 1.000000
63.419121 -14.324927 -2.057177 -0.031630 1.000000
69.248566 -11.276091 3.400571 0.048430 1.000000
74.253517 -4.532099 1.896356 0.018882 1.000000
119.463005 -13.569581 2.426802 0.020467 1.000000
88.966064 -5.097740 2.225445 0.018809 1.000000
110.071579 23.691324 6.366706 0.050163 1.000000
101.299309 53.919323 15.085280 0.130232 1.000000
108.410942 -10.317502 4.495600 0.040519 1.000000
99.552383 61.907166 12.979448 0.109605 1.000000
67.430145 -3.527808 1.088981 0.015299 1.000000
109.040802 -9.998549 1.609860 0.014984 1.000000
71.126160 -10.212246 2.770762 0.038049 1.000000
119.463005 -13.569581 2.426802 0.020467 1.000000
63.655930 -2.899338 1.501814 0.022804 1.000000
17.289368 7.665202 2.529342 0.132112 1.000000
54.046825 -9.887571 3.399107 0.061740 1.000000
55.379200 -3.957278 0.900541 0.016219 1.000000
77.969185 -4.615296 1.728977 0.015989 1.000000
60.192654 -13.752805 0.117390 -0.011837 1.000000
79.008743 -4.812948 1.370404 0.017659 1.000000
55.319950 -10.134027 -1.411256 -0.038618 1.000000
116.712395 -15.166489 1.643026 0.014233 1.000000
67.609436 24.335983 0.380905 -0.001331 1.000000
34.769268 -10.434749 2.163939 0.044166 1.000000
51.449131 -5.832697 -3.100693 -0.061194 1.000000
114.345169 -14.927319 3.812206 0.033047 1.000000
61.388805 -13.986277 4.690274 0.059848 1.000000
54.862514 -12.644864 -3.060782 -0.055351 1.000000
5.261403 3.715516 0.904021 0.149274 1.000000
107.898506 -10.905857 -0.006643 -0.006354 1.000000
114.550293 -15.241957 3.044403 0.020298 1.000000
51.471222 -5.922670 -2.384389 -0.044008 1.000000
8.805068 1.567221 0.344459 0.040810 1.000000
96.753258 -11.976455 1.970895 0.022053 1.000000
12.727618 2.623635 0.316981 0.024789 1.000000
118.319450 -13.979695 2.449042 0.014427 1.000000
59.929356 35.214642 1.056016 0.014706 1.000000
49.988808 -7.480315 0.928032 0.020092 1.000000
66.395088 26.493687 1.297957 0.018216 1.000000
119.800896 -14.360424 2.488689 0.014500 1.000000
3.261714 3.704235 -0.266595 -0.067695 1.000000
66.120308 -3.605636 1.609905 0.025818 1.000000
63.510395 -14.524812 -0.061190 -0.014597 1.000000
110.845398 -10.328009 -0.035926 0.001501 1.000000
60.741749 -13.679621 10.551675 0.164113 1.000000
59.774731 35.602009 0.541491 0.005918 1.000000
63.465607 23.911274 11.634187 0.156119 1.000000
49.250824 -7.253823 1.790992 0.021472 1.000000
112.789253 -10.850186 -2.911545 -0.032199 1.000000
64.860069 -3.456207 0.838068 0.014451 1.000000
60.400967 -4.449162 0.605596 0.009198 1.000000
66.967827 25.395407 3.303559 0.033592 1.000000
4.567062 3.637521 -0.090673 -0.015529 1.000000
112.391090 -10.095877 2.101950 0.005192 1.000000
91.194885 -7.174084 1.430650 0.014778 1.000000
71.591499 -11.723379 3.637681 0.044553 1.000000
58.564789 -4.451439 1.069739 0.019777 1.000000
62.130730 -8.374529 9.806522 0.156242 1.000000
100.612213 64.642761 -11.572796 -0.096549 1.000000
49.933521 -7.340130 0.353651 0.006390 1.000000
11.509721 2.683716 -0.383148 -0.039793 1.000000
101.148384 54.419064 14.292931 0.124253 1.000000
8.758099 1.445506 -0.034169 -0.013277 1.000000
58.551014 -4.324504 0.616806 0.010506 1.000000
55.386833 -4.111825 2.054907 0.030068 1.000000
50.955795 -8.190240 -2.564750 -0.047522 1.000000
6.122977 3.479993 -0.069736 -0.016703 1.000000
68.706161 -10.280861 2.558092 0.036329 1.000000
116.525352 -15.432429 4.612269 0.032805 1.000000
54.852898 -12.932525 -1.349593 -0.021726 1.000000
73.443954 -8.889498 11.899472 0.155017 1.000000
99.145287 64.508858 14.789629 0.118900 1.000000
51.290356 -9.808925 0.060519 0.001537 1.000000
108.927330 -10.208462 4.796304 0.037334 1.000000
12.942793 2.645401 -0.064550 -0.011595 1.000000
50.479794 -7.374317 2.222769 0.028991 1.000000
53.254753 -10.387130 8.968304 0.164996 1.000000
117.060478 -13.802520 6.346210 0.055569 1.000000
113.263153 -11.182310 7.503015 0.067513 1.000000
54.859699 -12.814498 -1.879499 -0.033350 1.000000
95.868134 -11.261617 1.626667 0.010735 1.000000
60.133965 -13.770176 -2.279527 -0.036777 1.000000
71.510994 -10.042976 3.117777 0.043148 1.000000
74.190475 -4.240840 0.574725 0.007734 1.000000
88.966064 -5.097740 2.225445 0.018809 1.000000
61.402161 -8.607375 11.040471 0.168420 1.000000
54.873745 -12.869150 -2.449035 -0.049594 1.000000
47.763119 1.613103 -2.493254 -0.065184 1.000000
77.814026 -4.448718 1.493914 0.019523 1.000000
116.705902 -14.213060 0.995446 0.007613 1.000000
99.550323 64.765800 -9.705729 -0.081895 1.000000
50.431572 -7.227521 0.535859 0.010518 1.000000
107.407928 -6.210460 1.713896 0.009561 1.000000
96.801361 -11.748866 1.413996 0.014500 1.000000
108.927330 -10.208462 4.796304 0.037334 1.000000
59.929356 35.214642 1.056016 0.014706 1.000000
54.852898 -12.932525 -1.349593 -0.021726 1.000000
60.635586 -13.571114 -2.798599 -0.044893 1.000000
66.761337 25.767351 0.738751 0.010602 1.000000
119.294716 -14.061251 2.783544 0.022368 1.000000
116.671364 -14.327970 0.929863 0.007056 1.000000
47.720009 1.618063 -2.697815 -0.063959 1.000000
88.981606 -4.974337 1.874255 0.021363 1.000000
118.175758 -14.043399 5.759149 0.034767 1.000000
58.634430 -4.252029 0.366958 -0.000000 1.000000
49.826012 -6.762929 1.596442 0.024789 1.000000
96.785698 -11.831789 1.596565 0.010263 1.000000
74.253517 -4.532099 1.896356 0.018882 1.000000
52.042015 -5.379674 -3.151960 -0.066276 1.000000
73.443954 -8.889498 11.899472 0.155017 1.000000
60.365623 -4.536286 0.876351 0.014476 1.000000
60.094135 -13.752008 -2.148619 -0.034839 1.000000
56.294823 -4.183128 2.810802 0.035311 1.000000
71.491135 -11.800803 4.368545 0.061958 1.000000
55.379200 -3.957278 0.900541 0.016219 1.000000
6.020107 3.415857 0.039028 -0.004599 1.000000
64.475128 -11.292129 3.254576 0.049388 1.000000
80.711243 -9.933590 4.420701 0.054308 1.000000
69.248566 -11.276091 3.400571 0.048430 1.000000
74.190475 -4.240840 0.574725 0.007734 1.000000
76.585670 -4.496991 0.745765 0.008823 1.000000
119.294716 -14.061251 2.783544 0.022368 1.000000
53.948715 -8.921083 2.929332 0.053363 1.000000
101.031960 54.589386 13.945564 0.119400 1.000000
66.439377 26.739328 1.823220 0.019426 1.000000
88.967392 -5.193651 3.732746 0.035275 1.000000
52.453918 -7.600510 8.587770 0.161660 1.000000
67.474037 -3.534055 1.339949 0.020225 1.000000
60.133965 -13.770176 -2.279527 -0.036777 1.000000
62.391193 3.464965 2.591182 0.034645 1.000000
60.943497 -13.884221 -0.020332 -0.014028 1.000000
74.242317 -4.281007 2.219823 0.023796 1.000000
68.645920 -10.380336 5.012155 0.057690 1.000000
3.225945 4.724235 0.161106 0.028155 1.000000
115.922310 -14.649351 1.452435 0.014330 1.000000
60.432770 -4.449873 0.583690 0.010009 1.000000
49.132149 -7.418069 0.522291 0.012285 1.000000
52.453918 -7.600510 8.587770 0.161660 1.000000
64.497566 -11.231047 3.678351 0.056126 1.000000
54.913677 -12.572594 -2.857495 -0.057326 1.000000
10.128819 2.932672 -0.326019 -0.039744 1.000000
50.422070 -7.214596 0.035329 -0.000000 1.000000
118.319450 -13.979695 2.449042 0.014427 1.000000
3.206403 3.778476 0.740732 0.159416 1.000000
12.740565 2.619990 0.328507 0.020576 1.000000
62.130730 -8.374529 9.806522 0.156242 1.000000
63.780529 -9.076784 3.966848 0.061497 1.000000
68.665398 -10.350643 2.866653 0.041258 1.000000
48.241398 1.654900 -2.271992 -0.045523 1.000000
54.046825 -9.887571 3.399107 0.061740 1.000000
68.273018 -2.444851 3.379213 0.042603 1.000000
101.015503 54.289097 14.787971 0.128242 1.000000
99.552383 61.907166 12.979448 0.109605 1.000000
108.547020 -8.965742 -1.610683 -0.012963 1.000000
3.284634 4.585951 -1.222921 -0.213891 1.000000
3.184970 3.772943 -0.491964 -0.099310 1.000000
50.441788 -7.298426 0.257528 -0.001005 1.000000
95.871498 -11.272534 1.236462 0.013108 1.000000
70.195450 -10.936115 2.880169 0.040519 1.000000
53.687172 -9.640776 -1.268315 -0.036825 1.000000
64.345360 2.081604 2.069772 0.032139 1.000000
4.613524 3.664334 0.181002 0.033107 1.000000
54.090431 -3.734972 0.856962 0.009719 1.000000
58.634430 -4.252029 0.366958 -0.000000 1.000000
52.453918 -7.600510 8.587770 0.161660 1.000000
69.248566 -11.276091 3.400571 0.048430 1.000000
58.587971 -4.450145 2.038789 0.027840 1.000000
69.113533 -3.058460 1.476527 0.020528 1.000000
116.712395 -15.166489 1.643026 0.014233 1.000000
109.020470 -9.727448 2.056940 0.012599 1.000000
63.449432 -14.516534 -0.737683 -0.017695 1.000000
71.126160 -10.212246 2.770762 0.038049 1.000000
60.943497 -13.884221 -0.020332 -0.014028 1.000000
12.942793 2.645401 -0.064550 -0.011595 1.000000
51.013855 -8.401236 -1.931425 -0.043633 1.000000
116.525352 -15.432429 4.612269 0.032805 1.000000
50.422070 -7.214596 0.035329 -0.000000 1.000000
68.604973 -10.455773 2.611079 0.038085 1.000000
115.996109 -14.426373 1.838413 0.009586 1.000000
112.391090 -10.095877 2.101950 0.005192 1.000000
11.488109 2.706763 -0.185006 -0.015662 1.000000
61.806976 -0.931482 2.297796 0.038460 1.000000
115.396355 -14.959552 4.144452 0.029196 1.000000
8.828980 1.509988 0.349605 0.037358 1.000000
75.407738 -4.535402 1.404608 0.018591 1.000000
60.846516 -13.909372 -1.745693 -0.027961 1.000000
43.190311 2.322474 2.736079 0.057884 1.000000
60.943497 -13.884221 -0.020332 -0.014028 1.000000
119.800896 -14.360424 2.488689 0.014500 1.000000
96.685188 68.553375 -10.005341 -0.091018 1.000000
109.902298 20.012804 6.644678 0.059412 1.000000
108.410942 -10.317502 4.495600 0.040519 1.000000
114.345169 -14.927319 3.812206 0.033047 1.000000
3.227606 3.648641 1.402761 0.252806 1.000000
59.611469 -4.567931 1.848802 0.032429 1.000000
12.815032 2.573498 0.497909 0.037189 1.000000
116.705902 -14.213060 0.995446 0.007613 1.000000
71.491135 -11.800803 4.368545 0.061958 1.000000
11.577952 2.802006 -0.018503 -0.008012 1.000000
119.463005 -13.569581 2.426802 0.020467 1.000000
117.213707 -14.215397 7.060982 0.046068 1.000000
68.273018 -2.444851 3.379213 0.042603 1.000000
54.029526 -3.728987 0.525186 0.008920 1.000000
54.850468 -9.807844 -0.167264 -0.002663 1.000000
6.095755 3.421263 -0.039164 -0.007540 1.000000
118.266121 -14.020197 1.701212 0.013447 1.000000
71.296097 -4.737314 3.440911 0.042324 1.000000
95.362259 71.175964 11.575921 0.091833 1.000000
8.689744 1.446994 -0.155155 -0.017611 1.000000
49.810497 -6.821125 2.084867 0.026896 1.000000
70.195450 -10.936115 2.880169 0.040519 1.000000
78.993111 -5.087299 1.579139 0.019947 1.000000
114.716843 -14.894423 3.213137 0.028082 1.000000
3.284634 4.585951 -1.222921 -0.213891 1.000000
53.971645 -8.704661 3.114872 0.057593 1.000000
60.741749 -13.679621 10.551675 0.164113 1.000000
66.031631 27.130598 1.324873 0.018579 1.000000
62.391193 3.464965 2.591182 0.034645 1.000000
5.149987 3.750801 -0.471509 -0.074975 1.000000
112.590942 -9.759569 -2.269611 -0.020080 1.000000
114.345169 -14.927319 3.812206 0.033047 1.000000
60.846516 -13.909372 -1.745693 -0.027961 1.000000
69.313271 -11.302617 3.047280 0.043863 1.000000
70.195450 -10.936115 2.880169 0.040519 1.000000
54.029526 -3.728987 0.525186 0.008920 1.000000
11.509721 2.683716 -0.383148 -0.039793 1.000000
49.218685 -7.423741 1.231112 0.017841 1.000000
69.248566 -11.276091 3.400571 0.048430 1.000000
115.922310 -14.649351 1.452435 0.014330 1.000000
99.550323 64.765800 -9.705729 -0.081895 1.000000
114.620438 -15.082252 5.622989 0.034984 1.000000
73.443954 -8.889498 11.899472 0.155017 1.000000
99.488304 52.098557 6.559457 0.052163 1.000000
113.168556 -11.231498 9.723204 0.078665 1.000000
8.792828 1.347897 0.138671 -0.004042 1.000000
110.845398 -10.328009 -0.035926 0.001501 1.000000
118.219589 -14.387568 3.094947 0.027840 1.000000
49.962990 -6.742458 0.483395 0.003582 1.000000
54.046825 -9.887571 3.399107 0.061740 1.000000
51.463440 -5.812434 -2.856266 -0.055060 1.000000
110.342499 -10.459163 4.204222 0.037152 1.000000
70.571960 -6.101733 4.654570 0.066203 1.000000
64.284416 1.774649 2.261496 0.036341 1.000000
63.662640 -2.979039 1.552516 0.024789 1.000000
53.948715 -8.921083 2.929332 0.053363 1.000000
101.015503 54.289097 14.787971 0.128242 1.000000
66.031631 27.130598 1.324873 0.018579 1.000000
60.863716 -14.058059 -0.818842 -0.019475 1.000000
59.973392 35.171688 1.729820 0.019281 1.000000
68.706161 -10.280861 2.558092 0.036329 1.000000
48.241398 1.654900 -2.271992 -0.045523 1.000000
67.045128 25.171219 1.827478 0.019426 1.000000
114.989624 -14.835897 5.484620 0.033665 1.000000
54.912380 -12.674466 -2.672256 -0.047279 1.000000
78.983742 -4.803508 1.175732 0.013991 1.000000
17.612558 7.581811 3.011640 0.136618 1.000000
95.826653 -11.339347 1.656284 0.017163 1.000000
47.763119 1.613103 -2.493254 -0.065184 1.000000
53.231529 -10.289903 9.588516 0.158999 1.000000
118.197266 -14.404563 4.769147 0.033616 1.000000
75.424950 -4.454671 1.437433 0.012854 1.000000
11.518966 2.773088 0.146845 0.011764 1.000000
54.913677 -12.572594 -2.857495 -0.057326 1.000000
52.958355 -9.749196 2.899132 0.053787 1.000000
69.113533 -3.058460 1.476527 0.020528 1.000000
60.018066 -13.805670 9.803731 0.158607 1.000000
95.789841 -11.513620 2.182538 0.024438 1.000000
4.498132 3.543858 -1.322159 -0.221672 1.000000
58.628124 -4.256122 0.248002 0.004575 1.000000
99.550323 64.765800 -9.705729 -0.081895 1.000000
51.463440 -5.812434 -2.856266 -0.055060 1.000000
50.431572 -7.227521 0.535859 0.010518 1.000000
50.469273 -7.244580 0.255307 0.005410 1.000000
74.253517 -4.532099 1.896356 0.018882 1.000000
114.550293 -15.241957 3.044403 0.020298 1.000000
51.114441 -8.307350 -1.234822 -0.037455 1.000000
75.424950 -4.454671 1.437433 0.012854 1.000000
108.410942 -10.317502 4.495600 0.040519 1.000000
113.263153 -11.182310 7.503015 0.067513 1.000000
51.290356 -9.808925 0.060519 0.001537 1.000000
51.596752 -5.890384 -1.532301 -0.043027 1.000000
41.185108 -8.880610 2.281298 0.054272 1.000000
60.741749 -13.679621 10.551675 0.164113 1.000000
67.474037 -3.534055 1.339949 0.020225 1.000000
51.463440 -5.812434 -2.856266 -0.055060 1.000000
50.475586 -7.367596 1.618583 0.024789 1.000000
17.367912 1.539787 2.090930 0.118888 1.000000
96.223793 68.785202 12.238883 0.101414 1.000000
63.662640 -2.979039 1.552516 0.024789 1.000000
54.873745 -12.869150 -2.449035 -0.049594 1.000000
63.431652 -14.409575 -2.122498 -0.038957 1.000000
89.686378 71.309784 9.898086 0.080511 1.000000
110.421051 -10.292448 4.939618 0.038521 1.000000
6.343688 3.494940 -0.469042 -0.069357 1.000000
63.267223 -8.602783 4.225709 0.067658 1.000000
116.705902 -14.213060 0.995446 0.007613 1.000000
12.727618 2.623635 0.316981 0.024789 1.000000
4.498132 3.543858 -1.322159 -0.221672 1.000000
60.968266 -13.994629 -8.378667 -0.138647 1.000000
119.880806 -13.683027 2.490390 0.014500 1.000000
75.479622 -4.436777 3.707830 0.034997 1.000000
66.031631 27.130598 1.324873 0.018579 1.000000
54.005325 -8.699023 -1.847079 -0.040059 1.000000
119.463005 -13.569581 2.426802 0.020467 1.000000
65.184303 38.964672 0.735192 0.007806 1.000000
78.983742 -4.803508 1.175732 0.013991 1.000000
60.425423 -4.407100 0.897044 0.008678 1.000000
119.800896 -14.360424 2.488689 0.014500 1.000000
58.628124 -4.256122 0.248002 0.004575 1.000000
4.604822 3.531567 1.368140 0.243567 1.000000
58.564789 -4.451439 1.069739 0.019777 1.000000
111.091827 -10.563071 6.228397 0.057448 1.000000
63.632317 1.987558 3.041587 0.047740 1.000000
11.518966 2.773088 0.146845 0.011764 1.000000
95.871498 -11.272534 1.236462 0.013108 1.000000
100.612213 64.642761 -11.572796 -0.096549 1.000000
89.686378 71.309784 9.898086 0.080511 1.000000
67.462936 -3.756463 2.016850 0.023143 1.000000
66.395088 26.493687 1.297957 0.018216 1.000000
101.148384 54.419064 14.292931 0.124253 1.000000
110.880386 -10.009355 0.591860 -0.000992 1.000000
6.343688 3.494940 -0.469042 -0.069357 1.000000
6.122977 3.479993 -0.069736 -0.016703 1.000000
63.431652 -14.409575 -2.122498 -0.038957 1.000000
3.159131 4.583191 1.441136 0.242279 1.000000
116.691162 -14.654619 1.534199 0.006887 1.000000
95.845024 -11.302435 1.106417 0.010651 1.000000
111.696358 -10.731039 6.960335 0.056090 1.000000
59.973392 35.171688 1.729820 0.019281 1.000000
68.645920 -10.380336 5.012155 0.057690 1.000000
65.704849 27.633652 3.714560 0.039732 1.000000
11.469905 2.725157 0.602758 0.040544 1.000000
49.962990 -6.742458 0.483395 0.003582 1.000000
72.492989 -5.825223 4.597764 0.057533 1.000000
58.551014 -4.324504 0.616806 0.010506 1.000000
61.806976 -0.931482 2.297796 0.038460 1.000000
61.846558 -0.924503 2.187338 0.029378 1.000000
34.769268 -10.434749 2.163939 0.044166 1.000000
10.112873 2.928248 -0.415721 -0.041997 1.000000
8.644498 1.662699 1.396088 0.157283 1.000000
101.031960 54.589386 13.945564 0.119400 1.000000
69.272598 -11.389619 2.996608 0.042252 1.000000
80.711243 -9.933590 4.420701 0.054308 1.000000
111.529030 -10.771024 8.517318 0.069272 1.000000
60.094135 -13.752008 -2.148619 -0.034839 1.000000
109.436836 22.485926 6.253347 0.049594 1.000000
69.273979 -11.395273 3.415041 0.043063 1.000000
51.463440 -5.812434 -2.856266 -0.055060 1.000000
60.400967 -4.449162 0.605596 0.009198 1.000000
119.294716 -14.061251 2.783544 0.022368 1.000000
118.956665 -13.463546 5.669218 0.041367 1.000000
5.776223 3.412699 -1.398621 -0.220382 1.000000
8.758099 1.445506 -0.034169 -0.013277 1.000000
49.218685 -7.423741 1.231112 0.017841 1.000000
59.611469 -4.567931 1.848802 0.032429 1.000000
50.475586 -7.367596 1.618583 0.024789 1.000000
116.712395 -15.166489 1.643026 0.014233 1.000000
118.266121 -14.020197 1.701212 0.013447 1.000000
60.094135 -13.752008 -2.148619 -0.034839 1.000000
76.585670 -4.496991 0.745765 0.008823 1.000000
70.591888 -6.133807 4.794480 0.067173 1.000000
49.171165 -7.402600 0.324388 0.006524 1.000000
63.408489 -14.269923 -2.441178 -0.038424 1.000000
109.516296 -9.646675 -1.394289 -0.010844 1.000000
95.362259 71.175964 11.575921 0.091833 1.000000
71.604866 -11.736973 3.344017 0.046552 1.000000
118.327049 -13.921224 1.994517 0.017017 1.000000
70.195450 -10.936115 2.880169 0.040519 1.000000
54.852898 -12.932525 -1.349593 -0.021726 1.000000
49.873405 -7.316819 1.726412 0.027271 1.000000
54.046825 -9.887571 3.399107 0.061740 1.000000
88.966064 -5.097740 2.225445 0.018809 1.000000
49.945980 -7.515667 0.537971 0.010651 1.000000
115.396355 -14.959552 4.144452 0.029196 1.000000
115.922310 -14.649351 1.452435 0.014330 1.000000
63.154099 -8.411283 5.609136 0.080669 1.000000
71.591499 -11.723379 3.637681 0.044553 1.000000
43.143059 -6.691257 -1.997532 -0.059133 1.000000
68.665398 -10.350643 2.866653 0.041258 1.000000
67.462936 -3.756463 2.016850 0.023143 1.000000
5.938541 3.450020 -0.032795 -0.006826 1.000000
58.556423 -4.335857 0.051262 -0.000000 1.000000
113.168556 -11.231498 9.723204 0.078665 1.000000
3.225945 4.724235 0.161106 0.028155 1.000000
110.071579 23.691324 6.366706 0.050163 1.000000
88.907188 -5.214188 2.667588 0.031533 1.000000
69.208679 -11.384148 4.124417 0.060467 1.000000
54.029526 -3.728987 0.525186 0.008920 1.000000
95.362259 71.175964 11.575921 0.091833 1.000000
65.658310 38.517918 1.923808 0.019729 1.000000
64.332512 2.271109 0.981980 0.014258 1.000000
60.968266 -13.994629 -8.378667 -0.138647 1.000000
99.550323 64.765800 -9.705729 -0.081895 1.000000
54.104401 -3.717686 0.694468 0.013229 1.000000
91.239929 -7.061777 1.437821 0.016025 1.000000
58.551014 -4.324504 0.616806 0.010506 1.000000
71.604866 -11.736973 3.344017 0.046552 1.000000
115.977310 -14.473602 1.457754 0.011643 1.000000
108.547020 -8.965742 -1.610683 -0.012963 1.000000
49.826012 -6.762929 1.596442 0.024789 1.000000
3.259402 3.735021 -0.356338 -0.077840 1.000000
76.710907 -4.366475 0.749814 0.010082 1.000000
68.632919 -10.523674 3.353514 0.049994 1.000000
