91.409157 -7.473068 1.092724 0.011038 1.000000
9.467345 -4.031522 1.442263 0.145408 1.000000
68.611351 22.349735 0.370387 0.005398 1.000000
5.314971 -4.950493 -1.231485 -0.174390 1.000000
9.954082 -4.067995 -1.393171 -0.128840 1.000000
79.177368 -9.846088 -15.156469 -0.199617 1.000000
35.816280 23.325413 2.678142 0.062576 1.000000
2.729594 -3.693800 -0.221545 -0.065669 1.000000
22.566315 13.140348 0.064358 -0.009973 1.000000
70.908363 18.233257 -0.455105 -0.005991 1.000000
8.907387 -4.957103 0.857739 0.086037 1.000000
8.574124 -7.349081 1.596726 0.140052 1.000000
6.027800 -5.730690 0.129869 0.015613 1.000000
66.851921 -11.046730 3.823514 0.056369 1.000000
54.275352 -12.500296 3.050309 0.054684 1.000000
27.776875 -6.440792 2.613022 0.074429 1.000000
98.282890 67.401390 -9.418937 -0.079321 1.000000
93.272369 64.128601 8.694778 0.076978 1.000000
37.358101 18.079914 2.229112 0.053060 1.000000
71.527458 46.130077 -16.980934 -0.196926 1.000000
5.805826 3.376689 1.603212 0.245600 1.000000
61.617653 24.052645 0.654652 0.010191 1.000000
78.471039 21.282957 1.574266 0.019862 1.000000
10.718177 -5.242659 0.443968 0.038133 1.000000
3.845021 -4.869467 -0.699163 -0.116865 1.000000
52.552322 0.170447 3.257435 0.061521 1.000000
54.823780 -9.739530 -0.311360 -0.006294 1.000000
44.617561 -5.068398 -4.249187 -0.102315 1.000000
5.735940 -5.105790 0.275746 0.035893 1.000000
8.516447 -7.314635 1.270363 0.101341 1.000000
37.085732 18.474564 2.102645 0.049594 1.000000
8.302030 -7.908158 1.781184 0.131978 1.000000
5.314971 -4.950493 -1.231485 -0.174390 1.000000
98.001358 65.425453 -11.713047 -0.101500 1.000000
36.718464 24.183922 2.677562 0.061497 1.000000
22.606129 13.092884 -0.038035 -0.007746 1.000000
30.977699 2.225320 1.366194 0.044905 1.000000
46.861675 -3.108547 -4.523877 -0.108595 1.000000
46.215790 -5.916952 -3.920790 -0.084117 1.000000
24.424765 18.978537 0.308671 0.010469 1.000000
9.438849 -4.250856 1.010973 0.097352 1.000000
71.810165 17.732523 3.637842 0.049594 1.000000
3.114261 -3.877519 -0.415014 -0.084931 1.000000
42.110401 18.936651 -0.213179 -0.006354 1.000000
115.320213 -14.938271 1.960946 0.018761 1.000000
66.097382 -10.062590 4.093901 0.062819 1.000000
38.243187 17.644426 2.133210 0.044008 1.000000
46.543285 1.210905 -3.359215 -0.070339 1.000000
101.614334 -12.828910 1.163206 0.011643 1.000000
107.793343 -9.279965 4.231403 0.039090 1.000000
34.570843 23.377581 2.209401 0.053545 1.000000
46.307980 -5.897540 -3.871061 -0.084385 1.000000
87.671219 -10.984673 0.048988 -0.005809 1.000000
8.270180 -4.284849 -0.222028 -0.023833 1.000000
52.028015 25.936327 -1.882397 -0.032369 1.000000
26.000483 -9.695168 3.325130 0.117328 1.000000
71.490936 -5.326617 0.243369 -0.010239 1.000000
25.709499 6.522896 -3.569508 -0.133772 1.000000
17.532063 -5.420930 -2.922299 -0.168040 1.000000
18.372587 -5.630836 -2.314813 -0.116487 1.000000
5.509252 -4.457360 0.352089 0.053242 1.000000
16.723515 -5.208578 2.517114 0.147035 1.000000
34.797955 -10.287877 0.858343 0.018543 1.000000
47.262062 -1.547756 1.342046 0.028373 1.000000
53.242790 1.799567 2.674813 0.049594 1.000000
98.070251 65.416275 -11.208542 -0.094872 1.000000
23.757910 6.597642 1.951027 0.079418 1.000000
6.029580 -5.340053 -1.440301 -0.178684 1.000000
97.141182 67.236633 -11.269457 -0.095103 1.000000
115.313484 -14.709261 0.282344 0.001561 1.000000
5.794781 3.387650 1.583220 0.252656 1.000000
8.038899 -4.191941 -0.346223 -0.038170 1.000000
9.009678 -5.052026 -1.739889 -0.166873 1.000000
2.231902 -3.851486 -1.466932 -0.318333 1.000000
12.113090 -4.805056 -1.589175 -0.133785 1.000000
52.552322 0.170447 3.257435 0.061521 1.000000
35.647026 25.654995 1.965621 0.043281 1.000000
68.493271 1.721212 1.214264 0.018095 1.000000
9.190741 -5.467776 0.604303 0.059169 1.000000
66.959084 -11.093844 2.833453 0.042227 1.000000
8.574124 -7.349081 1.596726 0.140052 1.000000
6.772190 -4.090506 -2.373091 -0.299189 1.000000
13.402640 -4.905681 -0.328727 -0.023385 1.000000
35.129692 23.813671 2.944633 0.069272 1.000000
8.907387 -4.957103 0.857739 0.086037 1.000000
64.871208 -3.323065 -1.635290 -0.026327 1.000000
35.072525 25.205606 2.699957 0.057242 1.000000
36.348949 15.251225 7.647045 0.193360 1.000000
94.437141 62.167839 -9.899299 -0.092088 1.000000
68.914398 21.418941 1.201970 0.017005 1.000000
35.723721 25.704582 1.923177 0.044226 1.000000
96.270073 67.737823 15.319882 0.128523 1.000000
33.106441 22.081823 0.283691 0.007129 1.000000
71.176437 -5.694158 0.678342 0.011171 1.000000
23.300335 -4.743084 -2.413784 -0.113466 1.000000
35.156265 23.989008 2.716195 0.058539 1.000000
9.287471 -5.011086 0.907215 0.063522 1.000000
114.604584 -15.174191 2.125669 0.018385 1.000000
36.348949 15.251225 7.647045 0.193360 1.000000
5.794781 3.387650 1.583220 0.252656 1.000000
68.229179 31.550407 -1.861659 -0.031630 1.000000
96.878906 -12.440613 0.569885 0.005011 1.000000
32.653938 21.660089 0.721984 0.017526 1.000000
23.647470 6.477468 2.016187 0.082587 1.000000
35.128654 24.058155 2.806357 0.064650 1.000000
74.273300 -8.764638 -8.191877 -0.114855 1.000000
40.477974 18.243822 1.980318 0.031727 1.000000
93.521057 -7.540314 1.193071 0.011837 1.000000
10.261965 -5.099616 0.816451 0.071128 1.000000
8.270180 -4.284849 -0.222028 -0.023833 1.000000
107.713318 -9.040520 4.318730 0.040289 1.000000
34.513653 22.683640 2.155599 0.052805 1.000000
45.095188 -5.410836 -4.153730 -0.091201 1.000000
71.465584 33.527561 -2.042462 -0.032732 1.000000
22.606129 13.092884 -0.038035 -0.007746 1.000000
39.585686 9.845654 1.523111 0.030359 1.000000
12.113090 -4.805056 -1.589175 -0.133785 1.000000
33.964153 23.560259 1.809995 0.042373 1.000000
55.158115 35.497200 0.349406 0.005567 1.000000
5.160264 -3.361128 2.538057 0.419047 1.000000
35.129692 23.813671 2.944633 0.069272 1.000000
99.057297 65.576790 -11.117906 -0.093388 1.000000
54.275352 -12.500296 3.050309 0.054684 1.000000
51.370159 -1.791852 1.951518 0.032175 1.000000
92.915115 -8.026155 2.980796 0.025443 1.000000
3.114261 -3.877519 -0.415014 -0.084931 1.000000
27.822077 -6.311974 2.511300 0.079297 1.000000
53.468029 -12.611366 -11.016140 -0.209270 1.000000
46.058933 -1.167805 0.304856 0.005773 1.000000
33.863224 23.681534 1.891336 0.046346 1.000000
92.033485 66.800980 9.914846 0.081215 1.000000
23.671898 -6.081874 -4.312113 -0.178766 1.000000
34.570843 23.377581 2.209401 0.053545 1.000000
3.886333 -4.743165 -0.056292 -0.007298 1.000000
5.735940 -5.105790 0.275746 0.035893 1.000000
42.997547 -6.502527 -2.975868 -0.068326 1.000000
5.794781 3.387650 1.583220 0.252656 1.000000
94.690384 61.273113 10.567159 0.087993 1.000000
55.244144 -10.164386 -1.976904 -0.041452 1.000000
76.977684 -8.054418 -1.632295 -0.022102 1.000000
9.500811 -5.817434 0.314350 0.030601 1.000000
32.695309 22.153156 0.793748 0.014282 1.000000
60.043938 -13.775448 -2.794458 -0.046274 1.000000
40.564709 18.033426 1.671126 0.031182 1.000000
71.810165 17.732523 3.637842 0.049594 1.000000
7.332068 3.282697 -0.057755 -0.007189 1.000000
91.205093 -7.596084 3.834046 0.035299 1.000000
114.604584 -15.174191 2.125669 0.018385 1.000000
50.644550 23.095928 -6.132710 -0.120314 1.000000
56.153145 15.402582 -0.386548 -0.013435 1.000000
96.739487 -13.014284 0.135581 -0.004817 1.000000
109.627235 -10.510644 -23.628407 -0.208998 1.000000
51.392551 -1.837273 1.645409 0.032538 1.000000
17.669651 -5.546986 0.325672 0.009477 1.000000
54.327042 20.750757 -3.335532 -0.056902 1.000000
78.471039 21.282957 1.574266 0.019862 1.000000
6.027800 -5.730690 0.129869 0.015613 1.000000
4.441831 3.488822 -1.663537 -0.296745 1.000000
8.270180 -4.284849 -0.222028 -0.023833 1.000000
107.986572 -9.567271 4.046072 0.036535 1.000000
8.907387 -4.957103 0.857739 0.086037 1.000000
36.310551 -10.022651 -3.343595 -0.096148 1.000000
6.772190 -4.090506 -2.373091 -0.299189 1.000000
11.769828 -8.184360 -2.110983 -0.146203 1.000000
10.261965 -5.099616 0.816451 0.071128 1.000000
2.015128 -3.713826 -0.253436 -0.068398 1.000000
13.948998 -4.903310 -1.147065 -0.074429 1.000000
55.244144 -10.164386 -1.976904 -0.041452 1.000000
110.307281 -10.348614 8.999948 0.074429 1.000000
35.438217 19.929932 1.636411 0.027925 1.000000
36.348949 15.251225 7.647045 0.193360 1.000000
13.544012 -4.934659 -0.111583 -0.013301 1.000000
9.467345 -4.031522 1.442263 0.145408 1.000000
8.574124 -7.349081 1.596726 0.140052 1.000000
45.193798 -3.310587 1.173068 0.018870 1.000000
92.913902 -7.705861 0.736861 0.007903 1.000000
8.727468 -4.175094 1.615783 0.174390 1.000000
94.723389 65.890518 10.350724 0.087750 1.000000
45.574608 -2.916904 0.555306 0.013628 1.000000
35.816280 23.325413 2.678142 0.062576 1.000000
37.106190 15.888375 2.408821 0.059606 1.000000
11.699337 -4.757876 2.230352 0.180845 1.000000
10.082209 -4.568644 -2.295560 -0.198481 1.000000
46.123901 -5.759528 -3.983418 -0.087179 1.000000
101.661430 -12.939478 3.891033 0.031473 1.000000
97.141182 67.236633 -11.269457 -0.095103 1.000000
98.935905 66.173935 -9.492616 -0.079989 1.000000
45.992634 -5.856812 -4.288495 -0.092234 1.000000
53.242790 1.799567 2.674813 0.049594 1.000000
6.027800 -5.730690 0.129869 0.015613 1.000000
54.171169 -12.940405 2.333375 0.043778 1.000000
71.527458 46.130077 -16.980934 -0.196926 1.000000
7.329925 3.244723 -0.017869 -0.003704 1.000000
34.063656 24.764814 2.047221 0.047195 1.000000
98.070251 65.416275 -11.208542 -0.094872 1.000000
71.810165 17.732523 3.637842 0.049594 1.000000
18.871841 -6.016561 -2.136597 -0.119412 1.000000
115.256226 -14.956281 1.697982 0.014609 1.000000
34.570843 23.377581 2.209401 0.053545 1.000000
33.483414 23.112299 1.241813 0.029499 1.000000
47.883610 2.593274 1.021913 0.021811 1.000000
26.520658 -9.692850 3.272879 0.117158 1.000000
51.330704 -1.939901 1.889359 0.036765 1.000000
107.368217 -6.153162 1.257694 0.010735 1.000000
72.863991 -6.614302 -2.476547 -0.034972 1.000000
38.656311 21.532536 3.875260 0.080729 1.000000
54.171169 -12.940405 2.333375 0.043778 1.000000
68.851120 21.980988 1.582103 0.015710 1.000000
64.891479 -3.300847 -0.919382 -0.014149 1.000000
107.713318 -9.040520 4.318730 0.040289 1.000000
35.202263 20.764307 2.679500 0.064505 1.000000
39.538277 9.889874 0.916306 0.022792 1.000000
34.695599 20.329269 2.662109 0.065099 1.000000
63.094410 -8.403294 -0.701691 -0.024632 1.000000
109.680992 21.528175 5.643203 0.049182 1.000000
35.128654 24.058155 2.806357 0.064650 1.000000
33.724609 24.277454 2.124853 0.039623 1.000000
107.642929 -9.314700 3.556412 0.033241 1.000000
10.718177 -5.242659 0.443968 0.038133 1.000000
5.081551 -4.715111 1.537148 0.184501 1.000000
54.947414 0.090460 4.201924 0.076043 1.000000
54.874584 -9.984488 1.253686 0.015722 1.000000
37.085732 18.474564 2.102645 0.049594 1.000000
8.436754 -4.256094 -0.278268 -0.037346 1.000000
48.711510 -1.386263 0.719030 0.014754 1.000000
35.647026 25.654995 1.965621 0.043281 1.000000
99.057297 65.576790 -11.117906 -0.093388 1.000000
17.532063 -5.420930 -2.922299 -0.168040 1.000000
45.932320 -11.744512 3.373127 0.056042 1.000000
34.762848 -10.307668 1.137969 0.032114 1.000000
35.129692 23.813671 2.944633 0.069272 1.000000
109.680992 21.528175 5.643203 0.049182 1.000000
75.172035 -7.658599 -16.220072 -0.208911 1.000000
10.718177 -5.242659 0.443968 0.038133 1.000000
9.034438 -4.962626 -1.828026 -0.182273 1.000000
31.345335 1.825973 -3.048284 -0.105905 1.000000
5.314971 -4.950493 -1.231485 -0.174390 1.000000
54.275352 -12.500296 3.050309 0.054684 1.000000
97.141182 67.236633 -11.269457 -0.095103 1.000000
51.937164 26.235798 -2.025503 -0.034706 1.000000
35.156265 23.989008 2.716195 0.058539 1.000000
64.916687 -3.296456 -1.643678 -0.025092 1.000000
50.644550 23.095928 -6.132710 -0.120314 1.000000
8.727468 -4.175094 1.615783 0.174390 1.000000
39.553982 -0.426904 0.462260 0.010941 1.000000
52.020546 25.942352 -2.248884 -0.040786 1.000000
35.156265 23.989008 2.716195 0.058539 1.000000
55.158115 35.497200 0.349406 0.005567 1.000000
75.172035 -7.658599 -16.220072 -0.208911 1.000000
35.156265 23.989008 2.716195 0.058539 1.000000
51.392551 -1.837273 1.645409 0.032538 1.000000
47.827343 -12.106948 2.658416 0.054551 1.000000
47.370529 -1.478245 1.769136 0.038545 1.000000
107.713318 -9.040520 4.318730 0.040289 1.000000
33.863224 23.681534 1.891336 0.046346 1.000000
26.000483 -9.695168 3.325130 0.117328 1.000000
71.465584 33.527561 -2.042462 -0.032732 1.000000
52.147884 0.029436 -3.187302 -0.061061 1.000000
65.533211 38.547028 1.446262 0.018543 1.000000
35.438217 19.929932 1.636411 0.027925 1.000000
9.236768 -5.007845 0.196988 0.015880 1.000000
35.187542 24.842808 2.882294 0.067525 1.000000
39.538277 9.889874 0.916306 0.022792 1.000000
9.666251 -4.061156 -0.482696 -0.054296 1.000000
24.475548 18.480837 0.626322 0.014802 1.000000
55.158115 35.497200 0.349406 0.005567 1.000000
32.653938 21.660089 0.721984 0.017526 1.000000
44.656380 -0.327645 1.801694 0.033156 1.000000
87.671219 -10.984673 0.048988 -0.005809 1.000000
61.165680 -8.361646 -13.098244 -0.206314 1.000000
95.467728 71.375168 10.045509 0.078313 1.000000
23.647470 6.477468 2.016187 0.082587 1.000000
25.858156 21.118162 0.664232 0.014306 1.000000
36.348949 15.251225 7.647045 0.193360 1.000000
94.353760 -7.284467 -1.808932 -0.025637 1.000000
8.601883 -7.336678 0.892275 0.081628 1.000000
10.795345 -7.805540 -2.014580 -0.159612 1.000000
46.215790 -5.916952 -3.920790 -0.084117 1.000000
7.090840 3.149982 -2.391642 -0.308283 1.000000
8.179573 -4.227977 -0.482377 -0.049594 1.000000
114.138336 -15.263360 2.156896 0.017950 1.000000
22.606129 13.092884 -0.038035 -0.007746 1.000000
109.810417 20.821568 5.968608 0.053702 1.000000
40.431858 -10.853594 -7.439561 -0.176688 1.000000
27.822077 -6.311974 2.511300 0.079297 1.000000
26.113722 21.559820 0.332697 0.008085 1.000000
23.877075 18.866526 -0.139615 -0.004212 1.000000
44.656380 -0.327645 1.801694 0.033156 1.000000
30.193800 -9.703292 4.508542 0.141213 1.000000
7.329925 3.244723 -0.017869 -0.003704 1.000000
76.977684 -8.054418 -1.632295 -0.022102 1.000000
66.968414 -10.936967 2.838191 0.041404 1.000000
37.085732 18.474564 2.102645 0.049594 1.000000
61.796268 23.519913 0.945996 0.014306 1.000000
24.424765 18.978537 0.308671 0.010469 1.000000
8.519897 -7.295996 0.978558 0.091711 1.000000
34.063656 24.764814 2.047221 0.047195 1.000000
41.069637 16.887918 -8.009203 -0.188183 1.000000
8.574124 -7.349081 1.596726 0.140052 1.000000
5.421303 -4.880387 -1.441606 -0.188405 1.000000
23.757910 6.597642 1.951027 0.079418 1.000000
95.030014 65.578415 10.193972 0.088394 1.000000
97.141182 67.236633 -11.269457 -0.095103 1.000000
66.198753 -9.373791 3.282178 0.049594 1.000000
107.642929 -9.314700 3.556412 0.033241 1.000000
46.058933 -1.167805 0.304856 0.005773 1.000000
35.000889 24.463421 2.489119 0.058224 1.000000
91.409157 -7.473068 1.092724 0.011038 1.000000
27.776875 -6.440792 2.613022 0.074429 1.000000
8.744579 -5.679190 -1.452043 -0.133614 1.000000
107.277649 -5.989681 4.107033 0.038206 1.000000
7.658273 -4.455437 -0.092784 -0.015299 1.000000
36.718464 24.183922 2.677562 0.061497 1.000000
18.871841 -6.016561 -2.136597 -0.119412 1.000000
32.839840 22.447924 -0.211244 -0.007213 1.000000
39.538277 9.889874 0.916306 0.022792 1.000000
95.004616 61.541729 8.694256 0.076978 1.000000
34.904144 24.421917 2.550964 0.058563 1.000000
35.816280 23.325413 2.678142 0.062576 1.000000
23.757910 6.597642 1.951027 0.079418 1.000000
4.089489 -4.026963 1.280532 0.181780 1.000000
96.353012 68.588959 12.240814 0.103483 1.000000
107.793343 -9.279965 4.231403 0.039090 1.000000
63.094410 -8.403294 -0.701691 -0.024632 1.000000
9.438849 -4.250856 1.010973 0.097352 1.000000
92.954628 -7.829237 0.419243 0.004769 1.000000
3.823565 -4.917255 -0.527178 -0.084433 1.000000
8.907387 -4.957103 0.857739 0.086037 1.000000
7.970930 -4.212984 -0.305723 -0.040992 1.000000
10.086574 -7.725010 -2.319437 -0.182900 1.000000
63.094410 -8.403294 -0.701691 -0.024632 1.000000
72.863991 -6.614302 -2.476547 -0.034972 1.000000
61.796268 23.519913 0.945996 0.014306 1.000000
7.593191 -4.162018 -2.361332 -0.267083 1.000000
52.028015 25.936327 -1.882397 -0.032369 1.000000
46.510563 -3.282674 -6.210454 -0.132417 1.000000
9.438849 -4.250856 1.010973 0.097352 1.000000
44.592323 -0.483163 0.698493 0.015662 1.000000
34.904144 24.421917 2.550964 0.058563 1.000000
66.198753 -9.373791 3.282178 0.049594 1.000000
114.615387 -15.203295 1.477321 0.014693 1.000000
44.602486 -0.564265 0.563047 0.011837 1.000000
48.699631 -1.480888 1.174378 0.025419 1.000000
13.544012 -4.934659 -0.111583 -0.013301 1.000000
66.198753 -9.373791 3.282178 0.049594 1.000000
8.765684 -5.647479 0.814488 0.081239 1.000000
34.513653 22.683640 2.155599 0.052805 1.000000
34.762848 -10.307668 1.137969 0.032114 1.000000
109.627235 -10.510644 -23.628407 -0.208998 1.000000
74.273300 -8.764638 -8.191877 -0.114855 1.000000
93.494896 -7.585616 1.727758 0.012236 1.000000
24.371677 4.376046 -1.852110 -0.087069 1.000000
53.936066 -0.782108 0.280923 -0.008654 1.000000
48.699631 -1.480888 1.174378 0.025419 1.000000
96.343422 17.368273 2.753450 0.028119 1.000000
96.343422 17.368273 2.753450 0.028119 1.000000
114.183762 -15.454064 2.821662 0.024789 1.000000
110.307281 -10.348614 8.999948 0.074429 1.000000
96.786438 -12.287750 0.942322 0.009658 1.000000
31.345335 1.825973 -3.048284 -0.105905 1.000000
114.615387 -15.203295 1.477321 0.014693 1.000000
22.566315 13.140348 0.064358 -0.009973 1.000000
66.212372 -9.092031 2.901759 0.043390 1.000000
24.475548 18.480837 0.626322 0.014802 1.000000
40.557632 18.381985 0.878386 0.019451 1.000000
101.624931 -12.287777 0.931218 0.008266 1.000000
34.570843 23.377581 2.209401 0.053545 1.000000
32.618343 22.432652 0.269321 0.005918 1.000000
9.361101 -4.933008 -1.527449 -0.145787 1.000000
91.127861 -7.360101 2.344753 0.027320 1.000000
107.793343 -9.279965 4.231403 0.039090 1.000000
9.314927 -5.532714 0.719620 0.066324 1.000000
9.438849 -4.250856 1.010973 0.097352 1.000000
25.390535 18.240360 0.332931 0.004744 1.000000
45.095188 -5.410836 -4.153730 -0.091201 1.000000
44.617561 -5.068398 -4.249187 -0.102315 1.000000
9.384133 -4.174400 1.319387 0.102412 1.000000
6.027800 -5.730690 0.129869 0.015613 1.000000
101.327805 -12.591936 1.984984 0.013350 1.000000
55.103588 -10.624155 -2.983840 -0.053120 1.000000
34.513653 22.683640 2.155599 0.052805 1.000000
35.187542 24.842808 2.882294 0.067525 1.000000
61.165680 -8.361646 -13.098244 -0.206314 1.000000
46.215790 -5.916952 -3.920790 -0.084117 1.000000
91.205093 -7.596084 3.834046 0.035299 1.000000
47.609142 2.173647 -8.067644 -0.179012 1.000000
8.601883 -7.336678 0.892275 0.081628 1.000000
51.151173 -5.185021 4.857351 0.094373 1.000000
51.330704 -1.939901 1.889359 0.036765 1.000000
21.685425 -8.978176 0.598712 0.025504 1.000000
10.860849 -5.350388 0.333586 0.024789 1.000000
9.089087 -4.718244 -0.048848 -0.003110 1.000000
3.845021 -4.869467 -0.699163 -0.116865 1.000000
38.656311 21.532536 3.875260 0.080729 1.000000
50.644550 23.095928 -6.132710 -0.120314 1.000000
92.483208 65.918022 10.234878 0.079564 1.000000
34.362919 23.277836 3.034622 0.066724 1.000000
35.816280 23.325413 2.678142 0.062576 1.000000
34.762848 -10.307668 1.137969 0.032114 1.000000
2.015128 -3.713826 -0.253436 -0.068398 1.000000
101.624931 -12.287777 0.931218 0.008266 1.000000
52.110172 -0.046061 -3.177324 -0.062528 1.000000
59.695499 -4.480908 -1.484274 -0.024789 1.000000
9.438849 -4.250856 1.010973 0.097352 1.000000
47.605190 1.593961 -8.601621 -0.189850 1.000000
45.136051 -3.134137 0.398377 0.008085 1.000000
106.865013 -5.864234 -1.344650 -0.012563 1.000000
53.936066 -0.782108 0.280923 -0.008654 1.000000
115.256226 -14.956281 1.697982 0.014609 1.000000
37.140331 16.027979 2.390078 0.059800 1.000000
96.270073 67.737823 15.319882 0.128523 1.000000
46.543285 1.210905 -3.359215 -0.070339 1.000000
8.302030 -7.908158 1.781184 0.131978 1.000000
41.917702 17.673754 2.303975 0.037552 1.000000
47.605190 1.593961 -8.601621 -0.189850 1.000000
41.917702 17.673754 2.303975 0.037552 1.000000
21.729078 -8.623860 0.574623 0.020225 1.000000
51.370159 -1.791852 1.951518 0.032175 1.000000
71.416916 -6.521013 -14.435323 -0.203817 1.000000
34.695599 20.329269 2.662109 0.065099 1.000000
93.949203 62.929211 8.861176 0.078204 1.000000
35.115887 23.983351 2.416810 0.057436 1.000000
10.852609 -5.358694 0.255141 0.022828 1.000000
21.685425 -8.978176 0.598712 0.025504 1.000000
101.661430 -12.939478 3.891033 0.031473 1.000000
39.577717 -0.533373 0.451037 0.012648 1.000000
25.833456 13.991828 0.579963 0.013846 1.000000
32.618343 22.432652 0.269321 0.005918 1.000000
44.592323 -0.483163 0.698493 0.015662 1.000000
73.487503 46.261124 1.701011 0.013338 1.000000
8.574124 -7.349081 1.596726 0.140052 1.000000
70.908363 18.233257 -0.455105 -0.005991 1.000000
46.058933 -1.167805 0.304856 0.005773 1.000000
34.063656 24.764814 2.047221 0.047195 1.000000
8.519897 -7.295996 0.978558 0.091711 1.000000
43.038956 -6.585757 -3.129183 -0.069502 1.000000
30.074162 -7.155012 -5.420870 -0.184414 1.000000
66.959084 -11.093844 2.833453 0.042227 1.000000
93.551666 -7.345812 1.448752 0.015747 1.000000
64.801979 -9.105824 3.899504 0.054102 1.000000
95.467728 71.375168 10.045509 0.078313 1.000000
92.483208 65.918022 10.234878 0.079564 1.000000
115.313484 -14.709261 0.282344 0.001561 1.000000
8.502672 -7.334755 -1.302770 -0.115500 1.000000
33.352974 24.170046 1.863890 0.033846 1.000000
52.418110 0.009576 -5.720475 -0.114355 1.000000
98.713493 61.875401 12.893295 0.099310 1.000000
35.000889 24.463421 2.489119 0.058224 1.000000
17.669651 -5.546986 0.325672 0.009477 1.000000
107.277649 -5.989681 4.107033 0.038206 1.000000
4.089489 -4.026963 1.280532 0.181780 1.000000
61.796268 23.519913 0.945996 0.014306 1.000000
97.402115 68.598923 -12.868045 -0.114538 1.000000
27.695734 -6.211134 2.430432 0.086438 1.000000
44.602486 -0.564265 0.563047 0.011837 1.000000
48.751270 -1.453338 0.619639 0.013156 1.000000
61.165680 -8.361646 -13.098244 -0.206314 1.000000
8.519171 -7.412348 1.549304 0.136032 1.000000
6.772190 -4.090506 -2.373091 -0.299189 1.000000
23.266958 6.273368 2.413787 0.099833 1.000000
8.038899 -4.191941 -0.346223 -0.038170 1.000000
33.724609 24.277454 2.124853 0.039623 1.000000
27.822077 -6.311974 2.511300 0.079297 1.000000
41.002831 17.412979 0.829328 0.012345 1.000000
110.307281 -10.348614 8.999948 0.074429 1.000000
46.543285 1.210905 -3.359215 -0.070339 1.000000
45.669136 -2.910819 1.805968 0.024789 1.000000
95.251778 60.939617 8.861176 0.078204 1.000000
92.913902 -7.705861 0.736861 0.007903 1.000000
37.107811 18.236383 3.019166 0.066118 1.000000
52.028015 25.936327 -1.882397 -0.032369 1.000000
33.964153 23.560259 1.809995 0.042373 1.000000
66.851921 -11.046730 3.823514 0.056369 1.000000
68.493271 1.721212 1.214264 0.018095 1.000000
52.110172 -0.046061 -3.177324 -0.062528 1.000000
10.261965 -5.099616 0.816451 0.071128 1.000000
55.126381 -10.267877 -2.907829 -0.049594 1.000000
34.762848 -10.307668 1.137969 0.032114 1.000000
78.471039 21.282957 1.574266 0.019862 1.000000
33.787182 16.919989 2.092676 0.054357 1.000000
46.861675 -3.108547 -4.523877 -0.108595 1.000000
5.511157 -3.977177 0.987016 0.155984 1.000000
36.718464 24.183922 2.677562 0.061497 1.000000
9.827981 -4.408398 -0.503277 -0.047885 1.000000
30.074162 -7.155012 -5.420870 -0.184414 1.000000
42.997547 -6.502527 -2.975868 -0.068326 1.000000
9.467345 -4.031522 1.442263 0.145408 1.000000
5.421303 -4.880387 -1.441606 -0.188405 1.000000
34.961006 25.349056 2.629576 0.059545 1.000000
34.727570 -10.435681 1.125481 0.031206 1.000000
35.816280 23.325413 2.678142 0.062576 1.000000
35.364326 25.389170 2.326863 0.054017 1.000000
63.094410 -8.403294 -0.701691 -0.024632 1.000000
47.883610 2.593274 1.021913 0.021811 1.000000
25.709499 6.522896 -3.569508 -0.133772 1.000000
71.016403 18.202477 -0.369118 -0.005035 1.000000
7.090840 3.149982 -2.391642 -0.308283 1.000000
8.744579 -5.679190 -1.452043 -0.133614 1.000000
114.183762 -15.454064 2.821662 0.024789 1.000000
9.438849 -4.250856 1.010973 0.097352 1.000000
49.558033 26.209881 5.175217 0.091018 1.000000
35.723721 25.704582 1.923177 0.044226 1.000000
41.161552 17.536081 2.304447 0.038388 1.000000
66.198753 -9.373791 3.282178 0.049594 1.000000
65.443886 -8.671739 -1.796618 -0.033749 1.000000
35.129692 23.813671 2.944633 0.069272 1.000000
60.805424 -13.784080 -2.600830 -0.048164 1.000000
2.753756 1.701265 1.147999 0.340821 1.000000
56.663002 -0.447845 -7.646153 -0.132051 1.000000
107.986572 -9.567271 4.046072 0.036535 1.000000
36.718464 24.183922 2.677562 0.061497 1.000000
16.553535 -5.369689 -0.115635 -0.006645 1.000000
27.776875 -6.440792 2.613022 0.074429 1.000000
45.574608 -2.916904 0.555306 0.013628 1.000000
114.615387 -15.203295 1.477321 0.014693 1.000000
33.483414 23.112299 1.241813 0.029499 1.000000
44.656380 -0.327645 1.801694 0.033156 1.000000
33.483414 23.112299 1.241813 0.029499 1.000000
21.685425 -8.978176 0.598712 0.025504 1.000000
41.564930 17.921541 1.700850 0.024741 1.000000
46.123901 -5.759528 -3.983418 -0.087179 1.000000
32.695309 22.153156 0.793748 0.014282 1.000000
44.617561 -5.068398 -4.249187 -0.102315 1.000000
95.004616 61.541729 8.694256 0.076978 1.000000
33.863224 23.681534 1.891336 0.046346 1.000000
8.574124 -7.349081 1.596726 0.140052 1.000000
101.757690 -12.954265 1.724903 0.010711 1.000000
40.564709 18.033426 1.671126 0.031182 1.000000
32.084671 9.882401 2.938993 0.088539 1.000000
23.757910 6.597642 1.951027 0.079418 1.000000
21.729078 -8.623860 0.574623 0.020225 1.000000
37.099667 -5.669426 -5.142745 -0.136838 1.000000
38.656311 21.532536 3.875260 0.080729 1.000000
41.763569 17.259687 0.275320 0.006463 1.000000
45.179729 -3.197165 0.399843 0.009283 1.000000
54.327042 20.750757 -3.335532 -0.056902 1.000000
117.199738 -13.873717 -2.807374 -0.024789 1.000000
43.443489 32.729584 -4.529406 -0.083644 1.000000
9.500811 -5.817434 0.314350 0.030601 1.000000
41.564930 17.921541 1.700850 0.024741 1.000000
101.562759 -12.929512 1.762293 0.017211 1.000000
52.552322 0.170447 3.257435 0.061521 1.000000
5.160264 -3.361128 2.538057 0.419047 1.000000
21.728270 -8.736019 0.482443 0.021194 1.000000
8.124224 -4.301476 -0.326307 -0.035990 1.000000
2.729594 -3.693800 -0.221545 -0.065669 1.000000
43.985104 5.669734 2.118481 0.033301 1.000000
9.666251 -4.061156 -0.482696 -0.054296 1.000000
22.606129 13.092884 -0.038035 -0.007746 1.000000
46.058933 -1.167805 0.304856 0.005773 1.000000
5.160264 -3.361128 2.538057 0.419047 1.000000
91.127861 -7.360101 2.344753 0.027320 1.000000
71.176437 -5.694158 0.678342 0.011171 1.000000
64.935448 -3.298474 -1.116765 -0.023784 1.000000
10.360743 -4.800913 0.460650 0.042554 1.000000
9.190741 -5.467776 0.604303 0.059169 1.000000
45.179729 -3.197165 0.399843 0.009283 1.000000
11.769828 -8.184360 -2.110983 -0.146203 1.000000
71.176437 -5.694158 0.678342 0.011171 1.000000
9.148978 -5.236136 0.342225 0.035130 1.000000
34.695599 20.329269 2.662109 0.065099 1.000000
35.364326 25.389170 2.326863 0.054017 1.000000
35.156265 23.989008 2.716195 0.058539 1.000000
3.882290 -4.960554 0.680316 0.107584 1.000000
10.860849 -5.350388 0.333586 0.024789 1.000000
7.285887 -4.101943 -0.216326 -0.025867 1.000000
36.348949 15.251225 7.647045 0.193360 1.000000
107.442802 -6.304157 0.992646 0.009489 1.000000
24.424765 18.978537 0.308671 0.010469 1.000000
109.680992 21.528175 5.643203 0.049182 1.000000
35.156265 23.989008 2.716195 0.058539 1.000000
5.794781 3.387650 1.583220 0.252656 1.000000
6.027800 -5.730690 0.129869 0.015613 1.000000
76.354691 -7.952582 -9.624175 -0.132344 1.000000
94.910446 65.220261 9.080581 0.078689 1.000000
8.179573 -4.227977 -0.482377 -0.049594 1.000000
96.146942 66.950249 8.583961 0.067246 1.000000
101.624931 -12.287777 0.931218 0.008266 1.000000
54.859974 -0.163739 -6.419548 -0.114501 1.000000
46.123901 -5.759528 -3.983418 -0.087179 1.000000
107.424744 -6.021688 1.856219 0.010978 1.000000
32.618343 22.432652 0.269321 0.005918 1.000000
71.004829 17.679653 0.183737 0.003123 1.000000
76.354691 -7.952582 -9.624175 -0.132344 1.000000
31.345335 1.825973 -3.048284 -0.105905 1.000000
95.030014 65.578415 10.193972 0.088394 1.000000
32.618343 22.432652 0.269321 0.005918 1.000000
16.723515 -5.208578 2.517114 0.147035 1.000000
94.634163 65.763290 8.881435 0.071055 1.000000
37.107811 18.236383 3.019166 0.066118 1.000000
36.833355 23.818663 3.073269 0.068871 1.000000
25.390535 18.240360 0.332931 0.004744 1.000000
21.729078 -8.623860 0.574623 0.020225 1.000000
35.364326 25.389170 2.326863 0.054017 1.000000
67.472168 32.760143 -2.694692 -0.035832 1.000000
21.728270 -8.736019 0.482443 0.021194 1.000000
73.487503 46.261124 1.701011 0.013338 1.000000
35.816280 23.325413 2.678142 0.062576 1.000000
23.266958 6.273368 2.413787 0.099833 1.000000
109.627235 -10.510644 -23.628407 -0.208998 1.000000
18.512358 -6.061453 -2.073669 -0.115854 1.000000
13.948998 -4.903310 -1.147065 -0.074429 1.000000
37.099667 -5.669426 -5.142745 -0.136838 1.000000
47.370529 -1.478245 1.769136 0.038545 1.000000
46.058933 -1.167805 0.304856 0.005773 1.000000
68.851120 21.980988 1.582103 0.015710 1.000000
51.581661 -6.313022 -4.924706 -0.107134 1.000000
35.438217 19.929932 1.636411 0.027925 1.000000
9.287471 -5.011086 0.907215 0.063522 1.000000
60.043938 -13.775448 -2.794458 -0.046274 1.000000
47.627373 2.641562 1.045644 0.021073 1.000000
107.713318 -9.040520 4.318730 0.040289 1.000000
94.398994 61.693008 9.827513 0.086219 1.000000
12.908905 -8.084209 1.214258 0.080535 1.000000
109.810417 20.821568 5.968608 0.053702 1.000000
96.696487 61.901115 10.738083 0.087822 1.000000
65.443886 -8.671739 -1.796618 -0.033749 1.000000
26.586245 14.711035 0.348554 0.012018 1.000000
30.193800 -9.703292 4.508542 0.141213 1.000000
13.402640 -4.905681 -0.328727 -0.023385 1.000000
114.604584 -15.174191 2.125669 0.018385 1.000000
33.964153 23.560259 1.809995 0.042373 1.000000
21.850239 -8.834711 1.270575 0.045716 1.000000
47.170822 7.457715 0.865935 0.011801 1.000000
56.153145 15.402582 -0.386548 -0.013435 1.000000
35.000889 24.463421 2.489119 0.058224 1.000000
52.020546 25.942352 -2.248884 -0.040786 1.000000
66.851921 -11.046730 3.823514 0.056369 1.000000
39.538277 9.889874 0.916306 0.022792 1.000000
10.852609 -5.358694 0.255141 0.022828 1.000000
31.520760 19.568541 -0.226765 -0.006112 1.000000
2.231902 -3.851486 -1.466932 -0.318333 1.000000
10.170777 -4.939904 0.693099 0.064832 1.000000
95.251778 60.939617 8.861176 0.078204 1.000000
68.611351 22.349735 0.370387 0.005398 1.000000
39.538277 9.889874 0.916306 0.022792 1.000000
110.307281 -10.348614 8.999948 0.074429 1.000000
5.653575 -4.815442 0.256403 0.034512 1.000000
96.707855 -12.641854 4.406610 0.031412 1.000000
47.827343 -12.106948 2.658416 0.054551 1.000000
8.765684 -5.647479 0.814488 0.081239 1.000000
64.801979 -9.105824 3.899504 0.054102 1.000000
43.038956 -6.585757 -3.129183 -0.069502 1.000000
41.917702 17.673754 2.303975 0.037552 1.000000
17.532063 -5.420930 -2.922299 -0.168040 1.000000
21.850239 -8.834711 1.270575 0.045716 1.000000
54.879734 -9.644558 0.020643 -0.005688 1.000000
64.935448 -3.298474 -1.116765 -0.023784 1.000000
8.270180 -4.284849 -0.222028 -0.023833 1.000000
95.030014 65.578415 10.193972 0.088394 1.000000
2.729594 -3.693800 -0.221545 -0.065669 1.000000
23.524406 16.380281 -1.112829 -0.041137 1.000000
107.642929 -9.314700 3.556412 0.033241 1.000000
8.727468 -4.175094 1.615783 0.174390 1.000000
71.176437 -5.694158 0.678342 0.011171 1.000000
35.647026 25.654995 1.965621 0.043281 1.000000
37.358101 18.079914 2.229112 0.053060 1.000000
76.209915 15.744449 0.880482 0.011607 1.000000
23.877075 18.866526 -0.139615 -0.004212 1.000000
16.723515 -5.208578 2.517114 0.147035 1.000000
13.242687 -4.934804 -0.254375 -0.018155 1.000000
24.882700 19.256796 0.927104 0.018010 1.000000
39.538277 9.889874 0.916306 0.022792 1.000000
107.793343 -9.279965 4.231403 0.039090 1.000000
11.954729 -8.230368 -1.376995 -0.106440 1.000000
39.538277 9.889874 0.916306 0.022792 1.000000
39.538277 9.889874 0.916306 0.022792 1.000000
60.020977 -13.699822 -2.360751 -0.038327 1.000000
35.202263 20.764307 2.679500 0.064505 1.000000
40.260784 -5.630831 -3.971527 -0.105515 1.000000
75.932663 -9.176975 -1.806527 -0.023615 1.000000
46.058933 -1.167805 0.304856 0.005773 1.000000
54.859974 -0.163739 -6.419548 -0.114501 1.000000
76.977684 -8.054418 -1.632295 -0.022102 1.000000
16.451923 -5.284601 -0.220277 -0.012926 1.000000
66.968414 -10.936967 2.838191 0.041404 1.000000
9.827981 -4.408398 -0.503277 -0.047885 1.000000
38.815159 -0.821830 0.491937 0.011970 1.000000
45.208382 -3.150245 0.629714 0.013895 1.000000
7.090840 3.149982 -2.391642 -0.308283 1.000000
7.123585 -4.185647 -0.055833 -0.015964 1.000000
11.699337 -4.757876 2.230352 0.180845 1.000000
54.859974 -0.163739 -6.419548 -0.114501 1.000000
34.904144 24.421917 2.550964 0.058563 1.000000
3.845021 -4.869467 -0.699163 -0.116865 1.000000
35.723721 25.704582 1.923177 0.044226 1.000000
16.701605 -5.510430 -0.118579 -0.006015 1.000000
8.436754 -4.256094 -0.278268 -0.037346 1.000000
96.878906 -12.440613 0.569885 0.005011 1.000000
36.718464 24.183922 2.677562 0.061497 1.000000
10.170777 -4.939904 0.693099 0.064832 1.000000
9.827981 -4.408398 -0.503277 -0.047885 1.000000
24.475548 18.480837 0.626322 0.014802 1.000000
51.937164 26.235798 -2.025503 -0.034706 1.000000
94.910446 65.220261 9.080581 0.078689 1.000000
33.787182 16.919989 2.092676 0.054357 1.000000
66.198753 -9.373791 3.282178 0.049594 1.000000
46.021881 -5.765289 -2.548465 -0.061061 1.000000
7.970930 -4.212984 -0.305723 -0.040992 1.000000
35.115887 23.983351 2.416810 0.057436 1.000000
48.751270 -1.453338 0.619639 0.013156 1.000000
59.998474 -14.021565 -2.968565 -0.054684 1.000000
33.352974 24.170046 1.863890 0.033846 1.000000
3.823565 -4.917255 -0.527178 -0.084433 1.000000
64.801979 -9.105824 3.899504 0.054102 1.000000
64.801979 -9.105824 3.899504 0.054102 1.000000
46.510563 -3.282674 -6.210454 -0.132417 1.000000
25.833456 13.991828 0.579963 0.013846 1.000000
53.936066 -0.782108 0.280923 -0.008654 1.000000
61.617653 24.052645 0.654652 0.010191 1.000000
42.110401 18.936651 -0.213179 -0.006354 1.000000
7.123585 -4.185647 -0.055833 -0.015964 1.000000
35.129692 23.813671 2.944633 0.069272 1.000000
58.125206 22.262020 -11.960196 -0.194483 1.000000
8.762589 -4.273523 1.624218 0.174390 1.000000
8.519171 -7.412348 1.549304 0.136032 1.000000
94.634163 65.763290 8.881435 0.071055 1.000000
64.871208 -3.323065 -1.635290 -0.026327 1.000000
107.986572 -9.567271 4.046072 0.036535 1.000000
10.852609 -5.358694 0.255141 0.022828 1.000000
10.028384 -7.886559 -1.721934 -0.144233 1.000000
93.521057 -7.540314 1.193071 0.011837 1.000000
73.487503 46.261124 1.701011 0.013338 1.000000
10.860849 -5.350388 0.333586 0.024789 1.000000
53.468029 -12.611366 -11.016140 -0.209270 1.000000
109.810417 20.821568 5.968608 0.053702 1.000000
9.747462 -5.567523 0.111969 0.006475 1.000000
39.577717 -0.533373 0.451037 0.012648 1.000000
96.878906 -12.440613 0.569885 0.005011 1.000000
39.610786 -0.413955 0.498453 0.013108 1.000000
46.307980 -5.897540 -3.871061 -0.084385 1.000000
16.451923 -5.284601 -0.220277 -0.012926 1.000000
46.307980 -5.897540 -3.871061 -0.084385 1.000000
11.548865 -5.157720 0.477246 0.038666 1.000000
3.845021 -4.869467 -0.699163 -0.116865 1.000000
6.772190 -4.090506 -2.373091 -0.299189 1.000000
68.611351 22.349735 0.370387 0.005398 1.000000
35.187542 24.842808 2.882294 0.067525 1.000000
46.861675 -3.108547 -4.523877 -0.108595 1.000000
94.437141 62.167839 -9.899299 -0.092088 1.000000
27.822077 -6.311974 2.511300 0.079297 1.000000
46.052620 -1.301362 0.744305 0.017490 1.000000
54.327042 20.750757 -3.335532 -0.056902 1.000000
107.284401 -10.072113 7.674600 0.072742 1.000000
72.299133 -6.023970 -14.241050 -0.199049 1.000000
46.076748 -1.163272 0.704606 0.009162 1.000000
3.845021 -4.869467 -0.699163 -0.116865 1.000000
8.519897 -7.295996 0.978558 0.091711 1.000000
97.141182 67.236633 -11.269457 -0.095103 1.000000
66.198753 -9.373791 3.282178 0.049594 1.000000
9.190741 -5.467776 0.604303 0.059169 1.000000
35.187542 24.842808 2.882294 0.067525 1.000000
9.384133 -4.174400 1.319387 0.102412 1.000000
65.533211 38.547028 1.446262 0.018543 1.000000
39.610786 -0.413955 0.498453 0.013108 1.000000
33.483414 23.112299 1.241813 0.029499 1.000000
76.354691 -7.952582 -9.624175 -0.132344 1.000000
107.713318 -9.040520 4.318730 0.040289 1.000000
68.851120 21.980988 1.582103 0.015710 1.000000
32.756668 23.308992 0.175027 0.004708 1.000000
9.724808 -4.947667 -0.723300 -0.079891 1.000000
9.009678 -5.052026 -1.739889 -0.166873 1.000000
9.034438 -4.962626 -1.828026 -0.182273 1.000000
67.472168 32.760143 -2.694692 -0.035832 1.000000
10.261965 -5.099616 0.816451 0.071128 1.000000
38.852077 -0.851434 0.356114 0.009670 1.000000
9.009678 -5.052026 -1.739889 -0.166873 1.000000
92.609749 65.763000 7.923707 0.069648 1.000000
7.970930 -4.212984 -0.305723 -0.040992 1.000000
52.020546 25.942352 -2.248884 -0.040786 1.000000
43.985104 5.669734 2.118481 0.033301 1.000000
23.877075 18.866526 -0.139615 -0.004212 1.000000
9.190741 -5.467776 0.604303 0.059169 1.000000
31.345335 1.825973 -3.048284 -0.105905 1.000000
45.179729 -3.197165 0.399843 0.009283 1.000000
9.519854 -4.181376 0.905016 0.091966 1.000000
53.936066 -0.782108 0.280923 -0.008654 1.000000
41.069637 16.887918 -8.009203 -0.188183 1.000000
5.653575 -4.815442 0.256403 0.034512 1.000000
35.364326 25.389170 2.326863 0.054017 1.000000
26.113722 21.559820 0.332697 0.008085 1.000000
109.627235 -10.510644 -23.628407 -0.208998 1.000000
39.538277 9.889874 0.916306 0.022792 1.000000
38.656311 21.532536 3.875260 0.080729 1.000000
9.009678 -5.052026 -1.739889 -0.166873 1.000000
52.418110 0.009576 -5.720475 -0.114355 1.000000
8.727468 -4.175094 1.615783 0.174390 1.000000
95.467728 71.375168 10.045509 0.078313 1.000000
44.592323 -0.483163 0.698493 0.015662 1.000000
2.753756 1.701265 1.147999 0.340821 1.000000
24.371677 4.376046 -1.852110 -0.087069 1.000000
107.277649 -5.989681 4.107033 0.038206 1.000000
5.314971 -4.950493 -1.231485 -0.174390 1.000000
92.915115 -8.026155 2.980796 0.025443 1.000000
41.564930 17.921541 1.700850 0.024741 1.000000
43.443489 32.729584 -4.529406 -0.083644 1.000000
26.586245 14.711035 0.348554 0.012018 1.000000
37.107811 18.236383 3.019166 0.066118 1.000000
41.161552 17.536081 2.304447 0.038388 1.000000
23.757910 6.597642 1.951027 0.079418 1.000000
5.735940 -5.105790 0.275746 0.035893 1.000000
55.244144 -10.164386 -1.976904 -0.041452 1.000000
18.871841 -6.016561 -2.136597 -0.119412 1.000000
44.577835 -0.481261 0.950971 0.022562 1.000000
61.165680 -8.361646 -13.098244 -0.206314 1.000000
61.796268 23.519913 0.945996 0.014306 1.000000
40.087238 -5.796308 -4.279963 -0.107280 1.000000
8.519171 -7.412348 1.549304 0.136032 1.000000
16.723515 -5.208578 2.517114 0.147035 1.000000
39.553982 -0.426904 0.462260 0.010941 1.000000
91.127861 -7.360101 2.344753 0.027320 1.000000
46.058933 -1.167805 0.304856 0.005773 1.000000
48.711510 -1.386263 0.719030 0.014754 1.000000
107.793343 -9.279965 4.231403 0.039090 1.000000
96.353012 68.588959 12.240814 0.103483 1.000000
11.769828 -8.184360 -2.110983 -0.146203 1.000000
27.695734 -6.211134 2.430432 0.086438 1.000000
45.193798 -3.310587 1.173068 0.018870 1.000000
7.970930 -4.212984 -0.305723 -0.040992 1.000000
76.977684 -8.054418 -1.632295 -0.022102 1.000000
34.531544 22.838734 1.984277 0.046577 1.000000
24.424765 18.978537 0.308671 0.010469 1.000000
101.327805 -12.591936 1.984984 0.013350 1.000000
47.827343 -12.106948 2.658416 0.054551 1.000000
97.402115 68.598923 -12.868045 -0.114538 1.000000
78.287651 -9.133235 -1.493562 -0.019923 1.000000
33.106441 22.081823 0.283691 0.007129 1.000000
46.021881 -5.765289 -2.548465 -0.061061 1.000000
56.663002 -0.447845 -7.646153 -0.132051 1.000000
76.547218 -7.938850 -1.914592 -0.031424 1.000000
55.244144 -10.164386 -1.976904 -0.041452 1.000000
23.671898 -6.081874 -4.312113 -0.178766 1.000000
95.822342 -11.396564 4.607253 0.033943 1.000000
8.643935 3.089980 1.414767 0.161206 1.000000
36.867744 15.182959 -1.128346 -0.030250 1.000000
43.443489 32.729584 -4.529406 -0.083644 1.000000
114.183762 -15.454064 2.821662 0.024789 1.000000
93.521057 -7.540314 1.193071 0.011837 1.000000
7.970930 -4.212984 -0.305723 -0.040992 1.000000
38.243187 17.644426 2.133210 0.044008 1.000000
37.085732 18.474564 2.102645 0.049594 1.000000
18.372587 -5.630836 -2.314813 -0.116487 1.000000
76.354691 -7.952582 -9.624175 -0.132344 1.000000
8.124224 -4.301476 -0.326307 -0.035990 1.000000
114.138336 -15.263360 2.156896 0.017950 1.000000
38.852077 -0.851434 0.356114 0.009670 1.000000
60.063583 -13.744614 -2.967656 -0.054684 1.000000
39.585686 9.845654 1.523111 0.030359 1.000000
55.126381 -10.267877 -2.907829 -0.049594 1.000000
23.300335 -4.743084 -2.413784 -0.113466 1.000000
35.202263 20.764307 2.679500 0.064505 1.000000
114.138336 -15.263360 2.156896 0.017950 1.000000
94.594673 -10.309515 4.383595 0.032272 1.000000
27.776875 -6.440792 2.613022 0.074429 1.000000
44.656380 -0.327645 1.801694 0.033156 1.000000
41.564930 17.921541 1.700850 0.024741 1.000000
114.138336 -15.263360 2.156896 0.017950 1.000000
96.739487 -13.014284 0.135581 -0.004817 1.000000
53.331898 -3.474548 2.414669 0.030686 1.000000
55.244144 -10.164386 -1.976904 -0.041452 1.000000
97.402115 68.598923 -12.868045 -0.114538 1.000000
41.564930 17.921541 1.700850 0.024741 1.000000
25.390535 18.240360 0.332931 0.004744 1.000000
35.816280 23.325413 2.678142 0.062576 1.000000
35.364326 25.389170 2.326863 0.054017 1.000000
96.707855 -12.641854 4.406610 0.031412 1.000000
114.138336 -15.263360 2.156896 0.017950 1.000000
78.471039 21.282957 1.574266 0.019862 1.000000
76.547218 -7.938850 -1.914592 -0.031424 1.000000
98.001358 65.425453 -11.713047 -0.101500 1.000000
107.442802 -6.304157 0.992646 0.009489 1.000000
18.794004 -5.970321 -2.549258 -0.139270 1.000000
92.877434 -8.153698 1.350216 0.016219 1.000000
24.371677 4.376046 -1.852110 -0.087069 1.000000
3.886333 -4.743165 -0.056292 -0.007298 1.000000
94.723389 65.890518 10.350724 0.087750 1.000000
39.585686 9.845654 1.523111 0.030359 1.000000
98.001358 65.425453 -11.713047 -0.101500 1.000000
10.860849 -5.350388 0.333586 0.024789 1.000000
76.486824 16.326914 1.002605 0.011425 1.000000
71.810165 17.732523 3.637842 0.049594 1.000000
39.538277 9.889874 0.916306 0.022792 1.000000
3.886333 -4.743165 -0.056292 -0.007298 1.000000
98.070251 65.416275 -11.208542 -0.094872 1.000000
9.009678 -5.052026 -1.739889 -0.166873 1.000000
24.371677 4.376046 -1.852110 -0.087069 1.000000
51.151173 -5.185021 4.857351 0.094373 1.000000
45.669136 -2.910819 1.805968 0.024789 1.000000
40.564709 18.033426 1.671126 0.031182 1.000000
95.467728 71.375168 10.045509 0.078313 1.000000
46.052620 -1.301362 0.744305 0.017490 1.000000
13.544012 -4.934659 -0.111583 -0.013301 1.000000
34.570843 23.377581 2.209401 0.053545 1.000000
47.609142 2.173647 -8.067644 -0.179012 1.000000
37.140331 16.027979 2.390078 0.059800 1.000000
41.161552 17.536081 2.304447 0.038388 1.000000
94.437141 62.167839 -9.899299 -0.092088 1.000000
96.739487 -13.014284 0.135581 -0.004817 1.000000
38.815159 -0.821830 0.491937 0.011970 1.000000
47.827343 -12.106948 2.658416 0.054551 1.000000
22.566315 13.140348 0.064358 -0.009973 1.000000
18.794004 -5.970321 -2.549258 -0.139270 1.000000
11.954729 -8.230368 -1.376995 -0.106440 1.000000
46.510563 -3.282674 -6.210454 -0.132417 1.000000
114.183762 -15.454064 2.821662 0.024789 1.000000
2.015128 -3.713826 -0.253436 -0.068398 1.000000
5.805826 3.376689 1.603212 0.245600 1.000000
3.845021 -4.869467 -0.699163 -0.116865 1.000000
44.618790 -0.432732 0.608546 0.014125 1.000000
37.085732 18.474564 2.102645 0.049594 1.000000
47.883610 2.593274 1.021913 0.021811 1.000000
76.209915 15.744449 0.880482 0.011607 1.000000
94.398994 61.693008 9.827513 0.086219 1.000000
30.977699 2.225320 1.366194 0.044905 1.000000
54.275352 -12.500296 3.050309 0.054684 1.000000
114.138336 -15.263360 2.156896 0.017950 1.000000
30.977699 2.225320 1.366194 0.044905 1.000000
10.854584 -4.485968 2.184766 0.192361 1.000000
44.592323 -0.483163 0.698493 0.015662 1.000000
96.786438 -12.287750 0.942322 0.009658 1.000000
46.861675 -3.108547 -4.523877 -0.108595 1.000000
7.970930 -4.212984 -0.305723 -0.040992 1.000000
68.493271 1.721212 1.214264 0.018095 1.000000
10.109741 -5.085203 0.945135 0.083219 1.000000
5.160264 -3.361128 2.538057 0.419047 1.000000
94.437141 62.167839 -9.899299 -0.092088 1.000000
34.904144 24.421917 2.550964 0.058563 1.000000
71.004829 17.679653 0.183737 0.003123 1.000000
47.627373 2.641562 1.045644 0.021073 1.000000
53.331898 -3.474548 2.414669 0.030686 1.000000
27.695734 -6.211134 2.430432 0.086438 1.000000
12.113090 -4.805056 -1.589175 -0.133785 1.000000
11.699337 -4.757876 2.230352 0.180845 1.000000
13.826336 -4.517391 -1.770055 -0.121095 1.000000
44.618790 -0.432732 0.608546 0.014125 1.000000
10.109741 -5.085203 0.945135 0.083219 1.000000
36.833355 23.818663 3.073269 0.068871 1.000000
68.229179 31.550407 -1.861659 -0.031630 1.000000
35.364326 25.389170 2.326863 0.054017 1.000000
41.917702 17.673754 2.303975 0.037552 1.000000
101.661430 -12.939478 3.891033 0.031473 1.000000
34.626686 20.793695 2.676979 0.061012 1.000000
56.663002 -0.447845 -7.646153 -0.132051 1.000000
96.739487 -13.014284 0.135581 -0.004817 1.000000
7.332068 3.282697 -0.057755 -0.007189 1.000000
51.392551 -1.837273 1.645409 0.032538 1.000000
10.028384 -7.886559 -1.721934 -0.144233 1.000000
3.882290 -4.960554 0.680316 0.107584 1.000000
93.474205 -7.477271 1.943401 0.020722 1.000000
17.669651 -5.546986 0.325672 0.009477 1.000000
8.436754 -4.256094 -0.278268 -0.037346 1.000000
8.519171 -7.412348 1.549304 0.136032 1.000000
25.858156 21.118162 0.664232 0.014306 1.000000
107.284401 -10.072113 7.674600 0.072742 1.000000
68.229179 31.550407 -1.861659 -0.031630 1.000000
17.532063 -5.420930 -2.922299 -0.168040 1.000000
35.365879 24.690666 2.852294 0.060879 1.000000
32.756668 23.308992 0.175027 0.004708 1.000000
52.028015 25.936327 -1.882397 -0.032369 1.000000
34.961006 25.349056 2.629576 0.059545 1.000000
7.593191 -4.162018 -2.361332 -0.267083 1.000000
39.585686 9.845654 1.523111 0.030359 1.000000
46.510563 -3.282674 -6.210454 -0.132417 1.000000
7.050564 3.471773 -0.420015 -0.064917 1.000000
34.762848 -10.307668 1.137969 0.032114 1.000000
94.910446 65.220261 9.080581 0.078689 1.000000
46.123901 -5.759528 -3.983418 -0.087179 1.000000
8.762589 -4.273523 1.624218 0.174390 1.000000
9.384133 -4.174400 1.319387 0.102412 1.000000
47.827343 -12.106948 2.658416 0.054551 1.000000
3.845021 -4.869467 -0.699163 -0.116865 1.000000
8.124224 -4.301476 -0.326307 -0.035990 1.000000
92.954628 -7.829237 0.419243 0.004769 1.000000
51.151173 -5.185021 4.857351 0.094373 1.000000
38.243187 17.644426 2.133210 0.044008 1.000000
48.699631 -1.480888 1.174378 0.025419 1.000000
55.158115 35.497200 0.349406 0.005567 1.000000
107.713318 -9.040520 4.318730 0.040289 1.000000
7.440233 3.232888 0.308115 0.017187 1.000000
32.839840 22.447924 -0.211244 -0.007213 1.000000
94.723389 65.890518 10.350724 0.087750 1.000000
67.472168 32.760143 -2.694692 -0.035832 1.000000
35.647026 25.654995 1.965621 0.043281 1.000000
25.390535 18.240360 0.332931 0.004744 1.000000
9.827981 -4.408398 -0.503277 -0.047885 1.000000
96.146942 66.950249 8.583961 0.067246 1.000000
53.331898 -3.474548 2.414669 0.030686 1.000000
38.815159 -0.821830 0.491937 0.011970 1.000000
10.982065 -7.898119 0.274939 0.017635 1.000000
51.392551 -1.837273 1.645409 0.032538 1.000000
35.910263 22.708055 2.617112 0.056235 1.000000
53.331898 -3.474548 2.414669 0.030686 1.000000
71.176437 -5.694158 0.678342 0.011171 1.000000
18.372587 -5.630836 -2.314813 -0.116487 1.000000
45.179729 -3.197165 0.399843 0.009283 1.000000
107.424744 -6.021688 1.856219 0.010978 1.000000
115.320213 -14.938271 1.960946 0.018761 1.000000
76.486824 16.326914 1.002605 0.011425 1.000000
68.601791 30.647907 -1.400007 -0.018579 1.000000
92.877434 -8.153698 1.350216 0.016219 1.000000
78.471039 21.282957 1.574266 0.019862 1.000000
54.947414 0.090460 4.201924 0.076043 1.000000
8.924589 -4.962291 0.763948 0.079369 1.000000
45.136051 -3.134137 0.398377 0.008085 1.000000
45.669136 -2.910819 1.805968 0.024789 1.000000
66.851921 -11.046730 3.823514 0.056369 1.000000
23.647470 6.477468 2.016187 0.082587 1.000000
101.092506 63.354164 -11.533001 -0.103385 1.000000
52.020546 25.942352 -2.248884 -0.040786 1.000000
13.350873 -8.142792 1.685620 0.087883 1.000000
13.544012 -4.934659 -0.111583 -0.013301 1.000000
9.666251 -4.061156 -0.482696 -0.054296 1.000000
53.242790 1.799567 2.674813 0.049594 1.000000
92.609749 65.763000 7.923707 0.069648 1.000000
10.360743 -4.800913 0.460650 0.042554 1.000000
33.483414 23.112299 1.241813 0.029499 1.000000
107.368217 -6.153162 1.257694 0.010735 1.000000
35.341656 8.867719 -4.295184 -0.122509 1.000000
54.874584 -9.984488 1.253686 0.015722 1.000000
75.932663 -9.176975 -1.806527 -0.023615 1.000000
30.193800 -9.703292 4.508542 0.141213 1.000000
60.063583 -13.744614 -2.967656 -0.054684 1.000000
97.402115 68.598923 -12.868045 -0.114538 1.000000
7.329925 3.244723 -0.017869 -0.003704 1.000000
7.593191 -4.162018 -2.361332 -0.267083 1.000000
54.879734 -9.644558 0.020643 -0.005688 1.000000
107.548996 -9.802147 -21.987658 -0.206289 1.000000
8.601883 -7.336678 0.892275 0.081628 1.000000
8.519171 -7.412348 1.549304 0.136032 1.000000
107.442802 -6.304157 0.992646 0.009489 1.000000
9.384133 -4.174400 1.319387 0.102412 1.000000
54.275352 -12.500296 3.050309 0.054684 1.000000
46.510563 -3.282674 -6.210454 -0.132417 1.000000
54.859974 -0.163739 -6.419548 -0.114501 1.000000
18.512358 -6.061453 -2.073669 -0.115854 1.000000
10.860849 -5.350388 0.333586 0.024789 1.000000
44.618790 -0.432732 0.608546 0.014125 1.000000
7.332068 3.282697 -0.057755 -0.007189 1.000000
18.372587 -5.630836 -2.314813 -0.116487 1.000000
23.266958 6.273368 2.413787 0.099833 1.000000
11.769828 -8.184360 -2.110983 -0.146203 1.000000
23.524406 16.380281 -1.112829 -0.041137 1.000000
48.699631 -1.480888 1.174378 0.025419 1.000000
73.487503 46.261124 1.701011 0.013338 1.000000
64.891479 -3.300847 -0.919382 -0.014149 1.000000
8.436754 -4.256094 -0.278268 -0.037346 1.000000
10.082209 -4.568644 -2.295560 -0.198481 1.000000
54.947414 0.090460 4.201924 0.076043 1.000000
34.362919 23.277836 3.034622 0.066724 1.000000
2.753756 1.701265 1.147999 0.340821 1.000000
79.290672 -9.169753 -1.425116 -0.015952 1.000000
48.711510 -1.386263 0.719030 0.014754 1.000000
44.617561 -5.068398 -4.249187 -0.102315 1.000000
21.728270 -8.736019 0.482443 0.021194 1.000000
9.827981 -4.408398 -0.503277 -0.047885 1.000000
21.685425 -8.978176 0.598712 0.025504 1.000000
8.643935 3.089980 1.414767 0.161206 1.000000
107.284401 -10.072113 7.674600 0.072742 1.000000
34.762848 -10.307668 1.137969 0.032114 1.000000
75.172035 -7.658599 -16.220072 -0.208911 1.000000
34.762848 -10.307668 1.137969 0.032114 1.000000
109.680992 21.528175 5.643203 0.049182 1.000000
35.341656 8.867719 -4.295184 -0.122509 1.000000
48.699631 -1.480888 1.174378 0.025419 1.000000
79.177368 -9.846088 -15.156469 -0.199617 1.000000
65.533211 38.547028 1.446262 0.018543 1.000000
91.127861 -7.360101 2.344753 0.027320 1.000000
7.209496 3.239657 1.550752 0.207909 1.000000
8.516447 -7.314635 1.270363 0.101341 1.000000
106.865013 -5.864234 -1.344650 -0.012563 1.000000
35.202263 20.764307 2.679500 0.064505 1.000000
55.103588 -10.624155 -2.983840 -0.053120 1.000000
95.030014 65.578415 10.193972 0.088394 1.000000
34.513653 22.683640 2.155599 0.052805 1.000000
10.086574 -7.725010 -2.319437 -0.182900 1.000000
32.099697 21.611202 0.888678 0.022961 1.000000
60.043938 -13.775448 -2.794458 -0.046274 1.000000
76.354691 -7.952582 -9.624175 -0.132344 1.000000
8.519897 -7.295996 0.978558 0.091711 1.000000
93.272369 64.128601 8.694778 0.076978 1.000000
66.968414 -10.936967 2.838191 0.041404 1.000000
37.140331 16.027979 2.390078 0.059800 1.000000
40.564709 18.033426 1.671126 0.031182 1.000000
64.871208 -3.323065 -1.635290 -0.026327 1.000000
50.644550 23.095928 -6.132710 -0.120314 1.000000
39.585686 9.845654 1.523111 0.030359 1.000000
27.822077 -6.311974 2.511300 0.079297 1.000000
47.170822 7.457715 0.865935 0.011801 1.000000
60.020977 -13.699822 -2.360751 -0.038327 1.000000
39.585686 9.845654 1.523111 0.030359 1.000000
8.765684 -5.647479 0.814488 0.081239 1.000000
96.707855 -12.641854 4.406610 0.031412 1.000000
35.308632 17.247240 3.744162 0.096039 1.000000
68.851120 21.980988 1.582103 0.015710 1.000000
23.877075 18.866526 -0.139615 -0.004212 1.000000
58.125206 22.262020 -11.960196 -0.194483 1.000000
68.914398 21.418941 1.201970 0.017005 1.000000
7.329925 3.244723 -0.017869 -0.003704 1.000000
40.431858 -10.853594 -7.439561 -0.176688 1.000000
41.564930 17.921541 1.700850 0.024741 1.000000
56.153145 15.402582 -0.386548 -0.013435 1.000000
114.587082 -15.069438 2.152832 0.017841 1.000000
36.867744 15.182959 -1.128346 -0.030250 1.000000
36.803257 24.185328 2.961603 0.067149 1.000000
7.209496 3.239657 1.550752 0.207909 1.000000
9.361101 -4.933008 -1.527449 -0.145787 1.000000
92.033485 66.800980 9.914846 0.081215 1.000000
2.753756 1.701265 1.147999 0.340821 1.000000
25.858156 21.118162 0.664232 0.014306 1.000000
109.680992 21.528175 5.643203 0.049182 1.000000
101.614334 -12.828910 1.163206 0.011643 1.000000
7.332068 3.282697 -0.057755 -0.007189 1.000000
44.617561 -5.068398 -4.249187 -0.102315 1.000000
9.666251 -4.061156 -0.482696 -0.054296 1.000000
64.916687 -3.296456 -1.643678 -0.025092 1.000000
64.490250 24.059984 -8.721526 -0.131172 1.000000
34.531544 22.838734 1.984277 0.046577 1.000000
23.757910 6.597642 1.951027 0.079418 1.000000
10.082209 -4.568644 -2.295560 -0.198481 1.000000
41.161552 17.536081 2.304447 0.038388 1.000000
9.519854 -4.181376 0.905016 0.091966 1.000000
5.805826 3.376689 1.603212 0.245600 1.000000
35.000889 24.463421 2.489119 0.058224 1.000000
55.103588 -10.624155 -2.983840 -0.053120 1.000000
24.371677 4.376046 -1.852110 -0.087069 1.000000
