-58.7097
-58.3226
-57.7241
-57.9865
-57.8779
-59.2264
-57.9228
-58.8106
-60.0104
-57.2147
-58.1623
-57.1912
-59.0718
-59.0734
-58.2740
-58.6649
-58.6041
-56.0111
-58.9010
-59.4689
-58.8659
-59.0658
-57.6523
-59.3816
-58.5291
-59.1405
-58.0863
-58.0793
-58.6172
-60.3880
-58.3618
-58.7124
-59.1214
-58.0151
-58.9351
-58.0122
-57.7550
-58.1516
-58.9721
-56.0470
-57.3745
-58.1813
-59.2140
-59.3179
-58.9770
-58.8932
-58.3061
-58.7431
-58.9609
-59.3579
-59.8731
-58.7902
-57.9875
-60.2321
-58.9959
-58.5331
-58.3350
-58.1276
-59.4113
-58.0810
-58.3387
-58.3440
-60.3692
-60.2216
-60.2862
-57.4195
-57.8406
-58.7551
-58.5570
-58.4019
-57.7181
-58.1146
-58.9661
-58.6143
-58.0473
-60.1253
-59.6425
-56.6213
-57.6368
-57.4463
-60.4391
-59.5756
-57.7850
-59.1192
-57.9712
-59.0197
-58.7249
-57.9011
-58.1235
-58.7372
-58.0883
-58.8017
-59.2264
-59.0541
-59.1151
-59.4720
-59.3264
-57.8795
-60.1777
-59.1019
-57.8044
-60.0783
-58.9225
-59.1217
-58.8865
-58.8918
-58.4664
-59.8647
-57.5069
-57.5674
-58.4000
-57.9771
-60.0470
-58.6929
-58.9429
-59.0974
-58.3677
-59.8550
-58.9327
-60.1764
-59.2616
-56.4578
-58.6583
-58.9276
-57.9414
-59.5763
-59.1475
-59.2423
-58.7500
-58.6397
-57.7302
-58.2767
-57.6843
-59.9061
-57.8920
-57.4654
-57.7194
-58.7065
-59.8210
-57.8662
-58.3220
-58.4321
-58.8981
-58.5451
-58.7019
-60.0770
-58.6364
-58.0210
-58.9181
-57.9780
-60.2789
-58.0915
-57.7612
-57.6366
-59.2138
-60.2808
-57.3263
-59.0393
-58.7938
-58.4347
-58.6802
-59.4519
-59.2878
-57.6600
-58.1572
-59.4841
-57.1190
-59.2159
-57.9313
-57.7840
-57.7488
-58.3789
-59.4521
-58.3454
-58.8516
-58.8303
-59.3603
-58.5423
-58.0960
-59.1290
-58.0431
-58.9664
-58.5700
-58.0941
-59.6989
-57.9579
-58.6488
-58.3743
-58.9667
-58.5390
-59.3881
-59.4966
-59.3960
-58.5123
-57.7658
-59.2404
-58.9820
-58.3723
-58.1454
-58.2399
-57.3149
-59.3525
-59.0402
-59.2939
-58.2566
-57.8013
-58.9321
-57.5927
-58.8763
-57.9241
-58.4054
-58.1184
-57.5465
-57.7976
-57.7862
-57.3780
-57.5101
-58.4467
-59.4715
-59.4909
-58.4724
-58.6252
-58.1565
-58.1959
-58.9693
-58.0249
-59.0211
-60.2335
-57.3651
-57.7123
-57.7263
-60.1909
-57.9366
-59.1837
-59.7848
-58.8724
-58.9968
-57.6561
-59.1665
-57.6787
-59.4951
-59.9218
-58.8768
-59.3357
-59.2644
-57.4601
-57.9906
-56.8933
-58.5954
-58.8355
-58.8470
-59.0625
-59.6575
-58.0471
-59.2615
-57.6278
-58.3313
-58.8334
-57.6222
-58.8477
-59.9011
-58.8225
-58.8366
-57.8050
-59.7368
-58.5956
-57.8147
-59.0466
-57.7997
-59.9374
-59.5572
-57.4948
-58.4328
-58.3016
-57.2834
-58.9449
-57.0887
-57.8383
-59.5394
-59.2030
-58.7397
-58.9063
-59.3955
-57.7470
-59.1956
-57.4794
-59.0497
-56.0812
-58.0040
-58.6140
-59.2630
-58.8396
-58.5064
-59.3137
-59.0998
-59.6324
-59.1818
-57.9116
-58.3417
-58.9288
-60.1297
-59.1614
-58.7771
-57.6058
-58.1379
-58.7382
-59.3118
-57.7128
-58.3460
-57.3821
-58.8322
-58.8401
-57.7407
-56.4896
-57.7614
-59.1868
-59.3455
-58.0168
-55.9933
-57.1890
-59.2747
-57.3553
-58.7099
-59.1664
-59.2767
-58.8525
-57.7721
-60.0985
-57.5710
-59.2650
-59.1512
-58.7795
-58.4379
-58.6455
-58.8748
-57.9853
-58.4476
-58.0943
-58.9811
-58.0717
-58.7493
-58.1761
-58.1485
-58.2261
-57.9444
-57.7393
-58.6905
-58.5890
-57.6161
-59.5033
-58.1740
-57.5920
-59.1939
-58.1312
-60.2168
-58.7328
-60.2850
-59.9766
-58.9949
-59.1325
-60.1580
-59.2959
-57.8111
-58.0202
-59.9485
-59.4690
-58.8210
-57.6152
-60.0391
-60.0464
-57.9081
-57.7310
-57.7085
-57.7226
-58.9244
-57.8380
-58.1980
-58.2275
-57.6731
-57.8804
-59.4326
-59.3968
-58.7638
-58.6142
-58.8236
-59.0007
-58.9599
-59.8757
-56.3647
-58.9176
-60.0360
-57.6325
-59.4090
-58.9999
-60.6003
-57.0522
-59.1978
-57.4396
-58.2750
-58.5254
-59.0472
-57.4258
-58.8398
-58.8788
-59.7791
-57.8942
-56.9341
-59.6352
-59.6221
-58.2467
-60.2756
-59.6526
-59.9393
-59.0444
-59.1380
-60.6612
-59.0881
-58.6682
-58.8249
-58.1562
-59.2049
-58.9825
-58.8955
-57.9056
-56.4188
-60.1267
-58.8715
-58.7934
-59.1021
-60.2313
-58.1713
-58.1461
-58.9660
-58.3425
-57.8808
-57.9667
-58.0149
-59.2333
-57.7040
-57.6608
-59.0915
-56.3166
-59.3875
-59.2326
-58.3573
-59.0229
-59.0247
-59.6294
-58.2064
-57.9804
-60.2758
-58.0239
-58.2746
-60.5277
-57.9275
-58.7789
-57.8432
-59.2946
-58.9064
-57.4902
-58.5139
-58.3339
-58.8814
-58.0387
-55.9540
-57.8572
-58.0379
-57.8098
-58.7238
-58.5978
-59.7582
-58.6883
-57.6042
-58.8636
-58.2279
-57.3414
-59.5201
-58.3789
-60.6098
-58.0285
-60.2540
-58.3152
-58.2415
-60.3471
-57.9508
-57.6091
-57.9291
-58.9407
-57.7172
-57.3476
-58.8445
-58.9449
-58.0484
-58.4391
-59.0588
-58.2803
-60.2350
-58.6158
-59.0614
-58.1603
-58.0626
-58.9739
-57.8351
-58.6817
-57.3568
-59.1222
-59.8771
-58.2408
-58.2542
-57.7177
-60.7855
-58.6202
-60.7808
-57.5102
-60.0667
-59.0179
-57.5264
-58.4924
-58.1574
-57.1710
-59.2265
-59.1507
-58.7221
-59.0179
-58.8323
-60.0458
-59.5399
-59.0546
-58.8343
-58.2439
-59.2797
-57.4716
-57.9642
-58.9123
-60.8348
-60.1392
-58.9454
-59.0757
-58.6193
-58.3372
-56.2516
-58.4907
-59.3307
-57.8426
-57.8221
-58.7996
-60.1747
-59.3757
-59.1541
-56.9224
-57.8614
-58.8447
-57.9033
-59.1876
-57.6323
-59.4216
-57.6101
-58.7444
-59.1182
-60.0212
-59.4809
-60.1762
-59.1389
-59.0438
-57.2919
-59.1363
-59.1676
-60.0894
-59.3922
-59.2533
-58.6699
-58.9514
-59.1973
-59.5259
-59.0206
-59.9568
-57.6350
-58.8508
-59.1957
-58.1857
-57.6937
-58.3366
-59.1717
-58.0791
-59.0404
-58.1803
-59.3470
-58.1335
-59.3448
-57.4297
-58.2451
-58.6959
-58.7735
-58.8037
-59.1573
-60.2096
-57.6034
-59.7918
-59.1388
-59.9261
-58.5879
-59.3531
-59.0934
-59.2919
-59.0529
-59.2917
-58.3629
-59.5787
-57.8030
-57.8986
-59.1583
-59.6043
-58.8614
-58.9035
-58.8961
-58.9367
-60.5004
-58.6674
-59.5772
-57.1757
-58.7993
-57.5826
-59.8856
-57.7547
-58.8203
-59.3722
-59.3227
-58.7872
-60.0250
-59.4298
-59.7447
-57.8250
-60.4192
-58.8768
-58.9523
-59.1039
-58.6233
-57.8079
-56.1991
-57.2751
-59.1740
-58.2332
-58.7844
-57.9813
-57.5807
-58.8616
-58.7737
-58.1737
-58.2680
-59.2140
-58.3065
-58.9566
-58.5305
-58.3795
-58.8411
-60.2755
-60.0250
-58.6864
-57.9705
-57.9269
-58.9974
-60.2770
-58.2095
-59.3502
-59.0752
-59.7847
-58.5136
-58.0461
-57.8944
-59.4960
-59.1277
-58.5579
-58.4912
-57.9788
-59.1229
-58.8634
-58.1550
-57.4439
-57.7251
-59.4505
-58.3777
-57.6469
-58.6886
-59.4236
-58.7920
-58.8287
-59.0850
-58.1966
-57.8648
-60.0778
-58.7371
-59.4363
-58.8546
-59.0537
-58.0177
-57.2055
-58.9438
-58.0488
-57.9861
-57.8938
-59.5734
-57.8642
-58.1289
-58.1341
-58.7264
-58.6495
-59.6568
-59.0955
-58.6069
-57.7382
-57.8241
-58.2620
-57.4547
-57.9044
-58.4633
-58.3325
-60.6507
-59.1503
-58.8874
-59.0887
-60.1142
-59.2352
-58.4193
-59.0979
-58.7228
-58.6768
-58.8351
-57.8539
-59.4320
-60.3182
-59.2217
-58.7569
-58.5959
-59.9470
-59.0329
-58.3620
-58.0960
-59.7985
-58.9401
-56.4382
-60.2579
-59.6079
-58.2314
-58.1986
-59.9178
-58.5999
-57.8772
-58.2256
-58.9356
-59.1031
-59.1294
-58.3905
-57.7640
-56.8909
-60.3962
-59.4641
-58.2863
-58.0778
-57.7040
-59.1409
-58.4461
-57.6535
-57.8203
-58.6126
-59.5417
-58.9302
-60.2102
-58.4090
-59.1738
-58.1670
-57.6736
-57.6492
-60.1195
-58.6414
-58.7542
-59.0322
-59.7327
-59.8458
-59.0935
-58.5766
-58.3562
-60.1305
-59.2122
-57.5989
-58.3143
-57.9560
-59.2194
-58.2247
-58.1081
-58.8968
-59.1053
-59.1762
-59.0401
-59.1967
-58.9032
-58.5328
-57.6101
-59.0822
-58.8453
-58.4807
-58.6726
-59.7082
-57.7436
-57.2519
-60.4984
-59.0124
-58.4356
-58.5403
-57.7362
-58.8378
-58.0573
-59.1339
-59.1889
-57.7719
-58.9727
-59.1276
-58.7620
-59.4710
-57.8158
-59.9637
-59.8156
-59.4959
-58.8186
-58.1598
-56.8763
-58.7144
-57.9412
-58.3455
-56.3833
-59.5265
-58.3336
-59.7810
-57.1774
-57.1573
-59.6409
-58.6155
-59.1103
-59.7714
-59.9555
-59.1520
-57.9022
-57.9360
-58.4915
-58.9384
-58.5263
-57.3195
-58.8341
-59.0246
-58.9331
-59.4301
-59.2847
-60.0899
-59.2224
-59.0680
-58.1697
-59.3934
-58.9675
-59.2176
-58.4793
-58.9326
-59.3925
-58.3140
-59.3654
-60.3601
-57.5364
-58.9486
-59.2052
-59.1483
-59.3058
-57.8081
-59.4257
-59.0381
-59.7017
-57.9233
-58.9650
-57.9478
-58.5213
-58.4533
-59.7349
-57.6111
-58.3377
-59.9532
-58.6804
-58.5868
-57.4260
-57.9396
-57.7529
-59.7440
-58.4481
-59.1221
-58.0498
-59.3938
-58.9509
-58.1341
-58.7007
-58.2338
-58.9900
-59.5093
-60.0990
-60.2526
-58.1462
-57.9811
-59.4985
-58.9999
-59.3732
-57.6770
-57.8517
-57.9816
-58.7907
-59.0720
-58.9433
-58.9576
-59.3659
-58.6908
-58.5776
-58.6706
-58.7560
-58.1016
-57.5086
-58.1077
-58.8585
-58.3543
-57.7968
-58.7992
-59.1641
-58.5697
-59.5948
-58.8401
-58.4261
-58.2346
-59.5861
-59.0183
-60.0526
-59.2019
-58.6900
-57.2735
-60.2637
-58.5617
-58.8563
-59.0427
-58.7692
-58.5596
-59.1968
-59.0723
-58.9367
-58.4312
-58.6260
-59.0312
-58.0220
-59.5534
-59.7095
-58.9665
-58.7632
-58.0673
-59.0634
-56.9541
-58.5858
-59.9632
-57.8500
-58.4832
-57.9636
-57.6206
-58.6731
-59.1386
-56.8344
-59.4658
-57.5141
-58.0383
-57.7406
-57.6939
-58.7415
-59.0646
-57.8016
-57.7079
-57.8931
-60.2052
-57.8617
-59.2046
-57.4658
-57.9389
-59.8308
-58.8775
-58.8442
-60.3303
-57.6617
-57.9020
-57.9338
-58.5897
-59.1602
-57.8667
-57.4627
-58.1775
-59.8773
-58.2552
-58.7866
-57.8335
-58.2016
-58.0044
-60.0321
-60.3499
-58.6463
-59.1999
-58.7731
-57.6975
-59.2964
-57.6787
-60.0460
-59.2179
-58.7923
-60.0345
-58.4452
-58.7915
-58.0698
-58.7789
-57.9532
-58.6171
-58.2643
-57.6702
-60.5714
-58.4501
-59.4156
-58.9100
-60.5093
-58.9896
-58.8367
-59.3145
-55.9151
-58.7696
-59.1763
-58.0884
-59.2154
-57.4985
-58.2262
-57.5552
-59.0060
-58.1892
-57.7512
-58.7217
-58.9207
-58.7492
-60.3853
-60.0661
-60.5940
-59.6420
-58.6616
-59.7480
-57.7834
-59.2966
-57.3649
-58.1423
-58.5033
-57.7345
-58.2241
-59.6267
-57.8162
-58.4613
-58.0936
-58.5329
-59.1581
-58.3058
-58.6552
-58.5817
-60.0808
-59.2381
-58.1560
-59.3001
-59.5497
-58.3747
-58.7948
-57.4665
-59.0733
-59.1045
-58.8249
-60.0284
-59.0933
-58.5928
-59.6507
-57.9774
-58.7570
-57.4788
-57.8769
-58.9311
-59.0122
-59.6730
-58.2031
-58.1901
-57.6379
-59.3166
-58.3523
-57.6262
-60.1606
-59.0929
-57.9099
-58.1634
-58.4848
-57.6651
-59.1567
-57.1477
-59.0852
-60.7086
-58.9401
-58.6666
-58.2346
-59.6915
-60.0371
-58.6449
-58.8600
-58.9602
-57.7723
-58.8544
-59.0879
-58.6016
-58.6445
-58.6376
-57.7110
-55.9905
-59.8179
-59.0518
-58.7313
-57.8242
-58.0762
-59.2823
-59.4074
-58.7368
-58.4216
-60.4524
-60.7776
-60.3827
-56.9695
-57.9380
-59.8912
-59.8558
-58.5135
-60.5753
-58.0612
-57.9069
-57.4324
-57.2711
-58.2288
-56.9547
-59.0225
-59.9969
-59.6783
-57.8935
-60.0078
-58.0495
-58.8291
-59.3753
-60.1032
-57.9263
-58.9504
-58.8153
-60.6716
-60.2548
-59.0783
-58.8091
-59.1624
-58.9781
-58.0564
-58.7561
-59.0444
-59.6086
-60.3843
-58.9923
-58.4747
-58.3768
-58.8394
-60.1674
-60.2497
-57.7529
-58.3553
-58.4906
-58.2330
-58.6839
-58.7499
-59.9099
-57.8943
-57.4748
-58.6174
-59.1466
-58.3036
-59.5161
-60.3382
-60.3841
-58.3171
-58.2866
-59.0893
-60.2395
-60.5000
-60.2959
-60.0672
-57.8948
-57.2346
-58.9342
-57.6480
-57.9170
-57.7557
-57.9021
-58.3278
-59.2877
-58.1299
-60.5720
-59.1764
-58.6530
-58.8013
-58.0730
-59.7792
-59.0216
-59.3151
-60.8547
-59.4976
-59.1261
-58.5925
-59.4534
-58.9825
-59.1217
-58.4412
-59.0670
-58.3840
-58.4019
-58.2762
-58.4447
-59.0999
-58.7855
-57.9122
-58.4630
-58.7731
-59.3022
-59.5909
-58.6495
-58.2068
-57.5979
-59.3668
-58.2536
-57.9477
-58.5165
-60.1764
-57.4932
-59.0750
-58.8966
-59.3681
-57.3837
-58.9077
-58.4952
-57.8319
-58.4369
-58.7273
-59.8502
-58.2994
-58.5342
-59.9284
-58.2419
-59.0613
-57.8889
-58.2127
-60.0470
-57.6027
-58.9655
-60.4688
-56.1045
-59.2866
-58.7950
-58.2024
-57.0859
-58.7499
-58.9165
-59.0010
-59.0141
-57.6754
-58.4014
-60.3227
-58.3823
-59.0470
-59.9033
-58.2608
-60.0391
-58.0448
-57.5872
-59.0482
-60.0274
-57.9660
-57.3349
-59.9342
-57.1045
-59.1089
-56.0110
-58.8676
-58.1835
-60.1033
-58.6170
-58.3092
-59.8519
-57.9356
-59.2343
-58.8373
-59.6828
-59.1761
-58.2544
-58.7008
-60.0447
-57.9741
-60.0450
-57.9858
-59.0457
-57.9297
-58.0368
-59.0848
-60.0377
-60.5731
-58.0419
-58.2191
-59.1613
-59.3993
-58.1102
-59.4778
-59.8062
-57.6018
-58.5195
-60.3243
-59.3433
-59.0811
-57.9449
-58.7711
-56.7480
-59.6638
-58.6714
-59.4504
-55.9887
-58.9072
-59.0386
-57.9587
-58.4317
-58.9715
-60.3164
-58.9580
-59.4123
-60.1045
-58.3636
-58.4736
-58.3984
-59.3410
-58.2913
-59.0312
-58.7443
-59.6417
-58.1223
-59.3592
-57.4859
-59.1523
-57.3013
-58.6070
-57.9686
-58.4384
-59.6814
-58.2216
-57.2314
-58.8850
-58.4723
-58.0860
-58.2779
-58.3509
-58.0794
-59.3838
-58.2163
-57.8454
-58.3554
-60.2963
-59.4523
-60.3848
-59.2099
-58.4351
-59.5386
-59.4100
-58.2681
-58.9699
-59.3582
-57.2193
-58.1810
-58.3261
-58.1194
-59.2456
-60.4061
-57.4793
-59.4560
-59.6494
-58.1693
-58.3354
-57.2099
-59.1590
-59.8870
-57.6543
-58.3097
-59.0238
-57.8815
-57.6942
-57.4207
-59.8554
-58.9186
-55.8602
-58.9094
-58.0059
-58.4460
-58.3461
-57.9395
-57.6486
-58.7063
-56.4546
-59.2051
-58.1012
-59.1495
-58.9530
-58.2332
-58.8478
-58.6104
-58.8434
-57.7516
-58.9154
-59.0069
-59.1158
-59.1262
-58.3475
-58.5976
-58.0700
-59.6454
-59.0480
-58.8584
-59.1733
-60.1022
-59.4824
-59.3943
-60.4321
-58.7600
-58.8302
-58.8109
-58.5653
-58.7324
-58.9249
-57.0599
-58.7578
-58.4646
-59.9081
-59.2328
-58.9831
-59.0816
-58.4646
-57.9976
-59.0275
-59.9746
-59.2179
-58.7942
-60.2807
-60.3334
-58.9917
-60.1788
-58.0513
-59.0965
-59.3727
-59.1324
-60.1121
-60.4705
-58.1922
-58.8231
-58.2234
-57.6726
-58.3893
-58.6910
-57.3138
-57.5987
-60.3641
-58.0408
-58.5863
-58.5732
-60.7985
-59.5126
-58.2812
-58.6052
-57.8549
-59.5543
-58.8193
-58.5677
-58.5146
-58.9753
-59.6753
-58.9388
-60.5446
-59.8814
-58.4525
-57.4114
-58.1085
-59.6301
-57.4231
-58.0627
-58.6346
-60.3468
-58.6256
-59.3649
-57.1558
-58.2433
-57.3071
-59.2737
-57.9852
-57.4716
-58.5828
-59.2900
-57.4889
-58.9530
-60.6010
-58.8927
-58.9832
-58.5172
-59.2325
-57.6987
-58.8535
-58.8431
-59.5929
-58.8652
-58.9057
-58.6951
-58.8590
-58.6259
-58.9464
-57.9069
-58.2803
-60.1755
-58.8897
-57.8490
-58.9251
-58.8215
-59.0692
-58.3780
-58.3827
-56.7837
-57.5365
-60.2112
-59.5364
-58.9184
-57.9697
-58.8393
-59.1602
-58.6538
-59.1705
-58.5376
-59.1154
-57.8989
-60.0624
-59.1933
-59.0838
-58.3232
-59.3273
-57.9048
-57.4980
-57.4194
-59.5322
-58.7652
-58.0738
-58.4389
-58.7560
-60.3856
-59.4486
-59.5128
-58.6863
-58.9016
-58.1400
-57.7292
-60.1419
-58.1826
-60.2843
-57.8358
-58.3358
-57.9346
-58.2268
-60.2595
-58.6513
-58.7070
-58.8068
-60.4003
-59.2917
-57.6141
-56.6870
-58.7534
-60.1978
-58.8251
-59.0258
-58.7963
-57.7786
-58.9667
-59.4215
-57.5959
-58.9322
-58.9671
-60.0178
-57.7912
-57.8890
-57.5975
-58.8236
-58.9485
-59.0793
-58.5018
-59.0950
-60.0505
-58.0789
-57.5074
-58.5935
-58.4216
-58.0798
-58.2506
-60.7134
-57.4323
-59.2203
-58.2455
-59.2302
-57.7591
-56.6223
-57.8784
-60.7982
-57.8330
-59.6537
-59.5568
-58.0674
-59.0349
-58.2243
-58.5342
-58.6449
-59.2484
-59.2742
-60.3503
-58.1092
-60.3065
-57.9112
-58.0794
-59.0480
-58.4511
-57.4976
-57.9318
-58.2995
-58.5573
-58.1800
-58.6929
-59.1444
-59.1761
-58.0615
-58.5061
-59.9615
-58.7765
-58.1757
-58.2435
-58.0981
-59.1365
-60.0387
-56.6890
-57.3557
-59.4594
-59.0814
-58.2990
-57.9213
-58.7506
-59.9985
-57.9165
-56.6141
-57.9599
-59.5471
-59.5229
-58.7900
-57.7658
-58.6910
-58.7608
-60.3532
-58.9122
-59.1705
-59.8964
-58.1821
-57.7721
-58.1225
-58.9873
-59.0671
-59.7416
-58.8054
-57.4795
-59.0308
-59.3449
-59.1394
-56.1158
-58.1844
-59.8254
-59.0765
-57.9412
-57.9989
-58.8755
-57.6525
-58.9785
-59.4799
-57.7213
-60.1422
-57.3733
-59.7667
-59.1036
-57.7993
-58.6757
-59.4788
-59.7132
-58.1921
-59.4717
-58.1016
-60.1602
-58.9900
-58.2420
-60.0372
-60.3424
-57.9272
-58.8307
-57.9656
-56.8794
-59.3201
-59.4391
-59.8619
-58.4183
-58.9615
-60.2624
-59.0400
-59.2363
-56.0069
-59.3843
-57.5032
-59.5630
-58.0566
-57.5866
-59.6974
-59.1199
-60.1979
-57.5702
-56.2745
-59.2674
-58.0607
-57.6538
-59.6108
-58.3694
-59.4659
-57.8604
-58.2198
-57.3540
-59.1714
-59.9447
-56.0222
-58.9584
-57.6090
-59.8021
-57.1258
-57.3005
-59.5929
-57.6673
-60.0045
-59.7721
-58.1482
-59.2508
-58.5455
-59.2894
-59.1300
-60.1348
-58.3325
-60.4785
-60.0953
-57.8938
-59.7656
-58.1015
-58.7256
-57.9755
-57.3008
-58.2098
-58.3893
-59.0334
-58.7778
-58.3867
-59.2243
-59.0826
-57.5340
-59.4007
-58.5860
-59.0952
-60.4999
-57.3806
-58.4124
-58.9626
-58.1285
-59.6086
-57.9899
-57.1322
-58.6673
-57.7820
-58.7160
-59.1364
-58.7293
-57.5115
-57.9151
-58.5430
-58.6318
-57.7977
-58.8323
-58.3862
-59.1099
-58.6086
-57.6920
-59.0899
-59.3835
-58.4102
-57.7340
-59.1276
-59.0250
-58.8571
-59.4471
-60.5856
-58.1332
-58.8372
-57.9062
-58.7013
-57.6675
-58.3078
-59.7724
-58.7503
-60.5488
-57.9786
-58.4209
-58.1960
-58.8737
-59.0201
-58.7464
-58.1927
-59.0756
-58.3288
-58.4934
-58.9595
-59.2529
-60.7270
-58.8472
-60.5566
-56.2151
-58.2777
-57.2472
-59.3028
-56.5861
-57.9002
-58.4867
-58.4687
-57.6515
-60.2403
-57.8669
-59.8712
-58.1545
-58.2130
-58.3068
-57.7296
-57.6198
-59.3263
-58.1141
-58.3255
-58.4127
-60.2215
-58.4523
-57.5507
-55.9338
-58.7056
-58.9571
-59.5233
-60.0437
-58.0324
-58.5052
-57.7921
-57.0563
-57.7672
-57.4822
-59.6745
-59.1356
-58.0969
-58.8867
-59.0396
-58.9680
-59.0891
-57.6238
-59.2081
-57.5981
-58.6883
-57.6802
-59.2816
-58.3941
-57.5937
-58.5815
-58.0544
-60.2292
-59.6734
-59.1278
-57.1141
-57.1494
-59.1014
-58.9188
-59.1481
-57.2071
-58.8980
-58.9089
-60.6136
-58.9046
-58.5935
-60.3893
-57.5203
-57.3454
-57.5871
-57.8332
-58.2315
-59.3218
-58.9978
-57.9339
-59.2393
-60.4262
-58.0858
-59.1759
-58.4341
-58.1710
-60.6138
-57.4598
-58.9593
-57.6129
-58.9212
-57.4701
-59.3685
-57.8696
-60.4935
-58.9406
-58.0202
-57.8551
-59.0348
-58.8985
-60.1737
-59.0303
-59.1529
-57.9310
-60.2457
-59.0239
-58.3041
-58.0920
-59.5754
-58.6571
-57.5025
-59.4894
-57.7470
-59.0740
-57.1485
-58.8535
-59.0238
-56.8314
-59.1072
-58.9034
-60.2484
-58.0194
-59.9796
-59.3378
-57.8587
-58.7132
-58.3736
-59.1832
-57.4689
-57.8851
-57.8470
-60.1386
-58.3144
-59.3165
-57.4662
-57.1075
-58.0493
-59.2679
-59.3671
-58.6840
-58.7597
-57.5415
-57.8868
-57.9165
-58.2808
-59.1848
-57.6052
-60.5112
-59.4047
-59.4976
-59.6765
-60.2024
-58.6394
-58.3087
-58.8901
-58.8839
-58.0859
-58.9097
-57.2604
-57.9165
-56.7047
-57.9629
-58.5325
-58.4159
-58.8420
-58.1603
-58.7488
-60.6135
-58.8426
-59.2017
-59.2694
-58.1983
-57.2805
-60.3936
-58.1862
-59.8353
-59.7269
-58.6562
-59.1670
-59.0924
-58.0629
-58.5331
-57.7029
-58.8413
-58.6739
-57.9237
-59.0033
-58.0544
-58.8046
-59.7244
-57.3274
-58.1467
-58.8208
-58.1828
-57.9676
-58.9335
-57.8471
-60.4689
-59.1387
-59.0673
-59.2260
-59.2804
-58.1574
-58.4384
-57.8139
-59.7039
-58.7210
-59.3782
-58.7986
-58.5414
-58.1346
-57.7344
-58.5847
-58.7737
-58.4125
-57.3594
-58.2274
-59.2634
-57.9901
-60.3478
-56.8808
-58.3891
-58.4593
-58.5740
-57.5617
-57.8350
-59.6887
-58.4602
-60.2086
-59.9805
-60.4697
-59.9803
-58.5849
-58.2303
-58.6832
-57.8081
-59.0228
-58.5452
-60.2830
-59.8069
-55.8913
-57.4020
-58.9329
-58.3099
-59.9388
-57.9442
-59.1075
-57.9039
-59.5916
-60.1909
-56.7580
-59.0859
-58.3196
-59.2298
-59.4334
-57.9533
-57.7246
-59.0328
-58.8526
-57.7257
-59.9100
-59.7267
-57.9637
-59.1602
-59.0432
-60.3661
-58.4103
-57.8942
-58.2725
-60.1619
-57.7555
-58.1441
-58.8153
-57.9413
-58.2439
-55.9935
-59.0343
-57.7978
-59.9676
-58.0823
-58.0042
-60.2218
-60.5414
-58.8490
-59.6184
-57.6311
-60.2968
-57.8585
-58.7989
-57.8669
-58.9245
-59.1880
-59.4091
-58.9889
-58.8127
-58.2226
-59.3533
-59.6525
-58.8631
-59.1294
-57.4673
-60.0938
-58.9056
-57.1225
-57.5819
-58.9647
-57.4077
-59.3019
-58.8379
-58.3853
-57.8058
-57.6656
-59.1897
-58.8385
-56.0868
-59.9024
-58.4008
-58.3074
-58.4197
-57.7600
-58.7022
-57.6838
-57.8516
-59.0344
-57.9849
-56.0917
-58.2065
-57.9064
-58.6623
-57.4935
-59.4769
-59.1696
-58.5719
-57.1987
-58.0160
-57.3789
-59.0677
-57.2530
-58.9393
-58.1481
-58.9927
-57.9387
-58.0718
-60.4536
-59.0616
-60.7304
-57.4712
-59.0749
-57.6578
-57.8766
-59.2135
-59.6061
-57.9055
-59.8779
-57.8073
-58.3759
-60.3553
-57.6913
-57.8946
-58.0044
-57.7362
-58.7282
-58.5453
-57.9848
-56.8594
-58.6293
-59.4272
-59.3288
-58.7568
-58.2497
-58.5391
-59.5968
-57.9048
-60.4006
-59.6728
-59.3683
-58.4406
-57.5220
-58.8294
-58.1410
-58.1023
-59.1749
-57.6979
-58.3534
-58.9353
-58.4094
-58.0152
-55.9419
-58.7679
-58.5852
-57.9391
-59.3241
-57.8108
-58.5341
-59.0678
-57.8768
-56.9924
-57.3834
-57.8888
-59.2343
-59.3713
-58.3100
-57.9066
-58.2366
-58.7670
-57.4931
-57.1592
-59.4316
-59.0939
-58.2226
-59.0018
-57.4186
-60.2737
-58.1017
-58.5230
-57.7049
-57.6555
-59.3556
-60.2821
-60.3944
-58.9340
-57.8667
-58.1305
-57.0291
-59.0959
-59.0347
-58.9274
-59.1315
-57.5763
-57.3782
-58.8031
-59.0205
-58.8409
-57.9858
-58.8683
-57.6557
-57.2995
-59.3015
-58.5866
-57.7856
-58.7098
-60.2732
-58.9168
-58.7998
-57.8186
-58.8833
-58.4625
-59.5124
-58.3610
-58.8937
-59.4005
-59.1790
-59.0480
-58.3447
-57.5386
-58.6922
-58.3889
-58.2459
-57.3257
-58.5370
-58.2487
-60.0540
-60.2694
-58.9455
-60.3484
-59.5839
-60.3030
-59.0912
-58.0822
-60.2328
-58.4302
-58.0555
-58.5255
-58.5325
-58.1802
-60.3959
-60.0238
-56.6017
-56.9163
-59.6652
-58.6919
-59.2403
-59.9399
-59.4044
-56.8713
-58.9764
-58.9342
-59.4093
-57.7251
-57.1955
-58.9715
-59.5199
-59.7991
-58.0577
-60.1569
-58.5635
-57.5004
-60.0592
-58.4559
-60.0001
-58.5004
-57.9601
-57.6807
-60.1652
-59.0838
-59.0804
-58.3548
-59.0676
-59.0282
-59.0548
-57.4217
-57.4642
-58.9824
-58.7307
-58.5165
-58.2758
-59.9330
-58.9436
-57.9221
-59.2126
-59.4482
-58.9944
-60.7102
-58.7137
-58.4289
-59.3310
-59.5195
-58.2664
-57.9062
-58.0835
-58.2404
-57.6060
-60.1361
-59.0995
-58.3036
-58.8701
-57.8948
-60.2124
-60.6869
-59.1694
-58.1028
-57.2831
-59.9523
-60.3173
-58.7072
-58.2794
-59.5886
-59.4042
-60.0097
-58.0655
-58.1099
-58.4573
-58.7240
-58.8874
-60.1112
-58.0560
-60.3276
-59.6534
-57.4467
-58.2991
-59.8351
-59.0257
-58.2095
-58.1542
-59.5177
-58.4211
-58.3492
-57.2679
-58.8750
-58.8664
-58.7697
-58.0410
-58.9592
-58.9433
-57.3839
-57.5201
-58.1048
-58.6926
-57.4086
-56.9704
-58.1339
-58.3568
-57.9279
-57.8070
-58.9394
-59.4522
-58.8159
-57.8689
-58.4232
-58.3016
-59.2425
-57.9683
-58.7173
-58.5065
-57.3799
-58.6660
-58.0209
-58.9579
-58.1939
-59.6672
-59.5112
-58.7026
-57.7438
-58.8068
-59.7561
-56.0508
-58.5746
-58.4231
-59.6327
-58.9339
-58.5170
-59.2724
-59.2416
-60.3319
-58.5419
-59.4739
-60.4690
-57.4993
-58.7279
-59.3515
-57.7017
-59.7855
-58.9662
-58.4764
-58.9102
-59.0396
-58.8635
-58.8455
-59.8636
-59.5622
-57.8954
-59.4438
-58.6583
-57.1809
-58.9914
-58.9681
-58.9665
-57.9450
-58.3652
-58.2684
-60.0481
-58.0884
-60.4493
-57.3852
-59.2639
-58.1849
-59.2284
-59.2864
-58.9880
-58.8130
-60.4764
-58.0988
-59.6766
-59.0769
-57.2646
-59.1180
-57.5843
-58.8881
-58.9009
-57.8458
-59.3755
-57.0805
-58.7677
-57.9207
-58.8448
-57.3359
-57.7302
-58.2245
-59.0163
-58.5314
-58.6877
-57.4082
-59.0372
-60.0776
-58.3151
-58.9962
-58.4378
-57.8129
-57.7526
-58.2203
-59.6852
-59.3255
-58.7644
-59.6034
-60.7895
-58.5043
-58.6386
-57.9439
-58.7647
-57.7077
-59.2703
-60.1978
-58.3544
-58.6049
-57.3507
-58.2116
-59.6288
-60.0167
-58.7331
-58.8741
-58.5137
-57.8308
-58.1649
-57.4567
-59.2176
-58.0666
-58.9743
-59.3738
-57.8616
-58.0789
-59.4493
-57.5689
-59.0974
-59.9707
-59.3491
-58.7395
-55.9036
-58.2186
-57.8159
-57.9882
-58.0623
-57.9907
-58.5632
-60.4452
-59.6578
-57.5459
-58.4876
-58.4666
-59.4265
-57.7623
-57.9222
-58.4755
-59.0856
-57.0644
-58.9415
-59.5974
-59.5932
-58.1758
-58.7831
-58.7464
-58.9864
-58.9217
-59.1629
-58.4878
-60.4204
-59.1678
-59.9311
-60.0471
-58.7854
-58.4341
-58.1250
-57.8222
-58.8080
-57.8530
-58.6476
-57.3593
-58.1614
-58.2093
-57.9511
-59.1514
-59.1954
-58.9212
-55.8680
-58.8032
-58.1110
-58.2369
-58.4291
-58.8000
-57.2035
-57.7222
-58.3965
-60.1239
-58.7595
-58.7605
-56.9286
-59.2098
-55.9473
-60.4652
-57.8188
-58.4633
-57.6886
-57.3334
-58.9866
-59.9694
-58.8845
-57.7961
-60.1453
-57.4577
-59.6685
-57.1713
-58.2952
-58.1189
-57.6637
-59.9143
-56.3276
-58.5462
-58.9260
-57.5833
-58.7996
-57.8661
-57.7817
-60.1009
-59.0718
-59.0736
-58.2797
-58.7406
-58.5951
-58.1146
-58.8512
-58.0932
-59.1526
-60.1949
-58.0572
-59.1165
-58.3818
-58.9513
-58.6917
-57.0233
-58.2147
-57.1773
-55.9866
-58.5064
-58.7394
-58.6158
-58.9120
-59.4358
-57.2332
-58.1220
-58.9708
-59.2416
-57.9771
-57.8572
-58.9520
-57.5532
-58.9048
-57.7235
-60.1168
-58.5585
-57.5198
-58.6498
-59.6422
-58.0092
-59.5447
-57.7853
-58.3436
-58.8492
-58.5023
-58.7301
-59.1836
-59.1724
-59.3309
-58.3159
-59.2883
-59.0520
-58.7428
-59.1428
-59.3410
-59.9553
-59.9161
-60.4821
-59.0586
-59.4254
-57.9272
-57.7085
-60.2168
-59.5214
-60.1987
-58.2088
-59.2202
-57.7821
-59.3455
-59.8666
-58.8030
-59.0188
-58.1343
-58.5256
-58.7844
-57.7208
-59.6521
-58.0275
-59.0084
-59.1311
-58.5692
-60.4414
-58.9488
-58.1306
-56.4890
-58.2128
-58.6929
-58.9609
-59.4659
-57.1567
-57.7398
-57.7912
-59.1369
-60.5017
-57.8222
-58.8659
-59.3692
-59.5478
-57.1115
-58.0361
-58.1676
-59.0754
-56.9754
-56.0212
-58.9365
-58.7501
-57.7484
-59.0188
-58.0111
-58.1824
-59.5027
-58.1042
-59.5565
-60.6900
-58.9538
-57.8383
-58.9145
-58.4932
-58.1992
-58.8342
-57.4812
-58.7455
-58.1163
-59.0857
-59.0568
-57.0286
-59.1597
-57.0909
-59.3473
-59.1494
-60.2608
-59.1206
-57.7453
-57.8124
-58.0871
-58.9286
-59.1426
-59.0824
-57.8323
-58.7774
-59.4593
-59.4463
-57.4489
-58.4267
-57.8330
-60.5757
-58.6200
-58.7516
-58.0370
-58.6966
-60.0590
-59.1875
-57.7677
-59.6993
-57.3989
-58.8284
-59.5770
-57.4259
-59.1751
-59.2462
-57.7601
-58.7472
-57.2146
-59.2589
-58.0727
-58.1292
-58.1506
-60.5361
-58.8458
-58.0937
-57.9638
-58.1385
-59.3059
-59.9788
-59.4282
-57.8285
-59.9770
-59.0753
-57.8538
-57.7973
-59.0329
-60.5347
-58.8598
-57.0963
-59.7134
-57.8075
-58.9162
-60.2492
-58.7967
-58.5763
-60.2271
-58.4065
-58.1483
-59.1455
-59.9996
-59.0268
-59.0425
-58.7604
-60.0418
-57.7639
-58.9560
-58.1709
-60.2964
-59.2655
-59.1728
-58.6108
-57.7624
-58.3271
-57.6700
-60.1201
-59.3929
-59.0347
-58.0721
-58.3775
-60.5455
-57.9071
-58.1416
-60.3068
-60.3964
-58.2016
-58.7927
-58.1761
-57.9116
-58.3969
-58.8322
-59.4209
-58.5377
-58.3184
-57.6838
-57.3662
-58.8917
-57.7581
-58.7542
-58.2940
-59.0464
-59.3415
-58.8391
-58.0853
-59.1355
-59.6967
-58.3302
-59.2730
-58.4512
-58.6013
-58.7856
-59.3078
-60.6527
-57.6993
-59.3013
-57.4694
-59.3121
-58.6269
-59.2009
-58.8655
-60.3136
-58.4282
-59.6120
-58.7021
-58.3420
-58.8905
-60.1958
-58.0510
-58.9337
-58.2349
-59.0441
-59.4578
-57.8434
-59.8764
-56.4979
-57.2172
-59.7969
-57.1387
-58.4776
-58.4327
-58.0849
-59.3214
-58.8638
-59.1024
-58.6372
-59.4141
-60.5081
-57.6973
-58.2093
-57.9551
-57.6744
-58.5127
-57.9147
-58.9805
-58.8813
-60.3447
-57.5185
-57.8081
-59.2050
-60.0431
-59.0775
-60.4775
-57.3404
-57.9954
-59.0426
-60.4737
-59.0654
-58.1692
-58.3327
-59.3512
-60.2947
-59.4899
-57.8630
-58.0823
-59.8385
-59.5917
-58.9531
-57.6791
-58.5539
-58.1764
-57.8756
-58.8493
-58.2241
-60.0523
-57.9323
-59.4193
-59.9783
-58.3674
-59.5755
-58.4263
-58.4275
-57.8446
-58.8231
-60.2281
-58.7761
-57.9250
-59.1836
-60.0955
-59.0406
-58.9529
-59.6035
-58.2947
-59.7259
-58.2358
-58.8738
-59.4335
-60.1541
-57.5197
-57.2996
-59.0530
-58.4102
-59.8949
-58.8396
-58.7834
-59.6586
-58.2763
-58.9251
-58.8666
-59.0288
-57.3842
-58.1297
-57.6099
-60.1922
-58.8413
-57.0057
-57.9038
-59.2173
-59.0460
-60.3647
-58.5623
-58.9133
-58.3877
-57.6804
-59.3174
-59.1947
-57.7218
-59.7588
-57.8135
-57.6860
-57.6073
-58.7694
-56.1364
-58.8882
-58.1642
-59.4180
-57.8331
-59.2665
-57.5891
-58.0773
-60.1020
-59.0768
-58.8224
-58.0279
-58.3526
-57.6016
-58.9228
-58.2828
-58.4448
-59.0961
-60.0933
-59.0061
-58.4734
-58.0414
-58.9234
-58.8819
-58.5480
-59.9669
-58.5663
-58.2130
-58.1673
-59.4689
-60.3525
-57.7329
-58.0768
-58.8469
-59.6501
-59.0512
-57.7270
-58.2895
-57.8102
-57.6125
-57.2686
-57.3346
-60.1083
-59.6219
-55.9298
-57.9969
-60.5850
-59.4650
-57.8426
-60.0661
-58.7539
-55.9794
-60.2742
-58.6698
-58.6573
-60.3940
-57.7981
-59.0159
-58.2387
-58.8248
-58.9404
-59.8587
-58.9429
-59.1786
-59.1375
-55.8470
-56.7814
-58.3276
-59.5609
-58.8686
-59.0660
-58.1691
-58.3325
-58.1506
-60.4509
-57.7188
-59.0224
-57.1458
-59.4929
-57.6621
-57.7595
-57.5162
-60.3962
-59.0928
-58.5945
-58.3035
-58.9833
-58.3741
-57.4986
-58.0553
-57.3541
-57.7542
-59.1417
-56.6346
-58.5869
-56.9191
-58.3917
-57.7899
-59.8571
-58.8423
-58.6613
-60.5165
-57.8632
-60.1812
-57.3948
-60.5747
-57.6719
-57.5370
-59.6880
-58.8796
-59.7354
-59.1550
-58.8914
-58.6452
-58.7079
-59.9804
-59.3368
-57.7187
-58.9268
-59.2877
-58.0875
-58.0791
-58.4484
-57.5793
-59.2637
-58.9791
-59.7678
-57.4524
-59.0129
-58.1690
-59.4469
-57.4611
-59.0934
-59.0716
-58.5702
-57.9004
-59.6299
-57.8165
-59.4643
-56.4067
-57.7883
-58.8603
-59.1411
-58.9888
-58.7630
-58.8502
-58.0503
-58.5612
-57.9474
-57.9980
-58.0227
-58.9696
-58.9205
-58.6453
-58.0824
-58.8515
-56.6593
-59.9441
-57.3112
-58.1735
-57.1688
-59.2222
-58.3869
-57.7310
-59.2677
-59.4658
-58.1588
-59.0641
-58.2694
-59.7552
-57.9491
-57.0974
-59.4500
-58.9420
-58.7272
-59.8352
-59.3549
-58.8657
-59.5257
-58.5453
-58.0781
-56.9479
-57.7849
-59.9334
-58.1723
-59.5499
-57.3555
-59.0560
-59.5143
-60.1580
-58.7716
-59.0367
-59.5551
-58.1829
-57.8154
-59.6867
-59.1257
-58.8998
-58.2983
-58.3684
-59.1313
-59.2641
-59.3086
-58.4621
-57.6786
-58.0518
-59.7710
-57.4375
-60.2944
-56.5295
-57.8189
-59.3625
-57.1617
-59.1721
-59.5543
-58.8917
-58.5878
-57.6971
-60.2555
-59.5711
-58.3467
-59.9161
-57.7418
-57.6618
-59.3449
-57.8499
-58.9666
-59.2083
-59.7166
-56.9329
-58.1883
-57.6872
-58.3566
-59.6559
-59.6199
-58.1952
-58.7570
-59.2451
-57.2872
-58.4437
-58.8712
-57.9054
-58.1699
-59.1534
-58.4711
-59.5529
-58.6171
-58.3567
-58.0639
-58.6438
-58.6341
-58.1052
-60.8422
-57.2844
-59.6400
-58.8145
-58.1612
-57.9776
-58.0255
-57.5416
-59.8779
-59.5429
-57.8776
-60.6816
-56.9475
-57.8607
-60.1026
-57.9472
-59.9897
-57.0241
-59.8577
-59.2956
-59.3346
-60.2808
-57.9381
-58.2278
-57.5968
-58.1544
-58.3241
-59.8989
-58.7255
-57.6728
-58.5268
-58.2427
-59.4504
-57.8132
-58.8459
-59.1144
-58.3556
-58.0256
-59.9802
-57.7744
-57.0538
-58.7496
-60.3168
-59.8216
-58.1225
-57.6790
-59.3451
-59.9132
-59.7949
-57.4796
-59.5907
-59.2337
-57.4090
-59.5560
-58.3132
-58.2004
-58.0131
-58.5330
-60.0066
-57.8641
-57.7596
-58.2612
-58.5030
-57.9171
-58.2172
-58.3099
-59.7352
-56.9701
-58.0740
-59.0606
-59.3010
-58.9694
-59.9774
-56.8964
-58.2387
-57.7411
-58.1580
-57.9496
-58.1036
-58.0735
-59.3450
-59.5881
-56.3495
-58.1893
-59.3463
-59.2014
-60.2722
-59.4146
-57.8291
-56.9419
-57.8571
-59.3562
-58.4671
-58.7459
-57.9859
-59.4421
-57.4329
-59.0155
-58.8069
-57.6076
-58.2226
-59.1172
-58.7779
-56.9813
-58.2388
-58.6096
-59.5888
-59.6177
-57.7418
-58.9752
-57.8366
-60.0118
-58.5566
-58.1699
-56.7014
-59.8494
-59.4013
-58.0023
-59.4006
-57.9669
-58.8526
-58.1549
-58.0876
-59.2283
-58.9427
-57.5647
-58.2879
-58.2997
-59.2241
-60.1036
-59.2193
-58.9584
-59.4634
-59.2530
-58.2785
-60.1604
-58.2040
-57.5943
-58.8260
-58.8757
-59.2859
-60.0187
-58.1719
-60.1395
-58.1535
-59.9460
-59.4418
-58.6858
-58.8551
-58.1134
-58.6752
-58.1801
-59.5293
-59.1164
-58.3530
-57.9069
-59.2545
-57.8527
-59.4902
-59.5368
-57.7838
-58.4933
-57.9129
-59.2405
-58.5723
-57.3301
-58.1277
-60.0375
-57.8714
-59.1162
-58.3184
-58.2719
-57.9463
-59.6550
-57.7627
-59.0831
-60.1715
-59.0415
-60.5373
-57.9542
-58.4218
-59.2783
-59.7159
-58.5606
-58.6033
-58.1619
-58.8203
-58.5452
-59.0387
-59.4470
-57.7910
-57.7056
-60.4768
-60.5327
-58.7969
-60.0619
-56.3463
-58.1400
-57.8525
-58.2648
-58.2412
-59.2312
-58.4502
-59.6872
-58.0201
-59.6623
-57.3707
-59.3853
-57.6494
-56.9854
-58.0107
-58.0665
-57.5896
-59.5596
-58.7965
-57.6123
-59.8762
-58.8043
-59.3601
-59.7723
-57.9152
-58.8712
-58.4964
-57.8144
-59.1373
-57.8532
-58.0885
-57.8209
-59.4423
-57.0505
-59.2506
-57.9017
-58.2663
-57.9742
-58.7053
-60.3493
-59.0839
-58.1020
-57.8122
-60.3622
-57.8306
-59.9339
-59.4062
-59.4667
-57.7335
-59.1291
-60.4320
-58.1872
-60.4772
-59.2920
-58.1475
-59.2958
-60.2661
-57.3661
-60.4817
-57.0248
-58.9658
-58.1945
-57.8404
-57.9724
-58.5442
-59.4373
-58.9078
-58.0789
-58.7896
-57.3141
-57.8215
-58.1490
-59.2642
-57.5635
-58.1048
-59.9944
-58.8224
-58.4755
-59.4837
-58.3710
-57.8250
-59.6651
-57.8733
-58.2865
-57.8011
-58.6551
-59.2556
-58.8666
-59.1306
-59.6004
-59.6223
-60.3481
-59.7201
-59.7947
-57.7045
-60.1027
-60.5210
-58.8039
-59.2220
-58.6762
-58.2329
-57.9733
-58.4920
-57.9461
-58.7259
-59.1132
-57.8108
-58.1914
-58.6639
-58.2078
-58.4776
-56.9010
-58.0382
-59.4896
-58.7401
-59.5907
-59.9466
-59.2279
-58.3174
-59.3414
-58.6229
-58.3829
-58.7116
-58.6031
-56.3419
-58.7158
-59.3979
-57.8873
-57.9341
-57.7966
-58.7883
-57.6790
-59.1969
-59.8842
-59.4138
-58.1246
-57.5326
-59.7163
-56.4271
-57.8863
-58.2325
-57.6567
-57.4195
-57.4513
-59.6348
-56.6380
-58.2157
-59.0161
-59.7783
-58.2411
-59.5278
-58.6021
-59.4211
-58.5246
-58.9333
-60.2778
-58.7855
-60.4480
-58.9609
-58.4511
-57.9298
-57.2917
-57.7674
-57.8766
-59.8689
-58.2844
-60.3700
-58.8136
-58.1339
-59.7336
-57.8703
-58.7457
-59.7058
-60.2337
-60.3314
-60.6747
-57.5258
-59.2143
-58.2533
-58.9582
-59.6116
-59.4825
-59.7680
-58.1070
-58.0570
-57.9515
-59.6678
-59.2293
-57.8015
-57.5455
-58.3976
-58.3954
-58.4750
-57.8754
-58.8864
-58.1867
-57.5997
-57.7300
-58.7242
-57.8353
-59.3023
-58.2884
-59.2357
-58.0393
-59.1376
-57.5633
-57.7760
-59.3369
-59.1274
-58.0864
-57.2206
-58.6760
-59.1223
-56.5407
-58.4164
-59.2552
-57.8581
-59.2800
-57.7535
-59.8337
-59.3812
-58.1481
-57.8639
-58.4543
-58.2303
-59.6508
-59.9833
-59.6804
-59.3703
-59.6979
-58.7505
-57.9037
-57.4009
-59.0105
-58.3346
-57.8045
-57.4563
-59.9050
-60.5538
-59.0743
-58.1625
-60.2460
-57.9946
-57.1452
-58.4871
-57.8206
-59.1563
-60.0504
-57.9904
-59.5224
-58.7632
-57.9760
-58.0038
-57.9364
-59.4566
-57.6856
-58.3634
-58.0168
-59.8362
-57.3160
-58.0087
-59.3305
-58.3620
-57.9121
-57.1205
-57.0458
-59.1390
-59.1933
-59.6619
-58.7389
-58.4372
-59.2125
-58.3839
-58.6456
-58.3462
-58.4314
-57.8789
-57.7535
-58.2754
-59.0605
-58.6646
-58.4491
-59.4492
-60.3589
-58.3639
-60.1664
-57.6503
-59.1877
-57.9459
-57.7171
-60.3482
-58.1645
-58.9494
-59.7893
-57.6264
-59.2965
-59.5550
-58.0672
-58.3607
-60.1859
-58.0658
-57.7841
-58.0157
-59.0880
-59.4257
-60.4366
-58.5772
-58.7977
-59.0308
-58.9845
-57.6294
-58.0671
-57.7665
-59.0734
-58.2394
-59.0691
-58.9485
-58.2273
-59.1666
-56.7101
-57.9529
-60.0359
-57.7854
-57.7533
-59.4323
-60.7557
-57.0693
-57.7386
-57.0332
-57.0895
-60.0369
-59.3018
-57.9951
-59.9070
-58.6846
-59.9438
-58.5912
-60.4529
-59.3662
-60.2814
-60.5602
-58.1677
-59.9819
-59.2267
-57.8806
-57.9244
-58.2991
-59.5171
-60.5659
-59.5092
-59.1591
-58.2748
-57.2441
-57.8711
-59.0187
-57.5401
-59.9747
-58.8115
-58.5076
-59.5882
-59.9756
-59.0967
-58.4968
-58.4365
-57.8947
-56.7932
-60.4231
-58.3269
-57.7533
-58.4033
-58.0298
-58.1725
-60.1221
-59.3270
-59.3087
-59.1551
-58.7260
-59.6751
-58.2927
-58.5218
-60.9426
-56.9246
-58.1855
-58.7329
-60.2262
-58.3467
-59.7436
-59.9724
-59.7809
-60.2254
-57.3444
-59.2019
-58.1135
-59.7700
-59.3323
-58.8835
-58.5976
-59.2194
-59.2624
-57.7685
-58.4009
-59.4976
-60.2165
-57.8679
-57.7736
-60.5530
-58.3719
-59.1086
-58.2175
-59.5765
-58.3599
-58.5798
-57.8216
-58.4333
-59.0681
-57.8427
-59.1959
-59.1490
-57.8961
-57.7806
-58.2987
-58.4606
-58.9053
-57.9353
-58.9018
-59.2348
-59.9324
-58.2507
-59.1955
-59.7135
-58.2891
-59.3852
-58.4918
-59.6439
-58.3213
-59.3388
-57.4061
-60.3252
-60.4325
-57.7400
-57.8965
-58.0984
-58.6781
-59.3406
-59.8119
-60.2962
-58.2782
-57.9095
-57.9946
-59.8500
-59.0779
-58.6872
-58.2111
-59.1764
-58.1118
-59.1002
-58.3798
-59.3323
-58.0803
-58.0919
-59.9735
-57.3595
-59.1642
-59.3497
-59.7103
-58.1706
-57.3476
-58.9363
-57.9317
-59.2187
-59.9639
-57.8868
-58.8111
-58.5606
-57.8511
-58.0376
-60.0706
-57.0881
-58.6822
-58.5600
-60.0194
-60.3239
-57.9463
-58.0223
-60.8467
-58.4843
-57.9208
-59.5918
-59.5038
-58.3325
-58.2327
-57.9788
-59.9120
-58.2409
-59.1231
-58.5862
-59.0841
-60.5040
-58.9452
-58.3169
-57.8564
-57.9227
-59.8348
-58.4977
-59.3429
-58.1349
-57.9697
-58.0659
-59.2854
-59.6552
-58.3833
-60.0936
-58.2701
-60.0271
-57.5497
-59.7497
-57.9970
-59.3291
-58.3056
-57.6950
-59.5901
-58.1143
-58.2221
-57.0758
-58.5640
-59.6214
-59.9599
-59.2494
-57.7654
-57.7403
-59.3308
-59.5468
-58.0900
-58.8474
-58.7508
-58.2733
-57.9063
-58.1867
-59.1426
-58.0418
-59.2062
-58.5772
-58.6906
-58.3071
-59.1514
-58.3065
-59.8044
-58.3503
-60.2265
-58.3861
-60.4242
-57.3037
-58.8518
-58.3772
-58.3929
-58.2485
-58.0591
-57.8996
-58.9840
-60.5354
-59.0584
-58.5199
-59.6031
-56.3751
-59.8446
-59.9425
-57.4243
-58.5142
-59.6800
-60.4273
-59.8692
-60.1676
-59.3555
-57.9428
-57.7381
-58.7669
-59.6372
-58.1458
-57.9192
-59.0984
-57.5521
-59.5145
-59.9238
-57.2171
-58.2202
-58.7699
-58.4084
-59.1087
-57.7603
-56.5519
-58.1527
-58.4815
-59.9803
-57.7947
-57.7528
-59.7195
-59.9235
-59.4120
-58.0978
-56.2689
-59.4254
-57.9105
-58.6130
-58.3132
-60.4263
-57.9797
-57.6552
-57.9374
-56.9414
-58.1301
-58.1837
-58.9844
-57.8403
-60.4632
-58.2195
-57.3786
-59.4307
-57.9451
-57.6817
-58.6479
-57.4814
-57.6953
-59.5934
-59.4805
-57.5606
-57.9472
-58.9587
-58.2404
-58.6112
-59.2678
-59.0621
-57.3168
-58.1644
-57.8567
-58.1496
-58.3866
-58.5455
-60.5763
-58.4155
-60.3782
-58.1464
-58.8444
-57.7471
-58.0021
-58.4739
-57.6763
-58.3402
-58.3030
-59.4297
-60.4027
-60.3258
-58.4973
-59.9932
-57.7616
-59.7694
-58.3392
-58.7433
-59.0932
-59.1984
-59.3653
-59.6979
-59.4346
-59.6540
-58.6533
-59.0475
-59.6784
-58.2455
-59.6107
-57.9738
-58.3598
-57.8575
-58.9390
-60.1186
-57.8617
-60.7286
-57.8401
-58.0761
-59.3826
-57.5078
-58.3389
-59.2200
-60.0608
-58.1144
-58.4668
-59.6120
-58.1678
-56.8790
-59.4568
-59.4499
-59.8844
-59.0962
-60.1864
-59.2666
-58.2507
-60.0127
-57.9845
-58.3804
-58.8693
-58.4945
-59.7624
-58.8316
-59.2943
-59.3066
-58.5103
-59.3874
-59.0099
-58.9861
-59.2616
-59.0453
-59.7691
-59.2023
-58.3271
-58.6478
-58.8200
-58.4842
-56.8702
-59.1883
-59.9111
-58.1294
-59.8668
-57.5377
-58.0539
-58.1464
-58.7870
-57.9638
-58.2613
-59.3251
-57.5485
-58.1981
-58.8409
-60.0755
-59.8522
-57.4336
-58.1583
-58.6831
-60.7046
-59.1891
-58.3921
-58.5946
-60.4348
-59.7537
-57.8130
-59.0606
-58.5805
-58.4887
-58.2760
-58.0899
-59.8318
-57.7193
-57.9152
-58.1685
-60.2383
-59.1948
-57.4706
-59.7983
-57.7343
-58.2842
-57.8632
-58.2705
-57.9061
-59.5110
-58.6081
-58.2140
-59.9438
-58.7299
-57.8676
-58.8272
-59.1657
-57.6100
-60.0414
-60.6102
-59.6641
-58.2626
-58.9827
-60.0028
-58.4207
-60.1454
-60.3064
-57.8403
-58.4838
-57.8088
-59.4939
-58.7570
-58.5393
-59.8592
-57.7624
-57.2875
-57.0957
-60.0164
-59.6968
-58.6646
-58.9071
-58.8076
-58.0566
-58.8864
-58.4338
-59.2533
-60.3383
-59.3954
-58.8858
-58.0302
-58.1246
-60.0677
-59.2378
-58.1199
-59.3651
-58.0412
-58.9511
-60.4997
-59.1016
-57.0265
-57.7568
-58.9919
-58.3495
-56.5709
-58.6549
-59.6147
-59.9505
-60.5038
-56.8660
-59.1157
-59.6816
-58.9235
-60.0196
-57.5708
-58.3718
-60.5088
-58.7105
-58.1093
-58.9418
-59.8834
-59.7899
-59.0762
-60.5366
-58.2138
-58.8285
-60.4449
-58.9861
-60.3442
-59.5612
-59.1083
-58.6016
-58.3285
-60.5015
-58.4994
-57.9679
-58.7971
-58.1437
-58.1108
-59.4924
-56.3217
-57.6898
-59.1905
-59.8854
-58.7699
-60.1367
-59.4982
-57.1861
-57.7804
-57.0403
-59.2264
-58.6913
-57.8844
-58.1749
-59.1646
-60.2434
-60.2970
-58.7050
-57.9996
-58.0868
-57.6670
-57.9511
-58.4321
-57.9458
-57.6038
-56.8379
-57.8016
-57.2553
-58.7014
-58.5399
-58.3826
-58.0773
-57.1689
-57.1609
-57.5184
-59.7292
-57.9285
-60.6188
-60.3427
-58.3339
-59.2796
-58.9940
-56.3221
-59.9733
-58.3810
-58.1836
-58.7125
-58.7698
-59.5528
-58.7584
-60.6074
-58.3023
-59.8922
-59.3523
-58.7976
-58.4638
-58.1344
-57.7584
-58.0526
-57.9048
-59.8466
-58.2304
-59.5030
-58.4833
-58.1224
-59.8434
-58.9393
-58.0103
-58.1740
-59.5324
-58.2852
-58.7472
-59.5461
-57.8974
-57.9474
-58.9081
-59.2810
-59.9867
-59.4268
-58.7174
-59.5931
-60.0242
-57.5424
-58.0995
-60.0465
-58.5781
-58.1078
-58.7257
-58.6170
-58.4807
-58.8654
-57.7460
-59.1242
-57.9425
-59.2140
-58.7981
-58.1906
-59.1336
-58.8871
-59.1916
-58.6740
-58.0836
-59.5655
-58.5953
-59.9556
-59.5549
-58.3507
-57.8366
-56.4406
-59.7375
-58.5240
-58.5716
-58.1223
-58.3785
-58.8748
-58.0431
-57.0569
-57.6402
-59.4743
-58.1394
-58.2463
-58.1752
-59.2381
-56.5275
-57.9006
-59.3410
-56.8461
-59.5454
-59.4603
-57.3628
-59.6062
-58.0900
-57.8348
-58.3349
-59.2006
-58.0817
-58.5946
-59.5757
-57.9081
-58.3851
-58.2862
-59.2434
-60.5961
-59.4209
-57.3485
-59.6450
-57.4387
-59.2105
-59.5491
-57.9067
-58.0296
-58.8471
-57.9645
-59.9247
-59.0379
-58.2809
-58.5293
-60.0670
-59.1773
-58.0754
-58.7060
-59.4931
-58.2144
-58.4976
-59.5407
-58.0056
-59.2619
-58.2062
-58.3385
-58.3533
-59.8444
-58.0638
-59.1161
-58.4350
-57.9887
-57.8509
-58.5721
-59.1501
-58.3382
-57.9055
-59.2627
-59.4229
-58.8629
-59.2392
-58.8771
-58.0511
-59.4441
-58.6689
-59.2700
-59.2021
-59.6825
-57.7778
-58.2781
-57.9620
-59.0030
-59.2049
-59.3085
-57.8745
-58.5685
-58.5101
-59.3710
-57.9138
-60.3400
-59.0638
-58.2790
-59.3086
-59.3645
-56.9873
-59.9373
-58.9269
-57.9506
-58.7702
-59.8388
-58.7162
-59.2553
-58.8584
-57.9616
-59.5525
-59.0642
-57.9252
-58.3630
-58.5077
-59.1269
-58.1431
-57.7318
-59.2924
-57.8973
-59.2328
-58.5966
-58.2165
-57.0163
-58.2849
-58.0243
-58.8878
-57.0880
-58.8995
-58.1682
-59.3492
-60.1116
-59.8804
-58.9275
-58.8014
-58.0961
-58.1695
-59.1308
-58.4751
-58.1066
-57.9044
-58.0834
-59.0879
-58.2907
-57.5668
-58.0446
-58.3775
-58.6990
-57.0351
-60.0655
-58.1439
-58.1350
-59.5851
-58.0801
-57.8801
-58.9854
-58.3568
-59.1608
-57.9899
-59.2380
-58.5650
-59.9541
-57.9463
-59.0306
-57.8565
-58.2335
-59.1519
-59.0115
-59.4286
-58.1776
-58.7111
-59.4895
-57.7507
-59.2738
-58.8926
-58.1813
-57.8207
-58.9068
-57.9203
-58.9599
-58.6052
-60.0335
-56.4476
-59.9394
-57.3863
-59.4160
-59.5924
-57.5418
-57.6743
-57.8056
-57.6742
-57.9134
-58.5534
-57.8775
-59.0768
-60.1877
-58.1772
-59.6666
-59.2065
-58.6004
-58.3705
-57.7846
-60.2595
-56.6281
-58.0381
-56.9637
-57.4477
-58.7525
-59.6545
-58.1172
-57.5305
-58.3744
-59.1351
-58.8662
-60.3305
-58.1641
-58.2151
-58.1346
-59.1298
-60.5140
-56.8849
-59.8519
-58.0537
-59.9265
-59.9075
-58.5948
-58.2844
-58.9310
-56.8996
-58.7596
-58.7504
-58.1166
-58.1711
-58.7606
-59.8949
-57.9336
-57.4383
-59.8376
-58.3889
-59.4489
-59.5679
-58.7007
-57.0188
-60.0736
-60.0158
-58.2387
-59.1964
-58.4895
-59.4214
-57.7678
-57.9800
-58.8905
-57.8655
-59.6163
-59.7097
-57.8135
-58.7786
-57.7844
-59.0209
-58.3117
-59.1661
-60.3198
-58.0979
-57.2509
-57.8823
-59.2478
-58.3293
-57.8881
-58.6934
-58.4900
-57.9241
-56.4142
-57.6620
-56.6708
-60.4482
-59.2622
-59.0131
-58.0442
-59.3346
-58.2013
-59.6066
-57.6362
-58.2607
-59.1415
-57.6198
-60.4669
-59.9760
-59.3732
-57.1228
-58.1934
-58.8268
-58.7667
-56.9997
-59.3513
-58.0825
-59.6356
-58.1490
-58.8020
-57.8278
-57.6761
-57.6827
-59.6125
-57.9998
-58.0945
-59.1618
-58.3376
-58.4877
-58.8022
-58.9580
-58.1549
-58.4488
-57.9473
-60.1263
-58.2703
-58.8002
-60.1862
-58.9322
-57.7802
-58.4331
-58.3763
-58.3603
-58.0265
-59.3238
-58.6639
-59.1377
-59.5864
-59.9983
-58.0159
-58.2491
-57.8709
-58.0190
-59.5999
-59.1509
-58.9238
-57.3760
-58.3656
-58.5723
-60.0179
-59.9088
-58.4029
-59.4343
-59.4381
-59.6349
-59.4446
-59.5852
-57.9883
-59.1480
-59.6647
-57.0304
-58.7013
-58.2449
-57.7648
-58.2202
-59.4008
-58.3976
-57.7772
-59.3043
-58.1086
-58.1637
-60.0535
-60.0260
-58.3454
-58.3207
-56.4402
-58.9367
-58.1429
-58.2032
-58.0123
-58.4109
-58.1929
-57.9517
-58.7375
-59.7987
-57.3124
-57.7395
-59.1617
-58.4675
-59.1998
-57.5371
-59.2629
-58.1053
-60.0896
-58.1129
-58.0557
-59.4209
-57.9547
-59.4029
-60.1911
-58.9760
-58.3256
-59.9207
-59.9661
-58.0498
-59.6681
-57.9652
-59.6492
-59.9607
-56.4282
-59.3971
-57.7106
-60.3818
-57.9585
-58.5156
-58.9648
-57.8661
-57.4626
-58.1780
-59.1723
-58.3263
-57.8757
-59.9524
-59.3481
-59.6246
-58.1740
-57.3199
-59.2666
-60.2303
-60.5637
-59.9204
-57.6901
-58.9656
-57.1780
-60.1851
-58.3912
-59.0245
-59.5453
-56.9481
-58.3754
-60.1176
-57.9572
-58.2783
-58.1905
-58.7772
-59.7375
-58.4538
-59.3241
-57.8977
-58.1591
-57.7186
-58.4456
-57.5996
-59.8421
-59.3846
-57.3977
-59.1497
-58.8080
-57.6965
-59.3360
-59.2856
-58.4792
-57.9820
-58.1161
-59.1223
-57.6905
-58.3227
-59.4607
-60.6353
-60.2803
-57.5731
-58.4550
-58.8925
-58.6060
-57.8295
-58.6920
-58.2799
-59.0763
-57.8893
-58.6164
-58.0417
-59.4497
-59.6596
-59.1742
-58.6764
-59.4983
-58.4950
-57.9073
-56.9235
-57.6512
-57.5259
-58.1749
-58.2381
-59.9677
-58.7766
-59.5014
-58.1354
-60.9387
-57.4283
-57.9567
-58.3687
-59.2333
-58.2556
-57.9790
-58.8233
-58.5513
-58.3235
-57.9033
-58.3932
-58.0615
-59.0481
-58.4056
-57.8122
-59.1083
-58.1765
-58.0999
-58.0137
-58.0649
-57.9929
-59.9850
-57.9424
-58.9004
-58.8548
-58.9083
-58.8858
-60.1364
-59.3951
-59.4478
-58.8257
-59.2839
-60.6196
-59.2838
-58.9800
-58.2499
-60.6794
-57.8350
-60.4534
-57.0852
-59.3982
-58.4075
-59.4570
-60.3181
-58.5312
-58.1692
-57.9858
-59.3193
-58.5454
-58.9996
-58.3128
-57.6578
-58.6356
-59.5144
-58.7689
-57.8084
-59.2197
-59.8330
-58.3654
-59.5371
-59.3944
-58.6488
-60.6694
-56.5634
-58.0801
-58.1897
-59.4502
-59.4540
-59.4418
-59.6026
-60.1123
-59.2285
-57.9442
-60.1815
-59.8743
-58.7864
-59.8740
-58.0071
-58.3369
-58.2340
-59.0743
-59.5667
-58.5040
-58.0459
-60.0479
-57.7175
-60.0516
-59.6673
-58.1589
-58.3042
-58.2385
-60.4920
-58.9375
-58.1303
-59.9454
-58.3370
-56.8646
-57.9600
-59.0911
-58.7719
-58.3107
-56.8138
-59.1370
-59.6727
-57.7875
-58.9868
-59.0728
-57.3923
-59.0260
-57.8468
-58.3753
-58.1883
-58.6650
-59.6542
-57.9312
-59.0614
-57.7143
-59.2842
-60.6071
-58.8179
-57.9017
-60.0252
-58.0527
-58.0445
-59.3804
-59.0508
-59.8694
-57.5031
-58.0340
-58.2382
-58.8465
-57.7170
-56.3862
-59.4192
-58.9084
-57.7697
-58.8291
-57.7488
-59.6561
-57.9972
-58.4111
-58.1138
-57.3010
-58.3603
-58.0337
-57.7397
-57.8910
-57.8275
-58.6474
-57.6126
-58.3298
-59.3165
-56.5530
-57.7258
-59.3904
-59.0166
-59.1942
-57.6657
-57.7484
-59.5780
-58.4174
-57.7920
-58.0523
-59.3383
-59.3783
-58.2985
-60.0131
-56.4386
-58.7942
-58.4258
-59.3325
-57.6619
-60.1744
-57.8840
-57.8268
-58.7520
-59.0544
-58.5037
-59.2520
-59.5689
-57.9772
-57.8187
-58.0933
-58.0317
-57.8445
-58.2703
-57.9867
-58.3248
-57.3551
-57.7136
-58.4685
-58.5638
-57.5713
-60.2155
-58.6531
-57.5246
-59.2451
-59.2639
-59.4922
-58.6175
-57.5877
-57.7378
-59.8424
-57.4219
-58.1577
-60.0803
-59.7912
-57.4642
-57.6688
-57.8475
-57.5223
-58.4575
-59.2393
-58.0303
-58.0873
-57.4061
-58.1611
-58.2418
-58.2548
-59.0820
-58.1077
-58.1186
-58.1043
-58.3001
-58.8410
-59.4160
-59.8932
-58.0833
-57.8160
-58.3651
-58.9304
-59.2388
-58.3149
-58.8530
-59.6498
-59.6666
-58.0147
-57.3390
-60.0267
-58.1481
-58.2163
-59.2596
-58.5440
-59.8795
-60.4745
-57.9507
-58.9177
-57.0565
-60.3629
-59.7780
-58.7134
-58.4033
-59.3400
-56.4103
-57.6570
-58.4315
-58.7737
-57.3628
-58.4038
-57.6337
-58.5761
-58.2525
-59.2719
-59.4899
-58.8898
-58.2778
-57.9692
-59.8090
-57.1476
-59.2993
-58.6109
-58.0574
-58.4665
-57.9104
-57.9435
-58.7546
-58.1870
-59.1664
-57.9035
-57.8586
-58.4910
-58.6366
-57.7611
-59.0475
-58.2987
-57.8696
-57.7635
-58.3452
-60.2028
-58.0207
-58.1902
-59.8123
-58.0193
-60.3904
-58.4115
-59.0749
-58.8424
-58.0920
-57.9044
-59.6497
-58.8394
-59.6267
-58.4654
-59.4292
-59.3734
-57.8396
-60.5878
-58.7906
-57.8003
-59.5919
-59.2885
-58.7333
-60.2971
-59.4456
-59.8304
-59.8638
-59.6049
-59.1457
-59.4707
-57.9438
-57.7952
-59.3890
-58.7043
-59.3082
-59.5822
-57.7683
-58.1408
-57.8070
-59.2058
-59.1096
-58.2698
-59.1104
-58.4215
-57.8282
-56.2623
-59.7245
-59.3094
-58.4345
-58.7140
-58.3115
-59.2408
-58.4612
-59.1367
-58.3521
-59.0288
-58.8099
-59.7986
-58.4155
-59.3058
-59.4932
-58.7974
-57.7383
-58.8906
-57.5910
-60.1821
-59.5968
-60.4192
-59.3848
-58.8797
-59.9917
-58.9875
-58.0594
-59.0876
-58.5830
-57.7640
-58.8395
-58.1519
-59.1428
-57.8486
-59.5336
-59.4609
-58.2322
-58.0363
-57.8258
-58.1921
-57.7605
-58.4058
-59.0694
-58.7502
-58.1433
-59.5415
-60.2088
-58.3745
-58.1273
-58.8970
-57.8337
-57.8462
-59.1639
-57.6472
-57.7171
-58.8953
-58.4588
-58.0605
-58.1613
-58.2626
-58.3141
-60.2193
-60.5272
-58.1752
-59.1713
-57.5192
-57.7472
-58.2228
-58.3101
-59.2072
-58.0801
-58.3086
-58.3096
-57.9426
-59.3241
-59.3711
-57.9619
-59.6709
-58.5709
-57.9843
-57.8971
-58.6595
-57.8990
-58.7982
-60.0562
-58.1658
-59.4455
-59.9310
-57.5521
-58.1328
-60.5862
-58.9337
-57.0914
-58.1701
-60.2670
-59.3238
-58.8792
-58.1278
-59.5214
-58.3879
-57.7389
-58.2517
-58.1115
-58.7828
-59.4554
-59.5863
-57.8769
-59.7242
-58.5977
-59.6070
-60.3776
-59.0236
-59.4499
-58.5317
-58.9174
-56.8935
-59.8009
-56.8081
-57.4065
-59.1177
-59.5821
-59.4925
-59.5477
-58.1869
-59.3313
-58.0817
-58.1733
-58.4650
-59.9536
-59.3579
-58.8253
-58.1494
-57.4367
-58.3461
-60.5339
-57.5269
-58.0821
-57.5846
-59.3641
-59.9971
-58.8564
-59.5844
-57.2051
-58.1222
-58.3512
-58.7994
-59.6293
-56.4563
-58.3360
-58.8783
-58.4505
-58.1873
-57.6136
-57.5679
-60.1719
-57.1598
-57.7844
-57.8375
-60.0938
-58.4054
-57.9798
-60.0819
-57.4667
-57.7176
-58.7446
-58.3299
-59.7980
-59.6350
-60.2165
-59.8435
-57.3495
-60.0184
-59.1049
-58.0968
-58.0067
-59.4220
-56.4586
-58.4431
-58.2123
-59.7423
-58.2486
-59.7327
-57.8257
-59.1847
-58.0128
-59.2835
-59.0408
-58.0909
-58.3467
-57.8004
-57.1952
-58.7330
-56.8875
-58.7709
-58.3012
-58.3726
-60.1488
-59.3397
-58.5555
-57.6564
-57.9247
-57.7883
-59.0007
-58.6638
-58.0220
-59.0153
-58.3490
-57.6366
-58.7030
-58.4039
-57.7939
-57.1540
-59.5655
-59.4598
-59.5910
-58.2454
-59.0628
-60.3822
-58.2836
-59.8499
-58.2819
-59.3166
-58.8003
-59.3001
-58.6739
-57.8642
-58.4117
-59.6941
-58.7293
-58.4524
-59.3325
-57.9396
-57.9053
-59.2361
-59.1179
-59.4787
-57.4831
-57.9479
-58.2910
-59.0526
-58.6824
-60.6230
-57.4084
-57.9722
-58.8996
-59.0198
-57.8876
-56.4901
-58.7523
-58.5557
-59.0641
-58.5109
-58.4821
-59.2415
-59.4398
-59.2569
-56.7549
-57.4847
-60.4679
-59.0712
-59.6998
-60.3598
-57.5651
-59.1051
-59.6887
-58.1387
-58.8212
-59.0317
-57.4288
-59.0142
-59.2963
-59.3316
-58.3186
-59.5098
-59.1916
-57.9273
-59.9241
-57.8740
-58.5207
-60.5664
-57.9879
-60.0084
-58.1042
-58.8800
-58.9971
-59.6259
-58.3701
-58.1042
-57.8177
-59.3465
-59.1465
-58.2681
-58.5709
-59.1664
-60.6539
-58.4837
-59.0096
-60.3229
-57.8995
-58.1224
-57.9183
-58.3247
-59.6102
-59.6340
-60.3445
-59.7308
-58.9289
-58.5599
-58.9871
-58.7315
-58.0292
-59.4477
-58.7774
-58.8713
-58.9129
-59.7079
-58.1609
-59.3350
-58.2326
-59.8316
-56.3985
-59.6883
-58.2783
-57.9316
-57.7720
-59.8354
-58.0098
-58.4346
-58.7954
-60.6006
-58.3405
-58.3804
-58.3973
-57.8106
-57.6932
-58.0573
-59.6406
-58.6678
-59.1665
-56.3644
-57.6274
-60.1336
-57.5480
-58.2806
-58.6102
-57.1848
-57.6947
-58.8875
-59.2340
-57.7453
-59.0310
-57.7763
-58.2920
-59.8424
-59.6552
-59.4450
-58.3805
-59.8456
-59.2125
-58.2972
-57.7328
-58.9772
-59.8460
-58.1254
-56.9141
-58.6629
-59.0168
-60.4774
-59.1792
-57.8343
-58.8273
-59.4651
-58.2911
-58.0648
-58.0987
-58.2881
-59.0285
-59.1577
-58.5078
-60.1540
-57.8529
-58.2887
-57.7814
-58.1308
-57.8252
-58.0299
-59.9197
-58.3860
-58.6304
-57.9861
-57.7433
-57.9250
-58.5719
-57.7796
-58.3620
-58.8487
-58.6850
-58.2345
