22.9369
18.8849
17.5450
17.3978
14.8862
15.9121
16.3044
16.9372
25.0763
13.2088
15.3408
13.9025
18.4148
16.1685
17.0980
22.4376
18.2385
10.7930
16.2441
20.0602
21.1064
19.4588
15.1779
17.6080
19.2223
19.0806
17.0794
19.3570
19.5859
23.7793
18.6498
18.5381
20.2083
15.6743
20.1026
15.3515
15.3069
17.6989
18.4110
10.1854
14.3143
16.3772
16.0856
19.3889
18.0284
20.0369
16.8043
19.0133
20.2125
16.4544
19.3335
16.3733
17.4934
24.4663
26.3361
20.2614
18.7841
21.2351
21.4098
15.3710
17.5267
15.9189
23.4500
23.6087
21.6261
15.4535
17.5807
19.7077
19.8385
17.1017
15.0183
17.2412
19.2433
19.6770
16.1475
23.2195
21.0649
13.1130
18.1359
16.3125
23.6643
20.1929
15.3389
18.4548
17.0295
19.7942
21.8737
18.1516
16.1250
21.8958
16.0866
15.2599
24.0663
16.8646
19.2250
14.8897
19.7844
14.5422
23.2376
20.4278
14.6129
22.9811
15.5650
16.2576
19.3103
24.7415
16.8808
22.6464
15.4314
16.4945
16.6392
17.7962
25.8034
24.2773
18.2322
18.5886
17.8264
23.9427
15.5815
23.4246
16.4781
12.6375
17.0445
18.1203
15.3203
19.6925
15.6130
19.3367
19.1127
16.1837
15.2724
18.7462
14.7828
26.7349
16.6327
12.2199
15.8085
16.1833
22.7321
19.9697
19.7699
16.7779
18.2566
19.1189
19.8169
22.5868
21.6438
15.4230
16.5238
15.3262
23.9581
14.8989
17.1295
18.4546
18.8209
23.3195
15.2212
18.4725
18.3911
18.2634
16.2936
18.0877
19.5044
16.7789
19.1980
21.2725
17.7448
20.9848
18.6995
15.8258
15.9765
18.8891
21.2256
18.9036
20.2704
17.1001
21.0968
17.1836
18.6303
23.2125
17.4995
21.2479
17.4935
15.8724
21.1451
15.8481
20.9494
15.5051
15.6734
15.4478
17.0097
22.3551
25.4036
17.0455
15.1973
16.4254
16.6865
21.1934
17.0197
17.2584
13.8840
18.2166
20.4867
20.7752
18.7173
17.6672
21.1818
15.3185
15.3005
14.9355
18.5331
17.2629
16.8310
19.0163
16.7454
16.3547
11.8941
18.9113
22.2799
18.9789
17.7491
17.4723
18.2981
17.8272
16.6974
16.8595
16.3822
23.3261
14.9946
18.1923
18.6802
28.1953
15.6081
26.0935
25.5322
18.1915
21.0268
15.0314
26.2046
16.5921
20.1636
20.1704
20.2395
15.6223
16.4786
17.0656
20.0956
18.4889
17.0936
19.6040
15.6694
16.2210
20.2072
18.5802
20.1255
14.2943
19.1562
18.6832
20.1468
17.8927
19.9904
17.3913
20.0355
16.6208
26.6826
23.9412
18.5496
16.4973
16.6099
24.4688
20.9657
16.3387
20.0208
15.9458
12.4399
23.2702
18.7676
15.5520
16.8327
16.1518
15.9259
23.1073
19.8005
18.3758
18.2421
16.3157
16.3149
11.6935
16.0285
22.4478
26.5474
13.3549
15.2551
21.1080
17.2297
16.7531
20.7475
15.1141
15.8315
16.0179
20.6695
15.9358
22.5066
18.5062
16.9291
21.9752
16.2852
15.5633
19.6158
11.3976
17.6660
20.2499
16.8639
12.7255
18.1339
23.3709
16.0129
17.0139
10.1106
13.8213
19.6319
14.2983
17.4359
26.5485
26.9692
16.7863
16.0700
25.3809
15.0848
17.7482
20.4623
19.6988
19.8305
20.3757
20.0802
17.4434
19.2678
22.4543
20.1595
15.2071
15.4933
18.7519
17.4898
15.2459
20.2142
14.6623
22.6440
17.9364
16.8462
18.8855
18.4958
16.9686
16.4598
17.5396
28.0920
16.5866
24.0933
22.4788
15.4277
17.1764
23.3418
17.1037
16.5005
18.0150
22.0238
19.9563
21.0590
16.8702
23.1156
27.4120
18.9118
16.5270
16.9058
15.9280
16.1145
17.1120
18.0536
15.5776
15.1499
16.7230
19.9252
20.9052
19.4433
16.7888
16.3808
20.7297
19.9960
21.7426
12.0449
19.8538
23.4710
16.8854
16.4657
19.7973
23.3005
13.9573
19.9480
14.9517
19.1997
16.0179
25.7132
16.2307
16.8032
26.4849
21.9690
15.0422
13.0014
20.9483
23.6175
20.3917
23.9260
21.1769
26.9614
20.6275
16.0871
22.4375
18.8737
18.1701
20.3684
19.7696
18.9996
26.3141
19.4688
15.5006
12.3907
25.6872
19.9647
17.2457
18.0644
25.5075
16.5176
18.2251
19.8957
21.4837
18.0696
20.0022
17.4417
20.9157
17.6843
15.2809
20.5102
11.9689
20.6061
24.4733
16.5292
18.9688
20.4269
19.7759
18.7776
15.3366
23.4862
17.3129
16.8178
26.3733
17.2609
20.4451
18.5488
16.2418
19.7335
15.1874
18.1658
15.9246
19.8980
17.2757
9.8989
17.2583
15.2000
18.4411
19.6686
21.5401
25.4777
20.5966
16.9199
16.2845
20.8345
19.1058
21.4928
18.7166
25.8051
18.2461
22.0437
19.0090
15.7471
23.7117
20.7970
19.4685
17.9123
15.8710
20.2833
15.8996
18.2400
20.1003
17.4339
20.0851
16.7245
15.7370
24.3034
16.1765
15.9070
19.5504
15.9829
20.8501
17.8677
17.6153
12.2910
22.6333
23.0676
15.9327
18.0606
17.6189
24.7089
16.9193
24.8595
14.9782
23.0558
18.7165
15.5122
20.4728
17.2003
13.9480
17.1301
16.6136
18.8654
19.9616
15.9028
23.7489
20.9787
19.9653
19.7334
19.4678
15.6322
14.3758
16.0414
16.2392
24.5879
23.1200
18.2489
19.5809
20.2877
17.0021
11.9045
17.9046
19.5467
17.9995
17.1771
21.4173
21.3560
18.1903
17.1400
18.3699
18.5064
19.9447
15.5881
17.1364
15.4666
18.2510
15.3560
19.0784
23.3528
20.5081
18.5844
22.0310
19.0591
15.8596
16.5467
19.0520
19.0267
23.6151
13.2479
18.8065
18.6852
20.1139
26.6551
14.7363
18.3224
26.1730
18.0268
16.2768
16.5020
18.5886
15.3762
17.1645
19.2587
20.5862
19.5631
17.2203
20.2412
16.2528
20.7904
15.2138
21.3688
22.4725
15.9348
15.5871
18.7594
22.5122
18.5258
23.0746
16.4732
26.6409
20.2064
20.8068
20.2612
16.3599
21.0926
16.5001
18.4160
21.6524
16.6742
18.3281
19.0385
21.4152
26.2583
16.1990
16.6001
23.0665
26.1801
21.8135
23.0020
14.7844
16.1957
17.0959
18.0311
15.5101
19.5035
19.0815
19.2998
16.6927
23.2874
21.4358
21.1000
19.6901
21.6963
15.8930
15.4369
16.0487
16.1571
18.1861
11.8533
14.9514
15.7445
15.6473
20.1170
19.0431
15.3991
22.0769
23.1225
21.1034
17.2384
16.1273
17.8761
17.0175
20.2671
16.8676
21.6095
24.3179
23.0707
17.6771
17.3115
14.8586
18.5870
25.4328
15.2862
20.7253
13.1545
23.4381
17.5213
16.4960
15.6595
18.1918
26.3359
16.1268
20.3678
17.5445
16.7626
17.2937
17.4116
15.4482
19.7495
19.6945
15.4695
16.8308
16.4692
20.0098
20.1157
17.1463
19.9639
16.3853
15.1217
27.4349
17.9930
24.7916
18.2013
20.0531
21.1683
16.1448
16.7595
15.4868
15.2427
14.5614
26.3444
17.3099
17.1068
15.9053
17.4331
22.4372
21.3500
16.0829
17.8873
15.6918
16.8945
17.2598
16.9449
15.4240
17.0079
18.8039
24.3291
18.4909
21.9999
23.2510
21.2976
19.8382
15.5187
16.1216
21.7415
17.1411
26.4739
15.6595
23.3046
28.4758
19.8650
26.1050
18.4845
21.5627
15.7760
18.7686
16.8716
23.8366
15.5479
12.0373
23.9392
22.5726
17.7205
18.4509
26.4594
19.4515
15.2744
19.2549
19.9142
19.4143
16.8006
18.6679
17.1440
18.3317
24.4810
22.1458
16.2405
15.0882
15.8934
17.3964
16.8876
15.1005
15.0856
20.7800
14.3593
16.2100
24.1563
18.7539
26.6533
15.0414
18.3148
15.1741
23.7617
17.9549
16.9282
15.9620
23.3404
19.7370
15.3011
17.1193
15.6459
20.5581
15.7641
16.9402
21.6014
18.7227
20.0678
19.0633
16.5652
18.6564
16.0563
13.7696
20.1999
18.7574
20.9442
18.7070
15.4784
20.4088
18.0306
21.8122
19.7062
22.7814
16.9738
12.8543
25.9105
17.0570
16.7905
16.1800
14.9922
19.7462
17.0412
22.8038
18.8619
15.6413
20.0363
16.7904
20.1570
20.5792
18.7303
20.4480
22.8134
22.4725
26.0875
18.0297
17.9583
17.2611
16.1076
21.6088
12.1512
16.7368
16.2084
23.1185
19.1519
13.4649
20.7143
16.0937
20.0627
28.3518
22.2527
18.5740
14.9625
18.1291
20.9777
16.0019
16.0380
11.0672
17.0400
22.1173
16.4717
21.0162
16.8788
23.4174
17.3300
20.1650
15.9289
17.8738
21.2669
26.2109
17.0290
19.0745
20.0883
17.3317
21.0591
25.9848
16.1692
20.0526
18.8826
26.3548
20.3852
18.1169
19.8565
20.9218
20.3459
15.2491
18.0988
14.9416
15.9820
15.3400
23.2117
16.8215
20.9186
20.4171
16.2963
19.0664
17.0506
16.8377
17.8855
21.5738
15.1695
19.7705
17.6525
17.7097
22.3448
18.1576
16.5337
19.3601
20.5719
20.7524
20.2610
23.9181
18.3195
15.3959
21.3364
21.9529
20.3583
15.5771
20.6701
15.1156
20.0098
16.8864
16.0320
21.0417
20.4456
15.7650
16.1631
16.0176
16.0278
17.5217
16.7713
16.9563
16.3895
16.5188
18.4621
20.4105
20.9664
16.2988
22.2515
19.5881
16.7689
17.5755
18.9638
20.7996
23.0094
21.1329
19.2530
14.2159
25.3898
16.1563
24.5530
16.4343
22.8006
18.2452
20.8669
16.0045
19.0725
17.0340
16.6443
19.3882
18.2951
18.4736
26.3138
16.5779
17.0105
15.9631
23.0576
13.8699
19.3887
26.4272
19.9246
19.3545
15.4576
14.7140
21.1370
16.0328
13.1065
21.0682
17.2095
17.2902
16.0068
15.8834
18.1472
23.4083
18.3001
15.0877
17.7562
23.9022
18.5717
20.0570
19.9338
19.5450
23.8922
13.1973
15.9913
26.0273
14.6397
16.5025
19.9513
17.0755
20.5963
14.9120
15.9272
16.4752
22.5380
21.5122
15.6350
14.4409
19.2414
15.7175
23.2541
27.4434
21.4436
18.8209
19.7291
15.3365
19.9714
15.7805
23.5478
16.7159
19.9660
24.2367
16.6781
17.9313
17.3602
16.9411
17.5061
15.5842
17.9251
18.6517
22.5114
19.2203
19.6533
16.1550
24.9736
16.1776
18.7668
20.8730
9.6373
21.9331
19.2368
16.4187
20.1957
19.4152
20.4388
14.7215
18.0013
19.7546
17.2118
18.3686
19.9864
26.0283
23.3349
22.5596
24.9621
19.6572
17.4209
22.1997
15.5120
21.3186
14.9278
18.3101
16.1461
16.9311
18.8099
20.9550
15.0198
17.1518
16.3742
18.0829
16.3912
18.6242
19.8734
22.0651
21.1664
16.5014
19.2782
16.3180
24.1100
15.0825
21.7363
15.6966
20.0928
16.5413
17.1131
29.3716
17.9060
17.0387
18.4369
17.3485
17.4573
16.1513
15.6173
19.4329
20.0205
20.1601
16.6203
23.2745
15.4344
16.5309
20.8792
19.3404
23.6604
19.0291
17.6064
21.4299
18.2830
17.8128
18.0905
17.8883
16.5958
24.7758
19.5907
16.0749
19.2478
22.6529
23.9461
21.3126
15.8723
18.2690
17.0506
16.4685
22.0529
16.8302
19.9517
19.8224
15.9268
9.9374
18.3363
20.2566
16.2383
15.0187
17.5702
17.9838
21.1721
20.1016
18.5544
23.2247
24.9345
23.0515
13.6716
16.1032
26.6866
23.0086
19.8993
22.3189
15.3379
15.1180
14.9157
16.0938
17.4101
18.2198
16.5992
24.3501
22.1058
14.6731
22.3533
16.0143
21.3502
21.2626
23.7019
14.8889
24.1498
15.5009
24.9913
28.2320
20.5656
19.9064
19.4985
15.3717
15.4805
18.9836
16.8716
20.8117
29.6943
20.6260
18.3796
17.0835
17.9787
20.9365
25.8541
16.0474
19.4118
17.0657
18.9758
21.7308
20.3135
22.2226
18.2502
16.2083
21.6754
19.9568
16.4841
20.2156
21.9535
29.4320
19.3254
17.6585
18.9174
27.6796
24.1526
24.7372
23.6206
14.8901
17.8367
16.4257
16.9176
18.5383
15.1254
16.5740
16.6325
19.9004
19.7816
23.8169
16.7946
15.5008
15.6738
16.4244
21.5998
21.1058
21.3699
25.1618
20.0391
18.7783
15.4112
18.8513
25.1182
21.1366
17.6153
16.6060
18.6645
21.5339
14.9424
18.2841
16.5698
19.3485
15.5811
17.2885
18.0848
24.4553
23.2977
17.4512
17.2178
15.4635
19.4760
17.4379
21.0962
20.0150
23.7240
17.8442
15.9610
16.2619
19.5123
15.8830
17.0130
17.6136
15.4850
19.1596
18.4643
22.0435
17.6089
21.6550
20.6625
17.8063
16.4953
18.6470
18.0950
20.5122
18.1517
16.4108
23.5678
11.6296
20.6730
20.8977
18.3656
13.9746
16.0553
15.1943
20.4762
22.1313
15.5345
19.3860
25.8021
21.6780
17.9672
23.1282
21.5238
22.7754
18.1006
15.1856
19.7961
22.7164
15.3312
15.2892
22.6951
14.3119
16.8381
10.2585
21.1284
15.0181
20.8153
21.0724
18.5514
23.4439
17.5373
15.3713
14.9802
25.8923
26.2866
15.1769
21.6255
21.7589
15.3069
23.5128
20.0877
17.8616
15.5286
17.7901
19.5103
24.0721
24.5003
16.1559
18.3992
19.1536
16.0245
14.9090
20.8622
20.9653
18.5156
18.0622
24.3145
13.2005
16.8236
15.8148
17.8532
13.3906
21.3723
16.1312
14.1536
11.4369
20.4729
16.0189
19.5773
16.8191
22.9828
24.0673
26.7984
28.1069
22.0887
18.0883
16.5755
18.9831
18.0987
17.8315
15.4235
16.0398
24.9324
20.0096
17.7964
19.5875
16.2679
16.0873
18.9787
17.5590
15.2762
22.5182
16.4978
18.8986
19.6427
14.8696
15.2721
18.7630
21.4922
15.8035
22.9401
18.0371
15.6914
18.8124
24.0627
22.5637
22.6539
16.3770
18.1403
21.8297
21.2028
15.2773
21.1429
18.1716
14.3096
18.5994
20.0126
15.4904
19.4054
22.0054
12.0585
19.7561
20.5120
17.2177
19.9432
13.7273
20.0252
25.0237
15.5421
21.1988
20.6129
19.0360
15.2226
14.8373
19.5087
14.9796
9.6994
16.2920
16.2263
17.2966
17.0195
17.3748
15.1139
17.0427
12.3123
15.8781
17.0198
16.7215
16.7703
18.0416
16.5237
18.7466
15.7091
15.9107
20.9591
16.2428
25.2616
18.8992
18.0722
21.1896
16.8399
23.3924
17.5947
16.2317
18.5977
24.5673
19.9638
18.4996
25.6794
16.2462
20.9995
19.8788
16.9753
15.7638
21.5747
14.1946
24.2589
15.1919
23.1715
16.5196
16.0792
25.6336
20.1400
17.7580
16.6185
22.6594
19.4612
18.2204
23.3556
22.3080
16.8501
23.1717
15.3657
22.5214
16.3922
20.3491
25.2141
29.8007
19.2754
18.0588
21.1576
17.4594
17.3425
17.3603
17.0473
19.4300
22.5176
17.3448
18.7805
21.4932
24.7399
20.0593
20.1694
19.7753
16.6666
20.9839
16.8644
16.1322
17.0567
16.0623
22.4399
21.7187
22.5613
22.2146
19.7143
14.8504
16.8282
28.5513
16.1891
15.7607
17.9585
26.0710
18.0251
16.2859
12.0324
14.8823
14.9553
16.4291
17.3289
14.8284
18.1480
13.8284
15.7753
15.2483
22.1208
18.8136
16.5965
15.4511
20.8357
15.5061
19.2464
15.8425
25.1170
17.2526
18.2262
16.3302
14.9235
19.5389
16.2052
14.4674
17.0965
25.1542
21.0921
14.5498
19.1676
20.0012
19.7114
18.2202
16.7800
12.9167
16.9344
22.6553
20.1729
21.8299
15.7750
16.9288
22.7739
19.6027
18.0421
17.8263
17.8414
14.7862
22.8530
13.4660
22.4761
21.6578
20.1657
15.3609
15.7035
16.9985
19.9055
22.3198
18.4915
18.6520
22.7152
26.3919
14.0584
19.7854
17.3797
16.0738
16.0005
14.9492
21.6590
18.0710
22.5328
16.1993
20.3495
17.5053
17.0457
23.9108
19.2031
15.4389
19.5654
28.9550
26.2870
18.9298
13.1965
18.0935
24.5366
19.1054
22.4556
16.1476
15.2922
17.9802
18.1672
15.1617
16.5338
16.1405
20.1339
15.5641
15.1590
15.4688
16.9200
22.3295
18.0550
17.4316
16.1546
23.5689
22.5669
16.1311
19.6180
16.8997
17.9718
17.3863
25.3213
14.3051
20.6304
18.4331
17.8383
15.3373
12.5082
17.1025
24.8384
16.8592
20.6615
20.6343
17.5225
26.6922
15.8446
21.6662
16.1136
19.4720
17.2906
29.7213
17.3734
28.8817
16.9858
16.9791
20.8051
17.1729
16.4330
15.3051
15.6558
16.1299
18.4378
19.5476
19.5466
18.5872
17.7899
15.8576
20.7504
16.6038
15.7100
17.3851
15.1979
20.4453
23.3906
13.2271
16.7451
20.8396
18.0128
17.1360
15.4157
24.4380
20.3182
14.6663
13.1999
15.6628
19.9106
21.0931
17.7030
17.1264
17.5544
19.1949
24.6792
20.1393
16.4925
20.3589
17.9531
16.9103
18.6100
18.0681
18.1226
18.4332
24.4423
11.7517
15.5753
24.9297
16.7166
10.7459
18.5046
19.5774
20.3898
15.1961
15.9336
21.8759
15.5431
16.8097
20.0400
19.6906
21.9879
16.8763
22.0731
20.2649
16.9863
17.3463
19.3724
23.3067
17.1418
16.4976
16.1310
23.5505
22.8506
18.6634
20.7244
22.2319
18.9727
21.4205
15.3726
13.3105
15.1317
20.4664
23.9703
15.9196
20.2644
23.8114
16.0364
22.7876
10.3240
20.4993
17.0445
20.2087
18.2442
15.2366
20.4417
21.4075
24.2206
15.3363
11.1518
16.2799
17.4698
15.4305
19.8333
19.6659
14.2065
20.5683
15.7342
14.9932
19.1043
22.9387
10.4143
20.9363
18.2255
19.4561
17.6915
14.8656
20.4777
14.7662
20.4953
21.8273
17.7645
19.2795
20.2558
18.8553
25.4337
22.6459
19.1404
25.5416
21.6795
21.3200
23.1876
15.7840
22.7572
17.1290
16.3982
17.2639
20.6730
19.4113
22.1520
17.1289
20.1314
23.5354
19.1020
20.4758
19.9088
19.4439
29.4808
16.4119
16.8225
18.2490
16.6378
25.9370
17.5439
13.9467
26.1328
14.3324
19.2441
15.9362
15.6477
15.6585
15.8673
21.9548
19.9334
16.5943
22.0633
19.4569
15.7330
22.8912
15.8400
15.6940
19.4165
19.2093
17.1634
19.0944
21.2420
19.7518
20.7027
24.2250
15.1984
16.2955
18.0332
20.3691
17.1777
19.1751
23.5203
16.3313
23.1901
16.3912
14.8354
18.2926
19.9447
22.3953
22.1331
17.7140
15.3865
17.1243
17.1247
19.7418
22.6525
24.7125
19.9681
22.2278
11.1207
15.6940
18.0106
24.2832
13.0498
15.2779
15.8857
16.1235
16.6063
23.5087
17.7967
21.3071
19.1419
17.1376
20.8302
18.3630
15.4946
20.9091
15.3347
19.7062
15.7044
28.5100
15.3633
11.9358
9.8310
17.4181
20.7043
21.2125
22.9888
16.8619
19.6661
14.5093
13.9131
15.5779
17.4803
24.4141
20.6951
16.8444
19.2562
19.9614
19.9729
23.9604
15.3931
20.4287
17.4247
16.1818
17.1578
19.4907
19.3675
17.7834
19.3596
18.9143
28.7332
26.3908
16.5211
14.4073
19.2275
20.3561
19.1458
16.3798
14.0816
19.9075
22.0997
24.0625
17.8156
19.3915
22.7811
15.3685
19.4183
14.9834
17.9124
16.6476
21.2076
20.5196
14.8714
21.0632
23.7641
19.9520
19.4514
16.0171
18.7125
22.6249
17.0625
20.2210
18.9927
19.5599
16.7081
17.4917
15.1198
29.3871
20.5957
15.5554
15.1542
22.4297
18.3039
26.8613
20.6796
16.7555
18.7313
24.0084
15.9645
18.8375
18.3154
22.0619
16.0801
15.0565
25.3158
18.7801
16.4933
13.7344
16.2281
23.8673
17.8130
15.8793
19.6601
24.5111
16.1335
24.1786
17.2256
18.6242
18.1113
21.6818
20.6418
18.1991
19.1721
17.0798
24.2993
20.2266
21.4177
15.8200
13.9544
17.2316
18.3662
19.7060
18.9774
19.3136
11.9681
15.2508
15.7522
18.2282
19.9472
18.1549
21.7011
19.0746
18.7521
21.4074
23.9535
16.2339
20.0145
16.3302
16.9911
15.4389
16.5212
15.2450
15.9989
13.1373
17.2727
16.1439
15.3306
22.1450
16.0540
19.4794
24.7159
19.3350
19.4320
20.2627
18.4159
15.5853
24.2177
17.9355
23.4361
17.9438
21.8239
17.2126
15.9429
16.3470
17.1904
18.3481
16.3696
21.5305
17.2711
16.6143
18.0812
16.1660
21.3950
15.0105
18.1718
23.2071
18.3705
15.3481
22.8543
19.7362
24.6729
18.0645
18.7939
19.4162
23.0889
19.3258
18.2770
17.1420
21.8309
16.2282
17.4399
17.2663
15.9990
17.6761
15.5314
21.3048
22.6081
17.4723
15.9035
23.3068
16.4539
19.7948
23.9116
13.2556
20.1016
19.8185
19.2652
15.2371
15.0871
20.1932
21.2654
23.1743
23.8723
25.6545
22.4290
21.6051
19.1384
19.3265
15.3010
16.3852
19.0400
21.8906
26.5097
9.5794
11.9958
22.0588
17.1618
22.9298
15.5946
18.3123
18.4176
25.4318
24.0400
12.5934
16.7993
18.5874
20.8525
17.9771
17.8981
17.3899
19.2413
20.0860
14.8575
19.8248
21.1170
19.8237
21.5973
18.5424
24.4728
16.7147
15.6029
14.7526
20.4687
14.9739
23.1370
16.8604
18.4091
16.1094
10.4783
21.4877
17.2159
21.7144
19.6298
19.1499
20.5007
21.9328
17.2932
16.6507
14.5094
23.7332
16.9337
16.3325
16.3859
21.4947
26.4281
20.4061
18.4265
19.0744
18.1874
19.7953
26.3977
20.7999
15.8565
11.8676
21.0133
21.2833
14.0224
18.5084
25.4389
17.9787
19.5296
26.1417
17.7386
15.2991
16.6182
24.0527
20.7266
10.6459
25.1058
16.7339
17.6591
17.0009
16.6287
19.9889
16.7948
16.9034
19.2060
15.2838
11.1287
17.2615
17.4317
19.3669
16.1734
18.7401
22.5509
20.2221
13.8762
15.8101
11.1976
20.1694
13.9995
17.1887
15.7045
15.0600
18.2931
15.2838
25.7339
16.7399
22.9850
17.1957
15.5985
15.1676
15.1781
16.3343
21.2196
17.3383
21.6645
15.4171
16.7332
22.6978
17.4647
18.4596
17.2160
15.9899
19.0886
17.6568
14.8845
11.8685
17.6918
14.8636
20.6515
16.6253
16.7126
21.0294
20.9744
14.4277
23.7164
20.1241
15.0746
16.6550
14.7763
18.0958
17.9124
21.3196
16.5597
15.0777
16.7298
20.2297
17.9640
18.8315
9.7694
26.2730
16.3453
15.6245
21.1427
17.1396
23.7924
18.0532
17.1672
18.7391
14.6353
17.7261
20.6168
17.7026
23.2624
15.7042
15.8562
21.3476
14.0130
17.8809
19.9470
16.1006
17.7314
20.9433
18.1039
23.6276
16.2011
21.4803
16.9581
15.3691
21.1162
23.9000
29.2955
19.4686
15.1562
18.1430
18.0771
21.1413
15.5583
16.6101
13.6943
11.8207
14.7997
19.5660
20.9813
17.3228
21.6112
15.2723
18.0987
19.3835
20.0406
17.4219
15.1154
16.0487
24.1815
20.0356
19.5825
14.6877
23.5316
15.9967
19.8366
16.5058
22.5096
23.4447
18.8647
15.5590
20.6772
18.4349
16.2675
21.5061
18.3275
14.9114
15.8269
17.4048
26.8854
29.7343
15.4219
29.6143
20.5106
23.4049
17.5441
15.6172
22.1633
15.2581
18.1890
16.6260
18.4614
23.2930
22.8577
23.3686
13.0364
18.3465
21.1261
16.7186
26.4421
23.7307
19.9216
18.0627
18.5892
23.8685
18.2840
14.4542
16.1314
20.4568
21.1890
22.0942
15.6488
21.1709
19.3007
16.6996
21.4531
21.6343
26.6787
16.0465
17.7975
15.0334
23.5022
15.3880
18.6112
15.9839
16.7540
17.8429
22.5683
16.3940
15.1451
15.8348
16.5739
20.2768
19.6350
23.1601
19.3231
21.4443
19.2811
25.8212
22.0394
24.7541
17.7527
16.6242
22.4818
18.4302
19.5048
17.3093
18.1001
20.8843
17.8928
21.3812
18.3013
18.4801
20.2418
14.7513
23.9460
24.7019
22.6953
15.4930
16.8520
24.1405
25.5029
21.5750
19.0144
19.0137
21.0755
26.5739
16.3218
18.1850
16.8227
22.3359
15.8425
20.1266
18.2734
27.8021
25.0261
17.4782
18.3070
24.9992
21.4271
17.4198
17.5432
22.9105
15.5584
17.1953
11.6713
19.4756
19.8910
21.7467
18.5423
18.2225
20.4347
16.8099
19.3533
15.4806
19.2350
11.5782
18.4960
18.2754
19.7490
15.5880
15.2841
20.2650
20.2862
19.8147
15.1618
21.5474
18.3870
22.3137
18.1328
21.4814
16.0766
19.2464
20.9770
16.2984
23.7440
16.8689
20.0145
20.5347
17.2348
15.1000
18.3425
22.5671
10.0787
18.4562
17.2849
20.9531
16.8594
18.9181
20.4999
20.0287
24.7712
17.0182
27.5907
21.9424
14.9656
19.8531
20.1042
17.4778
22.6480
18.9394
18.2020
22.3649
18.7154
19.5088
19.3393
23.0341
19.8981
15.2808
20.7946
16.2774
16.3507
18.1917
17.5047
15.9759
17.1563
17.8547
17.5032
26.9743
15.0865
26.1544
14.3988
27.0568
16.7287
19.2198
19.9307
15.6999
16.9742
23.0675
18.3412
18.4698
20.2208
19.5168
15.1730
20.0565
19.9309
19.6381
20.6897
16.3066
18.9696
19.1255
14.4059
26.3032
19.3625
15.2761
16.3304
18.7572
18.4181
16.1936
14.9477
18.1881
22.3931
20.4172
20.5359
21.6281
18.4250
15.3787
19.1624
26.4876
27.7596
15.5903
27.8194
24.3030
15.4269
15.5712
18.4731
18.7934
14.4406
17.5454
23.2347
17.3481
19.7370
11.7514
18.8381
20.8433
23.2213
22.6077
15.7803
15.4952
19.4505
17.5187
14.7374
20.8420
17.0016
20.0034
14.0116
15.2466
15.4224
21.2901
15.1665
19.7421
22.8172
20.5825
19.9157
10.0133
20.9584
15.5244
21.2795
15.4303
19.9425
21.2089
24.5497
22.5351
19.2622
17.0912
17.8115
21.3105
15.5779
15.0789
15.8136
17.1631
17.7886
20.0143
14.5194
25.7260
18.5828
21.9553
16.1508
15.7948
22.0520
19.8407
21.6305
23.5471
20.7374
23.5208
21.8815
20.4730
20.1320
18.0560
17.2419
20.2881
15.3508
19.4969
16.8237
15.4803
17.8128
15.4861
16.1135
18.6158
22.1427
9.6155
15.6215
15.3206
18.3990
21.6456
20.0288
17.8589
14.5410
16.9013
24.1118
18.5199
18.4472
17.8030
18.9823
9.8331
24.5000
17.7467
20.1483
14.4317
11.8399
15.7786
21.4975
26.3202
15.9165
23.3474
16.4757
21.6620
13.5239
15.8795
15.8377
19.7486
22.9796
11.5951
17.0413
22.1548
15.2081
21.4019
17.3464
18.2665
23.7313
19.0130
22.7007
15.8590
21.6690
18.3549
19.5636
17.8609
17.5905
16.2056
24.3528
16.0737
15.6478
17.2889
16.2824
16.1326
18.8728
20.7027
19.2570
10.0875
17.3082
24.3512
17.0224
19.7244
20.9082
16.6765
16.2667
20.6304
20.3361
18.2991
16.9806
19.5867
18.3348
16.4661
17.6150
26.8495
17.3148
17.9060
15.4699
22.5056
15.2780
19.8281
18.1220
18.1144
15.7979
19.3812
17.3657
20.4229
18.0151
21.1402
16.8899
18.5583
21.4280
21.7519
16.2175
19.2750
20.5864
22.1924
23.5450
23.4669
24.5922
15.0344
14.7574
21.5171
22.9155
23.7658
16.7307
16.3638
15.4580
19.7653
26.2421
20.1918
16.0968
17.6865
15.6378
16.8126
15.9566
22.1288
16.5800
19.0431
16.6356
20.1499
23.8977
18.4653
18.2905
12.8299
19.3171
20.1416
20.5635
20.6687
13.1646
18.1581
15.3451
18.4129
21.8727
17.9155
18.8890
17.5261
20.0642
14.3388
15.6775
15.9866
21.3176
17.6099
10.4707
22.8307
17.5478
15.8067
15.6916
22.1968
17.2383
20.7688
16.0254
21.1698
22.7324
18.8025
15.4471
20.4411
16.8955
15.2374
26.1424
15.0694
18.8318
17.5421
18.6661
20.0821
12.5246
20.7144
17.9947
23.0251
18.0421
23.6493
19.1198
15.9292
16.6300
19.1743
16.4579
16.0623
22.6771
17.8142
21.6762
18.5727
23.9761
16.9389
18.2832
18.1523
22.3692
18.1731
21.3690
17.1873
18.4637
24.0439
15.9266
17.6393
22.1727
14.6958
21.6952
21.3162
16.5040
20.9596
17.5736
17.7948
19.1640
19.3828
13.9090
14.9188
22.8686
15.6659
25.1422
16.9623
15.2837
19.5684
17.2447
17.9392
27.3112
20.6340
15.5823
22.1991
21.9287
16.8650
15.0041
18.3311
22.7608
18.1575
11.3790
21.3713
18.1120
20.6702
24.3383
21.3834
15.9303
22.2190
15.7718
15.6886
16.5301
20.7226
15.5294
18.3681
20.3315
20.5697
17.1670
24.8094
19.4556
21.9938
21.1637
15.9622
17.7060
18.0900
16.6134
18.2278
23.2786
16.6667
15.1319
22.1362
18.9975
24.9683
15.6343
17.2521
23.1815
25.2665
17.3755
13.6449
17.5754
16.9774
15.7846
15.5272
21.0513
17.5018
20.0375
15.1341
14.8853
16.4284
18.5907
17.1304
23.4406
17.9644
12.8094
15.6913
15.2760
19.0819
22.6267
15.8609
19.7115
19.4627
16.1732
14.1128
21.0800
23.4793
16.9941
19.7214
15.1436
21.0032
17.2488
16.9658
19.6509
23.5845
15.4325
26.2419
19.5584
21.5846
20.6083
29.3838
15.7671
18.7764
21.2189
19.6927
20.1530
14.7738
25.6845
11.9826
14.7644
22.1321
19.2283
18.7927
19.0932
17.5992
19.4327
19.8929
16.7060
19.5022
14.0723
26.5743
15.6518
21.4115
14.6880
15.2972
17.7345
14.3602
16.2490
16.7573
23.7594
17.1965
16.9481
18.9805
22.9811
18.3285
22.3942
19.2662
20.9409
20.5461
23.3639
16.0284
16.3180
21.6247
17.4228
23.9851
20.0040
16.9662
18.1291
20.5696
18.9564
20.0129
17.7830
17.0130
15.0337
16.8755
15.6605
18.6944
21.8030
17.4192
20.8177
21.8499
20.1637
21.8688
15.6333
18.4191
17.9255
18.9948
24.0287
20.9861
17.4273
18.0455
27.7189
15.7349
20.4379
20.2862
17.8307
22.0548
17.0677
17.8288
19.9258
23.9409
16.6606
19.0774
21.2261
19.1334
23.2295
19.3252
21.1872
23.1116
19.4319
18.2662
20.6291
20.2516
19.0457
15.6447
17.2554
20.6394
24.4930
13.9340
14.3768
18.9757
16.7771
22.7564
18.6175
20.1411
16.5448
18.7121
19.4810
17.9789
18.0924
21.7701
14.5354
15.2027
15.4936
20.2987
11.8811
18.9133
15.6541
20.7484
15.2810
15.3909
15.4602
14.6252
21.6458
19.1075
17.3734
17.0865
15.1071
15.1351
21.1692
18.8812
17.2317
18.8566
24.3516
17.5171
16.2434
16.0903
20.0280
17.9951
17.9478
21.8954
20.7405
17.2944
18.4437
16.6490
24.4892
15.3980
15.0415
22.7272
26.3880
18.5903
14.3502
16.8605
16.5200
15.1816
19.3814
16.6361
23.3408
22.0874
10.0519
17.3771
24.5865
19.6856
14.5119
23.6725
19.1203
11.4299
24.1215
21.0027
20.2858
23.4768
15.2118
21.2975
15.7123
16.2317
15.4374
23.8218
16.3297
21.1257
19.6978
9.8356
12.8162
15.1825
21.2062
16.8410
20.8101
17.3781
17.5025
18.2098
23.7230
19.8720
18.2229
14.2450
20.1711
15.4858
18.4030
14.5293
24.1017
16.2809
22.0232
16.9171
17.2880
19.9486
18.1128
18.0323
16.7302
17.9084
16.3308
12.3912
16.0558
13.2283
15.7762
17.1115
18.1965
21.4725
19.7140
24.5587
14.3322
24.9579
12.5635
22.5852
15.4643
17.8933
26.0547
13.6587
26.2190
21.7538
17.7634
16.9590
17.3672
26.5770
16.7152
17.9793
19.9430
20.9131
18.0876
15.1408
15.3541
16.7023
19.5631
23.0688
20.7972
16.5570
18.4952
15.1353
24.7595
17.1995
27.3462
12.1549
21.7807
17.3997
18.8069
14.9981
25.6701
11.5757
15.4083
18.4196
23.8840
22.0730
19.9006
21.4477
13.2752
19.1906
16.9611
17.2967
18.6158
22.6433
21.6757
12.0091
16.7259
24.1718
12.1159
23.2018
14.6925
19.6015
14.2030
18.2072
19.1194
15.1663
22.2292
26.1810
20.2984
17.6692
17.2249
24.4480
15.6728
19.1790
20.3339
17.7159
23.9318
20.2901
20.7082
16.6853
17.0498
18.9906
22.4903
14.7267
14.6054
22.9748
18.0424
21.1060
19.2697
20.7429
21.4817
24.5081
24.0260
16.4292
18.3321
17.8257
15.7785
23.8515
18.3970
20.1500
21.1707
13.6150
17.9590
20.4117
18.2039
16.2755
18.6332
15.5444
21.9982
18.4932
24.6687
11.4317
18.2771
22.5219
18.2494
18.5618
20.8255
20.1227
18.9781
14.4950
21.9465
21.1907
15.8735
21.8815
15.1835
16.7897
19.7982
17.5872
20.5450
18.9785
26.9347
17.5133
17.2013
16.8217
17.4937
21.3902
21.2724
19.5804
15.9893
20.9819
16.6316
18.8663
21.1734
17.3144
18.9348
21.6939
17.4836
21.2494
17.7135
15.7506
18.1992
21.6680
16.4388
18.4166
24.5852
14.6067
17.9171
20.1854
15.6748
18.7881
18.7682
16.0299
22.9246
21.5491
13.3403
24.1984
15.5860
15.8591
21.8857
16.9016
23.5899
13.1858
22.9527
18.4120
20.8429
22.3699
18.7964
21.1598
17.5320
17.5804
15.7115
23.7342
18.4028
17.6098
18.4468
21.0234
20.2923
18.7507
21.5425
18.3163
15.9939
20.9820
26.7601
17.0441
17.8574
21.4042
24.0972
19.7619
15.3807
17.1854
19.0179
24.1564
22.3884
16.4045
20.1520
20.8730
16.5701
20.2235
17.7190
15.8828
15.3476
16.4679
26.6593
16.0226
17.5817
19.0199
21.7904
17.2459
15.1910
15.5928
16.7502
17.1934
18.4578
18.5822
20.8122
17.8747
23.7694
15.1351
17.4206
17.3505
17.7735
16.9119
19.2262
15.8670
22.1813
18.4798
11.8681
15.1187
18.4444
24.3712
23.8741
17.6508
17.6475
17.6371
15.3164
18.7334
20.2752
21.6255
19.8036
21.0771
16.4594
19.5861
21.8620
14.1267
16.0338
17.6122
19.9470
13.8535
21.1858
22.4270
21.5416
26.0152
16.3287
18.9730
18.4332
23.9630
23.9667
17.8982
12.7378
24.3256
22.8847
15.5633
21.7051
17.0204
21.3013
19.0377
17.8956
19.8547
18.7719
15.9893
21.4407
18.1411
21.5623
25.4501
19.1813
18.6511
20.8713
19.6912
16.6406
23.8573
17.8096
18.5708
18.6008
17.8955
20.4248
23.8311
14.2427
26.8647
15.8503
19.6704
16.8650
22.2179
20.0396
17.9343
21.5219
17.6593
20.6114
19.3513
18.2259
16.7087
20.5803
17.0006
21.5368
21.2899
14.7827
16.1470
17.1096
18.5439
21.4866
14.7980
15.6900
23.6113
15.2311
18.9475
15.6928
18.3463
18.5316
19.4222
16.6616
20.5866
23.7639
19.7970
22.5856
18.5047
19.7367
19.4038
22.3819
21.6672
22.1029
15.8938
18.7779
23.8344
21.3416
20.8288
17.3184
15.3967
23.5177
23.2467
24.0732
23.8787
10.6174
17.9588
15.4747
20.3869
21.2711
18.5520
17.7227
24.2920
17.1088
24.9256
16.9608
20.8062
16.1494
13.1045
18.1564
19.0562
14.8529
22.2411
18.5974
19.6824
23.1912
19.7003
17.2678
21.4638
16.9444
21.2626
21.3454
15.3985
19.0043
15.2700
17.8437
18.5851
19.2541
18.0244
21.8015
17.1100
18.0516
21.8345
18.6134
21.2920
20.4908
18.0480
18.6331
23.3313
14.6728
23.2947
16.4512
22.9015
15.1405
16.1920
22.3168
19.6132
24.0395
18.4309
18.0386
20.5107
22.2183
17.0603
22.7863
15.4543
18.0412
17.9628
18.7314
15.1333
22.3980
19.4271
19.6396
16.4067
20.6111
14.9559
15.1082
15.6160
21.8207
16.4120
15.4756
22.2691
16.9134
16.2323
18.7063
15.4039
12.2888
20.8095
15.1390
17.6862
14.8114
15.9674
17.3352
20.8612
16.2179
16.9924
20.7245
23.7467
22.4403
24.8686
17.0310
22.1558
23.5186
17.0514
20.8911
21.3495
15.4541
18.5075
17.5665
18.2233
21.7049
17.5128
15.3702
17.7177
20.2485
18.4481
19.8969
13.1044
17.7306
19.7631
17.3503
21.5418
23.0722
18.9063
19.1471
19.0439
21.6011
18.7893
23.4318
19.8296
10.8407
19.7075
23.0503
14.5902
15.9337
14.9014
19.6500
15.9469
21.1608
21.7099
22.6263
15.4212
16.5250
21.2058
10.5611
17.6696
15.3425
18.5999
14.3676
18.9976
25.5312
12.5602
20.9164
23.0188
21.3906
19.2350
17.8464
21.3330
18.0670
21.7680
15.3813
23.1688
21.2867
22.3223
22.9726
16.4507
15.2928
14.9154
16.6544
18.5951
21.6088
20.6199
24.0026
23.8659
17.4564
16.7908
15.5634
18.6366
22.8435
23.8364
23.6530
23.1431
19.3324
16.0744
17.5626
16.2365
21.4505
19.4928
18.1444
18.0175
17.5874
20.6657
23.2043
20.5438
16.6056
12.3195
17.9917
17.6080
21.1356
15.7714
21.6046
15.6272
19.5401
16.8028
20.2422
16.6904
21.0700
17.1393
19.3493
15.8594
17.7221
16.2227
15.1396
20.4242
22.1061
17.9057
14.8008
14.4003
23.4415
12.4546
17.3961
20.8247
14.8501
24.6956
16.9173
22.6373
19.3590
16.8555
17.0519
16.5812
20.3661
16.4747
22.9994
20.5688
20.6189
23.2687
21.6610
17.1804
15.1499
20.6697
15.8038
17.1187
16.9339
23.0097
25.3700
18.7238
17.1141
23.5454
16.3452
19.0798
17.7780
16.4482
18.9579
20.8705
15.9484
16.8028
20.1671
17.1588
15.9328
18.9510
20.3650
18.5928
19.6690
16.6120
17.4630
18.5870
18.0229
22.4057
15.3807
20.3100
19.4002
15.1034
23.2460
18.1466
16.6015
21.5734
19.8588
19.1556
17.9753
21.7149
17.8188
16.6922
14.9348
15.3742
17.8429
20.8266
19.6776
17.5679
18.6130
21.9903
18.7996
23.7269
14.8317
19.1976
19.2266
17.3616
22.3967
17.9252
16.4869
22.7430
16.6265
20.9728
21.5004
15.9316
15.4897
25.0561
18.1724
14.7865
19.1512
21.1133
20.8390
23.0289
19.7706
18.5785
18.3821
17.7722
19.8506
15.4796
17.4935
16.2966
21.3033
20.9449
15.5372
16.3512
21.4107
12.8946
15.3767
23.9117
15.3269
12.5039
19.2519
24.2969
18.4900
17.2065
16.7952
18.8068
23.1021
18.1578
17.1450
22.1592
15.6528
23.2018
16.1073
21.6656
18.7038
22.0090
23.5644
17.1631
23.7221
20.2684
15.5185
15.2146
17.1703
20.8189
23.3800
16.5096
19.5961
17.1939
19.5528
18.4017
22.6985
15.9493
23.4681
15.5035
22.5007
18.0004
23.4261
16.3023
18.8435
19.5368
19.9063
12.8152
22.0176
18.6840
17.5055
15.8410
15.1516
17.4982
21.2514
16.2254
20.9211
17.2720
23.8647
20.8234
15.9839
17.9545
25.0668
17.6748
19.9825
21.3463
20.9076
19.7131
26.4896
25.3328
19.4348
23.7607
17.1801
18.2722
15.3912
17.0041
19.8750
22.1879
20.8471
18.9867
18.3675
15.0547
17.4145
19.5025
23.8818
16.0797
16.6203
23.6833
20.0266
24.3000
16.9460
21.3723
17.5339
22.8486
15.3994
19.1869
20.1838
15.2821
17.1309
20.5102
17.1955
15.6048
17.8804
16.6793
17.2744
17.2098
16.2396
20.3517
19.1309
15.6997
19.4227
18.8918
17.6370
16.5233
21.3535
25.8373
20.0622
22.2311
16.9230
21.2416
23.7881
19.9991
17.1852
17.9664
19.6112
21.4475
18.3547
23.7551
20.0084
15.0542
15.5864
21.6758
20.4845
15.7694
17.9135
24.5228
15.3240
20.5918
19.7538
18.3084
18.2496
15.8559
23.6074
17.0798
18.6736
22.2375
23.1032
17.3898
14.9863
22.5486
16.1459
21.0335
25.1677
17.3796
16.8292
17.6232
16.8216
15.9391
26.8669
13.5918
22.8281
19.8771
24.1853
21.6795
17.3219
20.6054
24.7449
20.1595
16.9078
19.6990
20.8891
21.3661
17.1873
14.9032
25.5017
15.6442
18.7900
21.3092
20.9953
23.4474
15.5347
17.6610
19.2405
13.1373
23.3982
17.5820
20.9337
15.8415
17.6085
18.4438
20.5308
26.5132
21.7582
22.7252
18.1185
25.6013
16.4463
23.6189
15.1303
22.3769
18.9554
14.7493
21.0341
18.1666
18.8189
16.0520
17.3206
19.8242
23.4809
21.4620
15.3416
17.1780
22.4401
20.2958
19.3467
22.8516
20.0353
17.4865
18.2458
16.1261
19.1855
15.9631
18.7012
22.5734
17.9920
15.4528
22.5069
21.1559
22.4621
18.7452
23.9264
17.3695
22.6854
16.2326
24.1243
15.7195
19.0617
20.8153
17.7971
17.3803
17.8975
24.2522
18.5977
19.3050
21.0883
10.6440
21.7496
23.2637
16.5224
19.2305
21.1607
22.6077
21.7289
23.1181
19.6478
15.7088
16.8317
18.6349
20.0604
15.7212
17.2725
15.9056
16.9561
20.5348
23.3333
19.4809
23.2424
17.8739
17.4304
18.3711
15.1853
12.3758
17.9948
17.5187
23.4538
13.4193
14.5060
17.3477
23.4622
20.4410
17.8553
11.3027
22.8467
15.4563
15.1693
15.5742
21.8505
15.2786
13.7337
15.1334
17.3838
15.9636
15.5622
22.7635
15.9470
24.9936
17.6599
18.9165
20.7816
16.8052
16.4463
20.5880
17.0126
17.0407
20.5429
20.3128
19.3390
17.5085
16.1369
17.2378
22.1590
22.4272
17.4848
14.0863
15.4419
16.6603
17.4272
19.3135
19.9675
24.4538
18.9455
23.9447
17.7351
19.5891
16.6619
15.3409
21.8353
17.3408
17.0899
15.8185
24.9242
23.0100
22.9567
15.7152
23.2557
16.7981
23.2551
19.4826
21.4474
17.2672
21.0560
19.7252
21.5421
18.6425
20.9276
20.9079
18.3798
20.6270
19.3362
18.1689
17.6995
19.3628
14.7398
20.6558
21.4646
15.4831
24.2685
15.2717
19.3721
18.1436
16.6408
15.7121
18.9893
21.4088
15.8517
21.7076
20.9248
17.6495
13.1015
18.7920
20.5679
23.4530
18.4312
22.1746
17.0273
18.0065
23.7496
15.2069
17.8850
17.9811
22.3358
23.3195
19.6968
19.4836
21.6366
15.6213
20.8878
19.0699
18.5532
20.8483
22.4977
25.9395
21.3703
19.3595
21.0921
16.6547
17.3896
16.8805
17.1858
22.3600
20.8330
17.0326
18.5484
15.2499
18.9567
17.1426
17.5623
19.4029
16.6801
15.4962
19.8966
21.7821
20.8446
22.1909
17.0901
15.4728
21.1510
25.0285
16.5034
17.3524
21.8214
24.3546
21.2495
15.2418
17.6712
21.9161
17.3097
15.4464
16.0263
22.7914
16.6660
17.0834
17.1179
22.2264
18.9479
16.2300
22.2408
16.4551
17.8582
17.1719
18.3384
17.1273
16.8077
21.6190
17.3757
23.7562
23.4546
15.7626
18.5872
21.1261
16.4835
24.9891
22.7809
22.6915
15.1485
20.3050
20.7641
17.7950
25.7184
24.5769
12.9040
21.6185
16.6041
20.9185
22.3572
19.5894
22.8186
17.0985
19.4204
13.0272
24.9717
21.0280
20.1808
21.7485
21.4951
17.6301
22.0601
19.8113
20.3895
22.4975
24.3883
20.7294
16.7744
14.7423
25.3210
20.6428
15.9915
19.3658
17.6664
18.6554
23.2480
18.5567
18.0378
14.4890
17.8575
18.3593
11.6848
21.4405
20.5351
23.3763
22.2897
12.7373
20.8289
20.8617
21.6166
26.7183
16.3376
15.0803
24.1160
16.1754
16.1707
21.2905
26.5473
21.5793
18.4868
24.3224
18.7827
21.3818
24.0601
19.2178
23.7850
20.2269
18.0558
19.4792
17.2118
24.0438
21.6617
17.8004
17.7544
15.5792
19.6724
18.7170
10.8209
15.2505
18.9613
23.0741
18.1995
23.6324
17.3165
13.9956
12.6546
13.3982
20.7753
19.9950
15.6138
15.9504
18.5973
23.8780
21.6882
20.8595
16.9502
17.8336
15.0129
13.0828
21.0134
16.8722
16.7629
13.9765
17.8793
18.4924
16.2984
21.4888
21.2049
15.9690
17.8515
17.9926
14.7160
21.6573
20.3788
23.9251
23.3670
18.5792
19.6124
16.9065
11.7054
23.9373
17.3442
17.4085
16.6647
23.0661
19.7738
20.3785
24.1060
17.2772
22.6202
22.0458
17.6364
16.1732
17.6791
16.4680
22.5331
15.6710
20.5519
15.5080
18.4158
17.5476
15.4334
21.7335
21.9696
17.5190
18.0818
19.3936
19.3969
23.9349
20.1590
12.7175
17.1774
18.7545
16.3878
23.5000
16.4796
23.1257
21.5004
26.4681
15.5819
18.5871
24.1038
20.8155
15.6329
17.3368
16.0524
19.6948
18.2080
17.1712
20.7798
17.4727
21.3336
17.7821
21.4541
18.3865
21.4825
18.4481
21.8257
19.8020
21.0850
23.9288
23.1335
20.5477
17.4512
15.9182
10.5991
22.5017
18.9317
20.4410
19.4118
20.2384
17.5173
18.2453
17.5010
16.8331
21.1835
17.8621
15.8191
16.9573
22.3861
12.2497
15.7334
17.4133
12.6919
18.2837
18.5106
15.2071
20.5930
17.1838
16.8287
19.6778
17.1287
15.6433
19.0178
24.6200
18.5140
15.8599
18.3672
20.5216
22.5282
20.7258
16.1625
23.6486
16.7524
20.6911
18.3480
20.4852
21.0510
18.4453
17.4417
21.8375
20.6027
17.8377
22.2801
26.8482
20.9303
16.8454
21.1498
17.1587
18.1343
18.6507
22.7540
14.9325
22.4509
17.0179
21.6186
19.7370
21.6566
17.2220
17.2391
21.8703
17.4981
16.7748
22.0883
20.9272
17.2290
18.3031
19.5401
20.7786
20.8952
21.1222
16.1041
17.8843
18.7488
23.2228
17.8354
20.8234
26.4951
15.5776
16.3748
15.7196
20.4259
20.8055
21.0672
15.1464
21.3420
16.7526
18.5477
15.3656
22.6693
17.3500
18.1695
17.7288
24.6908
16.0513
22.7991
20.8603
19.6378
16.8334
21.8433
20.4833
20.8172
21.3503
15.7672
18.3687
19.4230
15.1188
17.6432
19.8683
17.8984
18.9605
12.7338
19.4419
20.0094
22.2539
16.5919
17.0466
18.9185
18.2020
18.6942
19.9144
18.9816
21.7297
15.2465
22.9923
25.3505
25.2005
17.4905
18.6156
16.9030
19.7470
20.8234
18.8368
19.1366
17.5055
15.6687
18.7678
15.4420
12.6068
17.5841
15.7472
21.8976
12.8907
22.8718
16.0792
15.9197
19.4018
15.7846
15.3361
20.8864
17.0698
17.8734
17.8783
18.0818
19.3138
26.6185
15.5987
20.6044
15.8099
15.6756
19.5381
18.9932
18.9975
15.4793
19.8997
21.3944
16.9015
20.6313
19.7319
19.1918
17.1756
17.2452
19.9307
17.4671
19.7199
23.8828
11.1099
22.5374
18.4061
16.8221
19.9247
16.1031
16.5552
16.8747
16.2726
15.6738
18.9651
15.1097
17.1422
22.8836
21.2294
21.3725
20.9752
19.2153
17.3479
16.5775
24.9693
12.6680
17.4692
13.1631
16.3007
17.7268
21.1610
15.8397
17.8376
15.7720
21.0283
19.4181
22.2421
21.1845
17.3060
14.6494
18.8854
23.9766
17.8814
25.6543
17.7679
24.0884
22.5656
11.4428
17.5457
17.1296
16.3829
21.2193
19.5884
17.9084
18.1209
18.5593
19.0718
17.1292
14.9063
23.3413
17.2280
18.2215
20.2028
18.5534
18.1752
26.4287
23.0284
14.8224
21.3070
15.0663
17.9921
17.0684
15.4329
21.7568
15.9632
21.6231
21.2985
12.8594
20.5322
14.6527
20.7332
17.4949
17.1812
23.2269
17.2569
12.6925
17.0068
20.6961
17.3131
16.6597
24.0290
19.2354
15.9583
10.5996
16.7200
11.7337
22.4022
21.7372
18.2887
15.6620
20.5151
15.0900
21.9454
14.8506
15.9294
22.4771
16.2909
23.9128
23.0004
18.9694
18.5784
18.0134
19.9927
17.7128
18.7033
16.6925
16.4970
19.7624
19.2119
16.2750
15.8787
18.6052
16.3538
25.9457
15.2587
18.0074
17.0799
17.1931
15.5701
22.6230
17.5495
18.3276
15.5176
18.9774
22.2112
15.7995
17.5724
22.4619
19.2036
16.4433
19.9186
15.6519
18.4754
18.5139
21.0883
16.3782
21.0975
16.6373
23.8906
16.8508
17.0063
18.7260
17.7592
19.4151
22.0080
19.0680
17.4086
17.4897
20.1053
23.6905
21.8094
21.7992
17.6442
20.7741
19.8536
23.1550
20.8985
18.8947
18.4855
19.7921
14.4164
17.5826
19.5233
15.2784
19.8060
22.9434
16.5323
17.2970
18.2859
15.9747
21.4949
23.9722
23.1148
20.5005
18.3405
10.5197
23.2821
19.5424
17.4840
17.5618
18.9510
20.0785
15.3810
21.7476
24.7669
14.8372
15.2773
17.7628
19.3848
22.4327
15.5025
20.8899
18.2669
26.6637
17.8059
15.8943
20.8358
18.0786
18.7042
22.8114
18.0250
19.3525
22.5103
23.6025
18.1036
21.7263
18.4746
20.4445
23.6927
10.4730
22.3576
14.8274
23.6223
17.2531
21.3119
15.5689
18.6222
14.7639
17.6528
20.5149
17.1194
17.0737
23.0741
19.8803
20.8898
15.7798
15.0239
18.0139
24.1546
24.3260
23.6477
16.2858
20.0046
17.8337
22.5850
15.5076
16.1778
20.4151
14.5548
20.1635
23.0043
17.5046
16.3051
17.4654
21.2894
26.4921
20.6567
20.6514
16.9419
19.6383
15.0863
15.9992
19.5978
20.1811
17.6084
14.9428
20.7896
18.6851
18.2698
22.8339
20.6434
19.6906
18.6249
17.3924
22.2719
17.1702
18.3438
16.5909
25.3674
23.9141
17.0720
15.9821
23.6385
19.9690
15.9061
17.7422
20.5599
17.2841
12.4606
21.8729
15.1977
21.1485
25.4870
18.4141
19.3282
16.3742
22.0798
19.8398
18.1372
16.5369
16.1576
15.6017
17.6513
23.5572
16.6092
24.2407
17.5941
25.0412
14.4814
15.2751
17.5558
21.0063
17.0291
18.8530
23.1551
15.9764
15.7890
17.3167
19.6351
15.7113
20.9361
18.5545
15.4265
23.0373
15.5968
18.7887
17.5698
16.9307
16.9919
23.0622
16.7489
18.6797
16.3251
17.0000
21.7474
26.8302
16.5813
21.2700
20.5928
17.0162
24.2141
19.5492
17.0679
19.5582
25.2910
15.6951
23.9779
16.5064
18.8541
15.8234
20.7601
23.4534
18.6534
14.9893
13.4748
20.9542
18.4227
20.5025
19.8055
19.9693
20.6107
21.4579
16.6604
13.4835
21.2874
21.7422
19.0168
25.0564
23.0988
18.0150
24.4217
12.4908
15.8891
15.6008
20.4300
22.4240
17.0563
23.0993
25.4312
20.6877
17.5553
20.9466
19.6410
21.3311
23.2084
15.2619
20.8043
21.3984
18.6765
21.6591
20.1801
18.3852
23.6272
15.1012
23.9657
16.6868
15.4883
20.7436
15.2404
25.0583
18.7440
18.2325
22.8122
19.3230
14.2734
15.6262
21.2803
18.4864
19.7695
13.0743
17.8807
19.6819
14.9382
21.9683
18.9130
16.3994
21.9359
16.8410
21.4838
18.3911
21.9588
20.6923
18.4415
20.2374
14.8800
21.1013
24.1546
22.0551
18.9158
25.1875
18.7191
17.7666
17.8802
16.2706
21.8279
16.6071
18.8433
15.2647
17.5383
14.7995
10.5277
20.6555
17.6448
17.0181
24.0285
16.4170
21.2267
19.0944
15.6090
17.1029
14.8793
17.2081
13.1700
16.5142
15.3360
12.9812
21.5636
16.4252
15.4259
21.1131
11.2939
20.0960
18.6127
18.7684
19.1115
16.1742
18.1210
18.3950
15.7799
18.6563
18.4182
22.3440
20.9637
16.1269
23.1536
10.5158
21.4809
15.6769
19.4976
14.2610
21.7505
18.5067
20.2881
21.4713
18.7693
19.2411
19.6908
20.3122
17.1805
17.1163
18.1981
17.5531
17.1281
14.9808
17.2236
21.2835
17.1582
14.6016
16.1009
21.9167
15.1302
24.2631
21.7001
18.5576
19.6991
20.8852
18.6849
19.9555
15.8351
14.5835
22.7407
18.9796
17.6054
25.5755
22.4478
16.9527
17.9560
15.3134
14.6162
20.6341
24.7006
16.2725
15.9773
16.0603
17.8452
15.2925
17.9012
17.5182
15.4406
17.2545
19.6831
19.9751
21.2672
22.3278
23.2090
15.4476
15.1914
19.7555
21.1564
18.2038
18.9455
21.5351
19.7230
22.1848
17.1119
17.9102
22.7974
18.1126
19.9767
19.7703
19.5525
23.3340
22.7788
17.5081
20.5620
15.7434
22.2133
18.6555
21.6459
13.2004
21.5566
10.4595
16.8345
15.6420
18.6957
17.7104
18.4267
16.6842
18.4423
17.5785
16.4943
16.8376
14.9485
17.1412
15.3301
16.7338
17.4253
21.0670
18.9599
15.7529
17.3071
15.5873
17.2056
23.7213
21.2495
16.3094
15.6271
18.7302
21.3071
12.6858
14.8098
20.8725
17.8669
16.7472
14.9077
19.2755
22.9913
15.8171
17.4189
23.5256
18.7684
25.1142
17.8214
23.5035
20.2740
19.5436
14.8882
20.2015
23.2617
25.4684
21.7549
17.7639
21.9865
16.7727
22.5653
21.8337
15.5703
26.2091
20.6691
17.7983
22.0077
22.5194
16.8597
21.6492
21.3855
21.4297
20.8351
16.3460
20.1796
21.5998
22.6908
18.0352
21.4347
15.1165
17.7187
17.1398
18.7327
18.0963
18.4896
20.3304
15.6424
15.9760
11.2568
20.3583
16.7390
15.6798
21.2711
15.2643
19.3085
13.9756
17.5568
19.8190
20.2569
18.7136
22.6092
12.5611
18.1705
20.3850
24.0566
16.8676
17.1506
16.1015
22.1840
21.9718
22.9008
18.5516
20.4360
24.3492
21.1924
17.5999
16.1607
16.1593
14.9311
15.7568
15.4141
22.5397
15.4002
20.0316
16.6653
15.8685
15.7763
15.0650
15.3970
15.1939
15.7740
18.9264
21.3636
15.3340
20.4705
22.6213
21.5044
15.4710
20.5243
15.3048
17.0767
18.1570
16.8082
15.0122
14.8790
16.0319
17.5976
15.4859
16.9224
17.1285
23.5760
24.0944
16.9799
21.3142
15.5190
15.1442
18.7348
18.6094
22.5527
16.3607
15.5591
17.5966
17.4450
19.6341
20.5337
17.5423
21.5483
20.2151
15.5945
19.9786
19.8569
17.4163
15.4394
23.9751
15.9429
20.2886
23.6453
16.1852
17.8898
24.2470
23.9274
18.5482
18.9155
23.7210
24.2720
16.9523
15.8782
22.7011
16.1231
18.6105
20.3196
17.5293
12.2832
18.1669
19.6096
15.2806
22.7605
18.8073
21.9130
21.8579
21.8843
25.1132
14.4573
20.8657
17.7596
17.3796
12.4749
16.9411
18.9263
19.6830
16.3945
21.5858
17.5514
20.4184
18.1584
18.1343
18.8902
22.9762
22.4574
16.1946
19.6600
16.3656
17.2448
25.0118
16.2151
17.9061
14.0624
17.9090
23.5607
16.1982
20.2212
19.6164
17.7490
18.3733
18.5605
21.4381
10.7625
15.3641
12.2183
17.6778
20.6761
13.8939
15.9680
23.7654
18.1428
17.0171
15.2796
23.6198
18.5121
21.5938
24.8015
16.3108
16.5451
18.8883
23.6469
22.0824
26.2267
24.4471
22.6452
14.3395
23.8541
16.2396
15.1099
15.8195
21.9755
12.2685
20.4753
15.5619
22.4389
17.6567
20.1016
15.6057
18.9181
17.3841
22.6941
22.6311
16.0434
15.8161
16.9795
14.1103
17.5168
14.7766
17.9470
23.5862
17.4774
24.5823
18.3130
17.3849
16.1703
18.5374
17.7057
21.5007
19.2949
15.1928
18.3459
18.5611
16.5901
13.2136
15.6139
15.3059
14.3434
16.3233
22.7554
25.6444
15.5374
20.4222
23.8686
15.7404
16.8720
17.2592
20.7964
21.2465
21.1004
21.2031
16.8710
19.2405
25.9154
17.7303
22.0787
20.8439
15.5633
17.2471
19.1494
21.3971
18.3807
16.4628
15.0831
15.9448
20.5318
18.1059
22.5788
17.0194
17.2085
19.2975
20.8275
15.2210
10.9684
20.6978
21.9267
17.9822
19.7686
15.9709
19.6125
25.8265
20.7738
12.1674
16.4325
24.9817
19.6215
23.1524
24.5366
16.2644
18.5958
20.4893
21.0132
15.4404
18.7560
16.4977
19.8521
22.4398
17.9175
19.5494
23.9852
23.2192
15.2759
22.9077
20.0964
18.9613
25.4022
16.2779
23.8651
17.4579
22.6424
20.6540
19.7426
21.5453
15.4413
14.9844
19.8312
21.3983
15.7831
19.3646
18.6597
24.0969
17.6511
17.8773
23.5343
17.9981
14.9598
17.6704
16.0235
26.1560
21.5584
22.0138
22.3440
21.0841
21.9353
22.4479
21.6885
15.7786
22.5097
21.9368
22.2594
22.8937
22.0939
16.8207
19.2226
17.6333
22.8169
10.4957
18.8853
15.6960
15.7650
16.9922
25.1940
15.7171
21.9353
22.0387
22.7182
15.8419
17.1882
17.5838
18.4239
18.6942
13.0774
21.8159
21.8264
18.5072
11.9622
16.0909
23.1992
16.3934
13.3310
21.6761
12.9476
13.8515
15.9256
20.5334
16.5816
16.5276
14.9587
23.3879
24.4708
21.6068
18.5291
17.6680
21.5126
19.2343
15.8203
15.8360
22.2199
17.0475
15.4381
18.2728
16.1991
18.0863
21.9276
17.2180
17.5496
16.6523
18.9152
17.4194
15.9214
18.3623
14.7769
22.5490
21.8328
16.3085
25.0951
19.6056
16.5192
15.4868
15.6870
16.0201
18.6040
22.9737
17.6297
19.4100
17.3869
12.3824
18.7482
17.5773
18.6835
16.2428
19.3550
16.5312
17.3910
