16.0756
13.7019
9.1946
12.0205
14.9712
14.7417
12.7915
17.3474
16.8187
10.3120
13.9789
12.6015
24.0413
17.4758
16.7209
16.4287
15.9984
8.4100
9.5283
23.0738
14.7122
23.0422
13.2227
13.9721
10.4269
15.2694
11.9778
10.7216
12.1212
20.5668
13.0104
14.4054
16.8293
13.3140
16.1880
13.7579
13.5978
15.0859
21.5977
7.2963
7.1297
13.0882
14.2909
14.1449
15.2838
15.9944
17.0770
14.8727
12.7577
7.8964
17.9340
11.7075
13.4650
17.3685
19.8083
12.4729
11.7980
10.4130
13.3184
10.7583
15.0446
16.3391
18.5743
17.4085
17.8278
12.2725
12.1487
12.3714
10.9249
12.0618
7.5067
11.5385
16.0278
12.7362
13.2327
18.7079
16.0681
10.6805
9.4299
12.6906
21.0449
20.8424
13.0965
21.5135
12.2460
15.5739
11.2555
10.0354
17.0173
11.5001
13.6941
8.0810
15.2720
14.4612
16.1250
12.6010
15.5461
14.0452
21.4035
15.2782
13.7789
17.3898
17.5428
13.6119
15.2615
20.5286
17.1665
14.4450
13.1315
8.2419
16.1182
13.2032
17.3423
20.7791
14.2702
13.6950
17.1341
16.4083
17.8934
20.3917
15.4137
10.3043
17.1512
21.2342
13.4855
19.4353
13.9050
22.2101
14.6545
20.6181
11.5613
11.4405
7.2079
13.8393
11.4360
9.0549
12.5652
13.7197
20.2094
10.1862
12.9025
16.8016
16.3864
12.9782
14.1122
21.9327
11.4926
13.8859
8.6890
13.3697
20.7149
15.5322
15.8851
11.8857
17.8935
18.6524
12.5294
24.2200
16.6536
13.3456
13.5132
16.5081
14.1846
11.5570
14.3605
13.9372
13.3075
16.6129
10.5267
15.6108
12.6922
11.4958
14.9749
13.1115
15.7935
17.3351
13.9443
15.2196
12.6649
21.5943
13.5216
14.9628
11.8435
15.4548
21.4386
13.2305
12.4815
16.1225
17.7777
20.3505
15.2436
20.1911
16.9942
15.9846
10.8419
15.2737
9.0371
12.8528
16.5254
14.9369
12.5213
16.8020
16.0168
16.7602
10.4911
12.9841
23.1745
12.0906
14.7992
13.0757
14.0099
14.7828
12.4255
11.1511
11.8031
12.3329
9.0109
11.4011
20.0771
18.2752
16.8160
12.5553
13.6095
11.8682
14.1644
11.8137
9.4020
20.0952
7.3638
12.5440
10.8497
18.4413
13.2504
19.6837
23.7091
16.5199
14.2565
13.1202
19.4573
11.8761
23.0189
19.6441
12.5020
7.5091
8.4223
15.2886
15.5049
15.1075
17.2750
13.2540
8.7525
16.8646
20.7632
9.8616
19.5179
12.9681
14.3371
21.7697
10.7169
23.6439
19.3187
15.4628
15.7597
11.4488
17.2506
20.7269
10.6452
20.7331
11.2325
15.8453
16.1279
12.3540
11.7833
13.7257
9.2946
15.4135
15.6662
13.3709
16.0772
13.7695
19.2740
14.6725
22.6679
10.7491
14.2917
12.7712
19.5998
9.7446
13.5958
14.9352
19.8921
12.3318
15.4240
16.3581
17.7919
15.7894
13.4882
13.1514
13.7256
16.9028
19.9658
13.9749
15.2083
9.8422
16.4511
11.4646
15.4973
13.2577
14.4472
8.4858
23.4449
15.5796
11.3063
10.3173
10.5861
11.6875
15.6388
13.2089
7.2399
12.3110
22.5502
13.7072
17.3882
20.3193
19.0640
9.5987
12.4867
16.7605
13.2652
13.9896
16.3533
15.8581
10.7513
12.2348
15.2522
12.8445
10.3178
19.7463
15.4309
14.4380
20.2309
12.8965
14.8821
8.4507
10.1844
14.0024
16.9485
9.2890
11.5854
16.8395
11.6277
12.2424
13.8119
12.7974
18.3627
21.8994
21.1018
21.9945
14.3675
17.1215
20.1732
14.8917
11.6006
11.5411
21.9751
15.1294
12.8102
12.1823
18.2581
17.5503
10.7476
11.7651
12.1515
12.3347
17.2211
12.8012
12.4622
10.9038
10.9669
11.6965
22.9085
13.9573
15.1034
16.9289
9.9728
12.4687
12.7778
16.4046
9.7934
15.7327
21.3662
12.0392
16.6740
15.7020
20.1949
12.3649
15.2837
11.4903
14.3264
13.8785
20.4524
12.0445
14.0426
19.8684
14.1729
7.5172
10.3820
21.3844
21.2926
15.1161
17.3850
16.1245
17.2283
15.7741
15.1957
20.2435
14.1937
13.4792
16.2889
12.5230
24.7419
19.6748
14.5874
13.1785
10.0519
17.6105
13.5258
9.1104
13.8523
20.4259
13.7499
14.3859
15.6918
13.0525
10.0991
15.2068
15.9408
12.2586
12.9656
13.3235
17.4371
10.1612
16.9301
16.6705
14.8479
13.6884
17.4560
19.5547
14.1655
13.3774
21.1093
13.2925
11.9641
20.7391
13.0089
14.4924
10.8472
8.7533
15.1829
13.2976
17.1635
13.4080
12.4828
15.3889
5.0723
16.0113
13.2113
10.0385
13.1336
11.2503
16.7233
15.1942
12.6562
11.6268
10.0869
10.5969
14.1008
9.5841
18.9215
9.7398
19.0998
12.8428
13.7695
21.1703
10.6191
15.4323
12.8875
14.1429
10.5856
15.8235
16.5537
15.8007
13.3318
14.1231
20.5670
13.3726
19.2376
14.1449
17.6888
12.8183
13.4447
16.3666
12.9666
20.7168
9.1807
24.2967
20.6116
16.2291
14.3362
10.8066
21.0192
14.9258
21.4486
12.8615
17.2941
17.1487
7.4249
11.0374
16.5948
12.0313
16.7125
13.4066
13.0005
14.4468
13.1736
20.8551
15.9119
14.6960
13.1417
14.8010
14.4276
7.1581
13.3007
10.6528
20.9718
15.8828
14.3163
15.3829
10.9588
11.9887
9.7748
9.0520
15.3146
9.9960
11.7726
11.6985
17.5794
15.6562
15.0890
15.0770
10.6373
13.9435
17.0438
17.0851
12.9620
15.8675
12.5534
22.2279
14.9215
19.1180
15.4254
18.9612
14.6262
17.8700
15.2588
14.7025
14.4298
17.7341
8.5398
14.6025
16.8338
16.0958
19.9815
12.1504
23.8676
14.2702
16.7226
20.3483
13.9202
9.7521
12.7860
12.0391
15.2853
10.1318
19.7936
11.8000
15.7735
13.9960
16.3285
12.3058
17.0088
15.5304
18.5921
18.2022
24.5337
19.3240
9.7955
16.3822
19.8102
13.3477
11.8093
17.1405
16.6417
15.4695
14.5930
15.7028
12.6025
13.9839
11.6074
12.6365
16.0074
19.3879
19.5143
9.8691
14.2164
15.2751
17.1486
11.5836
20.7162
7.3809
20.2153
7.8844
13.9754
13.4699
14.8091
14.5831
18.7598
10.1074
20.4559
13.2789
16.4674
11.7338
18.6434
8.2734
13.8177
19.0765
20.9729
10.6695
10.0643
12.3776
13.8594
14.0508
13.7703
10.2504
13.1729
14.9625
15.2312
17.0205
15.1224
7.8012
13.0028
9.3954
11.4282
16.4898
11.3677
22.6142
18.4693
20.9234
11.6358
13.9259
13.5255
16.5809
21.4041
13.0653
11.0504
16.2465
15.9471
17.3221
17.2145
15.3203
19.6175
10.3680
10.8345
12.3389
20.4992
9.5728
14.7896
12.5997
15.2370
15.4653
8.7904
12.2873
17.0812
14.7457
15.8950
15.1208
15.7070
12.9731
13.4089
14.2829
16.3970
15.9410
16.5594
17.3275
17.8025
15.6252
9.2708
14.4495
13.1464
13.8640
14.6909
14.4781
16.5677
17.2225
9.2760
16.4509
16.0688
16.2356
10.9193
12.5158
11.2712
15.0188
15.6084
17.0317
14.9950
13.0353
20.5904
13.7836
11.5079
11.8721
20.0496
15.3339
8.9546
16.5853
10.4500
17.4801
20.0791
17.2561
21.2241
18.5176
23.8525
19.7437
9.9511
19.9442
18.5041
9.9690
13.2133
16.0629
14.2595
5.5461
16.4385
16.0591
12.1276
12.7384
12.0358
12.9170
13.4774
14.6856
17.9176
23.5619
13.7633
9.9752
11.7477
14.8428
20.9366
21.8983
22.5796
14.1243
12.6680
17.2395
9.9872
13.3403
7.3842
14.9554
10.9629
20.2542
18.2003
12.9808
19.7986
15.3277
10.3955
12.3053
20.6242
23.3250
17.2301
14.0078
20.7097
18.6719
14.6405
9.4693
10.5982
19.6143
14.5979
8.8724
12.9196
9.8599
15.3530
14.2697
17.2992
17.1563
8.7745
12.7210
17.5367
14.6545
14.7450
14.0380
13.1076
17.3574
23.7983
15.4040
12.4242
16.1779
12.2599
9.8405
20.4325
14.5035
16.4679
20.7904
7.2657
15.3951
11.7873
24.2346
14.8311
13.5160
14.2059
20.5288
15.8096
15.6924
12.8280
19.6488
21.3839
19.8369
19.6277
12.3855
13.9477
16.9846
13.6145
12.8943
10.2016
17.0952
16.3261
21.3758
16.3047
10.5782
16.3826
13.6456
13.6790
19.3875
20.2640
24.0954
13.5157
12.4976
9.9077
17.0521
14.1152
7.8867
22.5243
15.1536
9.0249
20.4682
15.0512
17.9062
15.4277
17.1360
15.8222
15.4584
14.5054
20.4194
23.0187
14.9867
15.7245
15.2256
14.1128
20.8181
12.7453
12.7618
24.4877
19.6178
15.7144
9.0837
14.8940
12.4795
20.8035
13.4431
21.1354
13.5820
20.5358
15.6971
16.4445
8.6691
12.6267
18.8712
21.4259
11.6225
15.2500
11.6002
10.9802
18.7390
15.5407
17.5217
12.2085
15.7707
11.9605
12.5542
14.2305
14.3573
16.0765
16.0943
19.2228
18.3366
10.5277
13.8499
14.0435
11.6708
19.2433
13.3575
10.6495
13.1713
12.3313
17.1842
20.5722
14.1900
15.8223
18.2145
10.4730
19.6047
19.4801
11.9188
7.9664
12.9910
20.2465
15.2593
10.6079
14.1617
14.1068
14.3318
20.6162
15.1500
17.1799
11.9616
17.8057
16.6977
22.9377
11.8434
14.4826
13.3842
18.3824
14.0204
19.8594
12.1630
15.6295
15.9688
13.9621
17.4157
23.8313
15.1633
9.2508
13.7184
12.3567
15.4747
17.2741
13.3986
14.8495
13.3985
14.8911
6.6428
10.5229
12.7318
10.4852
10.3982
13.6615
7.1749
11.2978
17.6156
10.3010
14.0381
15.6017
14.6181
12.6692
12.2664
10.1862
15.1937
10.5208
7.4392
12.0201
20.8327
12.6350
19.5471
10.9074
11.9526
20.4504
11.9918
19.3844
17.0317
7.1490
11.3229
15.3175
16.6793
16.4544
7.5549
12.8537
13.3762
22.4925
12.9795
8.8894
13.7476
14.3613
13.5263
16.2403
13.3544
10.4918
14.6954
13.2354
13.5055
15.6403
12.3423
14.7716
13.7984
13.6865
18.1224
14.7125
16.0306
14.3580
17.0432
12.0213
17.9753
15.1440
12.2467
20.2954
12.8868
15.2240
8.8392
19.6537
16.9816
14.2075
12.3821
6.3834
10.7788
18.4770
12.8908
15.5209
15.2899
12.5344
7.2593
13.2918
11.8959
11.9213
16.3956
15.2847
19.5869
20.3778
16.6814
20.9458
19.1088
17.5157
21.4518
12.9013
16.1994
11.8478
12.5201
13.8923
12.0360
12.7491
21.1711
12.8921
16.7864
13.6377
8.9311
13.6673
12.7811
14.0897
16.6099
17.6983
16.7328
14.4618
16.4546
22.8085
15.4791
10.5850
15.4940
17.6558
16.1503
17.3252
19.6332
13.6813
10.6297
14.9851
15.0218
17.1008
8.0717
13.2311
22.4380
13.9367
20.4513
13.3184
21.0361
13.3068
15.1122
12.6629
10.3800
16.6146
18.3974
13.7323
10.4247
9.0495
10.6810
14.5390
13.3693
9.0193
21.2009
12.8670
19.9869
14.4596
20.0988
17.0369
11.3508
20.5441
21.3475
11.4201
13.8641
24.0678
16.8335
10.8886
11.7880
12.3548
6.6415
14.6776
17.8736
21.2365
13.2537
13.1584
17.6630
13.0264
12.3879
14.1690
19.5154
21.4943
19.1390
6.6412
13.4781
12.0944
16.1308
10.8413
19.1012
13.3582
13.1872
12.8619
15.6143
14.8959
14.4858
12.7844
15.2731
21.7848
14.3596
16.6282
13.3887
22.7545
15.1342
16.7825
14.1750
15.1055
8.3275
21.8446
18.3487
16.0928
12.5683
15.3653
13.9520
14.0472
13.0270
14.4663
15.7253
19.2650
16.4014
9.4004
16.8537
11.1283
20.3758
17.9349
12.7072
14.0499
17.3422
14.1075
11.3214
11.5625
21.3961
9.6984
8.1613
11.4731
15.1665
14.8840
22.9292
17.9774
18.8932
14.2284
12.7149
14.0703
13.8576
19.1345
17.0940
17.4481
7.5033
12.8598
20.1558
12.8446
9.6541
11.0921
12.1585
16.8372
17.9747
11.1581
19.9677
13.7441
20.4010
8.3111
17.6326
20.1554
11.8475
16.2168
21.8543
22.6815
21.9882
8.8622
15.6300
20.5859
16.2274
16.3376
16.6185
9.4975
12.4837
15.4280
9.4471
13.8329
14.9693
12.8968
11.8145
10.8114
12.0567
20.7450
15.8899
13.3834
13.0090
15.3060
13.3094
17.5982
11.0590
14.6865
16.4885
17.5314
20.5580
16.7312
15.4505
9.1329
10.0465
13.0828
12.0801
17.0294
19.2971
11.9717
15.8125
18.7777
11.8449
13.8767
10.6799
14.1270
18.8516
12.7930
20.1104
20.0386
9.7578
16.1097
12.4507
13.2138
12.1246
9.9661
14.4712
15.3910
11.7124
13.2156
12.8519
18.0256
12.6665
13.4279
21.8082
13.0083
16.5432
13.0407
12.9712
15.3217
22.4605
10.8631
7.4466
17.3691
13.2302
13.5215
4.9218
14.6974
20.6809
20.4183
11.4752
9.7814
21.9392
12.2053
13.8471
7.8836
16.6706
19.8167
8.3750
12.5136
16.0107
13.5871
20.4726
15.0859
14.1927
13.0010
13.4536
15.2872
21.3019
20.8385
13.6336
14.3246
22.2763
7.8071
7.7697
13.8741
17.1919
11.7421
16.2854
18.0870
8.0579
16.8986
15.6971
23.5274
10.8888
15.9241
10.1437
10.6511
9.6061
15.8625
20.1589
11.8136
17.0770
14.7093
20.9203
19.9678
19.6423
18.8038
15.5208
17.0607
10.2215
15.7686
12.2352
13.8699
10.0186
23.1465
12.4675
14.0031
10.6721
15.4432
15.8071
15.8053
12.2376
20.3385
21.1942
13.0527
10.5022
17.7128
15.0326
16.1526
14.3139
16.6736
13.3617
20.6044
12.4075
13.3847
13.7901
22.3588
20.5286
18.7830
13.6569
13.4055
20.5532
13.0677
12.3086
14.3378
15.6255
13.5218
12.6608
11.3407
10.9109
22.4813
18.5264
8.8265
22.5351
21.1834
14.8804
14.1224
11.1910
15.5860
23.1982
12.2552
15.8793
13.0000
11.1485
13.4233
12.6714
18.1123
7.6616
5.3392
8.6294
17.2373
17.0367
15.1808
15.1291
12.4355
17.2461
10.1646
14.8282
13.0921
20.2828
14.2801
9.2765
13.0619
14.6255
20.4462
12.5146
12.6132
16.4204
19.6870
14.9047
13.3072
14.4753
12.2116
22.6231
10.7388
11.4536
13.8239
17.5136
22.6539
16.7601
16.9575
20.1254
14.4533
13.6611
17.3041
18.6678
22.6103
13.2876
20.5136
20.6600
20.0615
15.6771
20.1673
19.5167
11.4698
11.7805
20.2979
14.3179
15.1298
12.7329
20.7234
18.2903
14.5560
18.4137
13.5138
11.3902
16.5669
17.1365
16.9995
19.4609
10.6113
10.9737
12.8166
12.7760
11.4400
15.5144
15.3144
10.5477
18.4271
14.7681
13.4178
10.3276
21.3857
15.4786
12.7481
10.6456
11.6460
13.9668
17.1789
13.6298
17.0850
17.2263
21.5598
11.6518
19.8809
17.2963
10.9245
11.4091
11.8778
19.5106
12.7942
13.6446
9.4753
17.6645
16.8398
16.3575
9.1208
12.9496
12.1250
14.8164
14.7939
7.2152
9.5298
10.1575
7.4530
14.7137
19.7945
21.8862
14.0707
12.7948
11.8284
12.3353
14.6202
20.2148
16.2600
15.1087
16.4002
13.8651
7.7910
11.9965
20.3668
13.6340
11.8934
20.6431
15.1179
14.1916
22.5385
14.0070
22.5351
13.5665
16.9499
5.8964
12.6254
19.2285
22.9850
11.4915
13.4421
17.0820
21.2311
10.2056
14.8777
9.3222
17.8666
14.6077
16.8074
9.3994
23.5781
12.6769
15.7138
13.3552
12.6422
15.4962
22.6077
15.2138
12.9681
9.1294
15.0799
20.5394
10.6868
22.5609
17.1494
8.3513
22.2601
12.7181
19.4884
12.4648
19.5197
12.8874
11.6501
15.6581
13.5788
21.0254
14.4229
14.4887
15.6941
18.6042
19.4805
10.0548
10.6426
11.0089
17.0597
14.5542
21.4727
10.6970
13.0741
15.4577
17.5519
13.2884
20.3850
20.5018
18.9309
13.3214
13.6413
13.1367
17.4258
15.2253
14.7172
17.0936
19.2464
16.2978
19.9306
12.5617
14.0694
17.0895
9.3184
14.8062
19.4586
13.6737
13.5691
14.3484
17.3418
12.9603
5.8541
12.5898
21.0554
11.2752
21.3068
21.0483
11.6292
19.7063
13.8487
11.7659
19.9541
22.3311
13.6447
19.4501
14.8966
19.2519
11.5772
13.2695
13.5058
11.9090
12.2863
13.2610
13.4981
21.1518
10.0560
13.1829
23.1761
13.8753
13.6392
20.7383
17.1461
10.6984
13.8146
16.5736
14.1094
16.9618
16.4927
10.7746
15.1526
16.0354
15.0574
15.2493
10.9725
20.6231
19.5912
14.2787
10.6971
12.8704
20.0831
16.9212
20.7841
12.1810
9.7000
14.6879
18.0067
13.8767
15.7850
19.8319
14.1772
11.9917
12.8633
15.8258
15.4809
14.5552
20.5556
8.5557
14.4086
14.6899
20.4563
4.7631
12.6549
18.8308
16.3887
16.2701
13.5577
11.5773
13.3931
9.0113
15.4666
10.5025
19.1943
15.0361
19.6754
15.9973
15.3110
9.7541
14.5116
20.2788
14.7827
15.4657
16.8524
20.7254
21.2199
12.6927
20.2457
19.3823
10.8087
11.4404
13.8073
6.4746
13.2162
13.4379
15.3558
13.3507
15.7996
20.7155
15.9423
23.2799
4.6977
13.6521
15.4310
22.9562
11.6496
13.2587
20.8637
14.8282
17.2084
7.3501
4.7782
16.2507
12.3201
13.2014
19.7118
12.8995
10.5426
10.6065
13.8235
12.1286
15.2362
21.7953
7.6979
12.4842
12.6410
18.0983
13.1115
11.9992
21.1875
7.1967
20.0397
14.0917
12.2111
14.3038
10.6955
13.8859
19.5221
19.4956
13.9076
20.1174
18.4652
18.4558
16.3555
13.6328
15.2766
13.4017
12.2241
14.9242
14.4764
14.9813
15.1654
12.1989
13.4626
15.4540
10.4642
16.7060
14.5489
23.9994
18.9846
12.4174
16.3049
13.5432
17.3432
16.8522
12.5823
11.9307
19.6755
13.3314
14.5651
17.6977
17.9034
15.3767
15.4734
15.0975
10.4889
12.1206
15.1516
14.0044
14.6084
15.0514
12.4051
15.4135
14.3898
13.8253
12.3206
22.1270
14.6444
15.3444
16.0219
18.7649
13.6775
11.8472
9.5701
14.4175
8.9764
10.6306
16.6888
13.6920
19.8153
13.0730
15.1717
13.7291
16.0050
11.2054
15.1367
11.8287
14.8626
16.6612
17.3659
14.9592
20.5834
21.0121
16.0302
18.5610
4.9004
10.8594
13.1211
12.0506
10.4858
13.6331
16.5990
16.7030
11.4130
16.2553
12.7978
19.8302
13.9942
11.7657
9.8676
10.2792
13.4478
13.8270
14.2619
11.2025
16.1456
18.8626
15.6397
8.7935
5.6590
17.3580
14.0207
15.1433
22.7537
13.0782
14.2366
13.8397
11.9587
13.0800
15.6645
22.8552
13.7111
12.1146
13.1485
15.7080
15.0868
14.5059
12.3994
15.9248
8.8045
19.9689
12.4682
22.6124
13.7686
8.9417
10.5417
12.6849
18.9288
12.4480
19.9677
7.2505
16.3393
15.7664
14.6262
19.7159
12.3533
13.5322
11.9676
20.6160
20.9813
12.7185
18.4002
12.3700
16.1855
11.4289
10.1648
13.3100
14.6006
12.9870
14.5459
16.1316
18.8738
14.7902
15.3185
10.7298
14.3428
20.3972
15.6561
16.0467
10.1115
14.8996
12.5540
15.5979
13.4396
19.1801
15.7676
14.1850
13.2794
15.4095
16.6371
12.6133
16.3978
16.6557
10.5555
21.9271
17.1782
11.5740
9.7008
20.4682
13.6355
7.3259
16.5307
12.6257
9.0680
10.9469
13.4360
16.2143
13.7005
7.7774
12.5340
17.6076
13.8032
20.1185
14.0186
10.4577
10.9390
14.9328
13.1452
11.2993
11.1203
11.5792
18.1460
11.4469
16.2462
12.5921
12.4568
13.3391
14.6089
22.5917
14.1534
15.4172
8.9340
16.4979
13.3202
14.2004
19.9771
11.3187
18.8909
14.5888
16.9231
21.6134
19.1629
13.4843
11.4928
20.6473
17.4198
14.2205
12.8558
7.8320
13.4053
10.4636
15.0089
13.3956
15.9033
11.0486
17.1007
13.1736
19.5347
15.0690
15.2719
19.0724
11.3204
7.6656
21.1253
14.2329
20.8620
13.7355
11.3275
14.5818
17.5667
17.3740
22.9512
10.2845
20.1869
9.9405
11.8171
8.8403
11.8059
10.2325
21.5005
12.3677
12.4832
16.3400
12.6482
14.0423
14.9108
11.9375
21.5606
14.7181
21.9681
22.3194
21.3718
14.6449
15.7214
11.7098
21.3130
20.2535
13.7456
15.3895
20.9951
12.6153
13.0131
12.1040
15.2894
11.4762
7.6710
21.1499
15.6701
11.9578
20.5302
10.6510
11.1582
11.2067
12.8224
13.5049
13.0913
20.2862
14.5993
18.5563
22.0945
18.6937
21.5454
10.2095
14.3409
10.1572
11.3195
20.5105
11.6325
18.9295
12.1957
5.8800
8.8867
14.9527
11.7801
20.0115
13.2452
13.9234
10.8836
14.2485
21.0787
9.5779
20.5735
12.7013
12.0522
17.2183
12.2593
12.6564
14.7484
13.8442
7.2757
19.0124
19.2647
12.1065
22.3213
14.2854
16.5788
16.4415
12.9721
14.8303
19.5183
7.3004
20.4564
17.1341
9.8815
16.1115
8.1960
14.7394
12.2250
16.7063
12.0234
10.4546
19.5038
19.2406
14.3427
15.7252
13.6458
20.8047
11.3518
20.1923
12.2398
22.9239
19.7478
16.5278
14.4539
14.6381
12.5287
15.7420
12.6199
11.9789
13.4792
8.7244
20.4089
14.5232
12.2211
11.9827
20.5123
12.6931
22.4311
19.6602
11.8860
13.6896
12.2644
15.3608
15.0180
4.7980
16.5762
14.9377
12.6070
16.7888
11.2998
14.2751
12.5625
12.1935
15.2590
13.4152
9.1387
14.9010
12.0698
10.1638
12.1822
16.6891
20.1639
14.2451
11.7673
17.2152
8.1091
13.3386
11.6860
10.6778
14.2601
7.5673
9.6324
13.8853
19.7358
13.6359
20.0333
15.3840
13.7940
11.1639
13.3432
16.7689
21.3521
14.8685
18.9985
13.2125
16.4241
19.8042
16.3099
10.8803
13.8736
12.7715
22.0964
23.1888
7.7691
8.8542
9.3576
11.8566
13.5166
17.1091
17.0941
12.4075
21.1382
13.3830
18.9108
20.3266
13.1081
15.6085
7.1301
16.1637
12.3637
17.6383
19.9423
13.2358
17.1876
12.4124
13.0688
10.0438
5.8297
19.8923
13.9923
13.3803
15.1260
12.2669
21.0649
13.4863
12.7477
15.5901
12.8485
13.3722
13.6573
13.9030
21.1117
13.3514
13.3638
11.3032
12.7435
13.4418
15.6458
8.8059
12.2542
11.7315
12.8231
21.2711
17.2110
14.6682
11.6766
13.4051
12.8565
21.7040
18.6893
13.2199
13.7301
12.5071
14.0402
14.1579
13.7214
9.0804
9.8703
8.6590
12.7359
22.4904
15.8986
22.7282
18.6610
14.4749
16.8689
16.6783
18.9369
10.5405
7.3891
13.2942
20.6105
15.9982
15.1601
13.9716
14.6011
13.4621
14.5851
15.1900
21.4275
22.3534
24.5744
14.2440
12.6397
11.5293
13.5817
10.3108
9.6106
11.7269
13.1958
11.8944
12.1112
19.4790
14.5375
19.2223
20.7752
20.2716
17.6651
13.6489
18.9586
20.3637
9.7607
17.0151
16.1213
20.8274
19.8940
20.8205
10.7109
14.6424
15.9072
14.1519
20.3667
15.0716
22.8082
14.2656
13.4852
16.6153
15.7212
13.8357
15.3218
16.2594
18.4613
21.6884
21.9368
17.5363
10.3253
12.3524
20.7146
12.2413
11.7793
13.5134
11.9180
12.6313
17.9546
14.8342
24.3713
14.3116
20.4749
14.0080
11.4280
7.8972
13.0519
8.7746
10.7157
11.1665
10.9388
20.2740
15.2324
18.7554
16.6237
12.6991
14.9428
21.3062
9.4016
22.9053
20.1768
16.6191
14.4354
12.1134
12.4162
10.1049
16.0303
20.2594
13.6005
10.3804
13.7458
7.5578
16.9253
20.9090
20.9087
13.9031
15.3627
22.2050
18.5932
10.4420
13.0205
18.4125
13.9260
14.2732
13.3694
14.5771
16.2367
14.6275
8.5410
18.6303
11.6504
13.5803
15.7855
15.7710
13.1839
15.9390
14.6973
15.0794
11.9352
20.3590
16.1948
15.3922
8.6860
14.9325
15.9070
11.4067
12.5770
16.2789
14.1511
15.5427
10.6885
16.6215
15.1982
8.5079
15.3008
12.4431
12.9551
13.0078
11.4230
16.2662
15.4975
15.3261
7.4833
10.3369
12.6994
20.4558
9.4185
10.5094
13.5500
10.6581
12.4740
13.5836
16.9633
17.2967
20.0429
15.5825
15.8412
12.7287
16.8379
21.7935
6.7458
14.0714
17.0030
15.7867
14.0036
12.8645
13.3044
15.3162
17.7322
17.2760
19.3138
18.7795
13.0394
13.6571
18.4881
8.9363
20.9611
22.0567
15.7383
11.2255
21.8796
13.5126
12.9810
21.6032
20.1097
13.5100
13.7144
13.7575
15.4795
12.5914
14.1473
20.3439
11.7184
13.6664
12.1443
14.2443
13.8617
20.4331
7.1288
19.2229
17.2717
14.4417
17.5261
18.1870
14.0914
18.6571
9.5799
15.2310
16.1243
16.7569
7.4034
10.7553
13.8039
15.1511
10.8148
15.0101
16.1952
13.1661
13.5578
19.7545
16.5772
11.0683
17.3085
14.7544
9.1099
13.6746
13.0269
15.6071
21.5994
12.6819
12.5047
12.2066
10.9939
13.7031
14.3702
14.1241
19.6731
7.9178
19.3742
20.7990
20.8439
14.3240
10.6705
17.2250
13.5495
13.8832
16.9692
11.9152
11.7817
8.8739
11.4239
21.1478
21.5902
15.7858
14.9974
8.8984
11.7368
12.8753
12.6879
16.2426
13.0995
22.8294
10.9686
11.1771
13.5569
14.8967
12.2856
17.1257
22.6829
17.0891
15.8886
4.7577
12.6800
13.1540
18.1875
14.1475
11.7390
12.5519
22.5017
20.1405
10.6240
17.1846
16.8543
14.6933
13.2948
12.8997
10.3923
13.7469
13.3956
15.1757
11.2540
14.7433
12.7016
12.2848
20.0957
17.7875
14.9315
15.7970
12.0706
19.9139
23.3219
22.2933
20.1203
14.2058
11.4097
12.4917
13.0831
13.9604
13.2754
10.4957
15.2134
13.6032
12.0859
13.8621
15.0521
24.2221
11.9672
5.7278
8.0257
13.9212
9.5400
16.5536
14.4528
13.1807
13.9178
17.1509
21.4635
23.6503
16.5829
13.6713
13.8603
6.7935
20.8627
12.4599
11.0780
13.8990
9.0302
7.9866
20.0387
19.6500
12.6816
17.6744
12.0752
20.2307
10.3836
13.7069
13.9320
10.3899
21.4217
5.4482
10.2108
11.7956
12.1747
11.6531
15.0277
12.6397
17.8155
15.2472
11.4715
14.1350
12.0330
17.3611
12.4739
20.8866
14.8357
16.6388
17.4297
13.5122
13.3636
16.0228
20.6762
10.4467
15.8614
12.5296
16.3343
7.6070
16.8694
20.5079
17.3840
12.5849
16.2159
15.1633
13.9724
15.4363
16.0221
9.7542
11.3794
14.8021
11.6478
12.6695
12.7051
12.3041
16.9023
16.3287
8.9510
19.8114
13.3514
19.9187
10.9720
13.7976
20.3177
10.4407
9.8855
16.6004
13.4122
13.8009
15.0037
17.4552
15.0044
10.2755
13.9202
16.6353
20.3442
22.2179
19.6961
15.0408
15.5840
13.3252
7.1958
17.8641
20.3686
20.8645
17.3237
15.3253
13.1749
22.7381
11.9065
15.9611
15.3138
15.9322
13.1506
10.5985
12.4159
19.8941
12.0367
22.2098
20.0895
11.8496
20.7270
13.6426
9.6667
10.3834
14.5231
13.9537
16.2567
13.7110
10.1614
17.0551
13.3125
23.9149
18.9738
10.9425
23.8622
15.2739
22.7470
13.2164
13.5146
17.1576
23.6580
13.2696
4.8673
21.2682
9.6276
15.4869
18.1606
19.5470
14.6857
17.3342
17.0372
21.7018
20.2852
14.6607
11.6902
16.0335
15.8242
16.1149
19.6032
13.1361
15.9848
12.4135
24.4481
22.7353
9.8371
16.3060
13.8383
20.9541
14.5082
18.9518
15.0264
12.4054
11.1636
10.6060
20.2332
13.8966
11.4270
16.4829
10.3902
16.7118
22.2657
15.5016
13.2646
10.8191
20.2632
14.0880
11.2670
11.9679
10.0063
22.5650
15.2730
12.7319
21.5066
7.1260
10.1365
16.8068
12.2614
16.5809
15.2484
12.9189
17.7668
16.7038
10.6002
7.9596
20.2388
13.6103
19.0876
10.5545
21.4097
11.8243
13.6578
15.8727
17.6213
13.5962
13.0225
19.9849
14.6331
11.6259
12.9957
14.1120
19.9092
21.3615
8.3604
16.0547
9.2684
11.8125
22.1352
11.5061
13.8212
20.3580
16.8374
13.5596
9.5760
20.3909
13.3681
14.1106
15.9025
19.5279
15.6695
19.6521
12.8097
18.0520
16.0645
13.6648
12.9613
11.1538
13.4019
11.2698
15.9518
8.1853
14.3394
19.2596
10.3568
21.1700
13.3786
14.7287
20.0675
16.9848
11.8621
12.8791
12.4800
11.6748
13.4855
17.4824
14.8195
11.7850
12.9062
12.3405
11.7906
13.6856
12.3707
15.2039
21.2579
13.3386
7.6872
20.3816
14.1200
18.4829
20.3913
13.8675
19.0869
13.8278
13.6130
13.7046
12.8386
20.0543
12.1745
15.0683
13.0699
12.9987
15.9405
13.8059
14.9419
18.8088
8.9811
14.8100
13.3297
10.4487
15.6954
19.3355
17.2722
21.9531
16.5537
13.8164
23.1284
13.8833
17.2036
5.4519
11.9790
21.6628
16.4496
12.3058
10.3535
13.3603
22.3872
15.7738
13.6400
12.8188
10.8970
17.7742
12.2455
12.9678
7.5086
11.7050
9.5907
13.5841
11.0565
14.5855
20.9765
15.1546
15.2297
24.6759
20.0916
16.0409
18.7299
15.6302
10.4853
15.5729
19.1863
13.6944
13.3653
12.8842
13.8725
19.2246
22.6073
11.2688
12.6038
20.6992
15.3914
13.2348
10.7824
17.1691
13.2298
11.5070
7.9262
12.7519
16.2958
12.2988
13.7910
16.2421
14.5649
21.4268
13.0775
10.0874
11.1017
14.3203
21.6049
15.1746
14.3329
18.2303
17.9328
18.3693
22.7932
14.8689
13.0936
21.7115
13.6326
20.9089
22.7546
16.6690
12.1779
15.6904
11.8897
11.8332
21.6633
13.3660
11.4359
21.8708
12.7831
16.5412
22.8793
15.9992
10.6275
14.0867
9.3417
19.8875
20.2284
12.2027
13.4340
14.8347
20.4433
19.2494
9.9995
15.8014
15.3961
12.3056
22.3792
17.7659
16.8703
21.1138
13.6928
13.6677
12.9603
15.7405
10.2193
17.4838
14.0914
19.4407
11.4046
7.5019
13.4662
14.5312
21.4228
14.4896
15.3525
12.0520
15.7894
13.3098
14.7528
14.2096
16.7007
14.0666
18.1121
10.6494
16.5686
13.7783
16.0974
16.0378
16.5950
20.2864
10.9368
14.8637
10.4033
16.8513
21.7532
12.7889
14.0479
15.2048
12.5978
13.7703
13.1417
11.9863
12.4878
13.3855
16.4391
15.2501
21.4832
20.8339
5.0030
14.9622
19.0093
22.4164
13.7524
21.5293
14.4830
9.6844
20.5561
11.3872
10.9239
21.0511
7.6663
14.5590
16.8583
20.1952
13.7953
22.1557
20.5813
11.9362
15.3709
5.0107
5.7773
20.8166
14.1229
17.3864
13.9823
14.8809
16.7447
12.5127
18.7078
10.4213
13.9356
12.7566
22.9948
13.3742
10.6114
7.2888
22.1725
19.5156
14.6296
12.1711
14.0943
12.8540
11.2359
12.4979
15.3281
16.6648
19.5741
5.5465
13.7548
6.0565
13.4689
11.7278
14.3801
11.6711
14.3659
19.3821
13.1342
16.7133
9.5375
19.2356
13.0996
9.3255
14.7783
13.2872
16.8749
14.3465
10.7273
14.9294
17.4691
11.8586
15.9882
16.8697
15.0608
11.7938
12.4770
13.6108
20.4022
11.9690
15.3958
14.9379
17.3674
12.3116
13.5336
20.9399
16.6671
15.6480
19.9255
8.1359
11.8582
12.1889
17.9755
12.8253
12.5357
5.0201
11.5080
16.8925
16.5838
15.0281
13.6588
10.8361
9.7839
13.0173
13.0036
12.1583
13.5984
13.6333
22.3425
8.1237
16.5519
18.6743
5.4649
21.7642
11.6216
11.4739
6.4287
16.5343
13.8420
12.3793
21.6697
12.8502
14.8559
20.5051
16.6340
15.8980
13.5670
16.2527
22.9084
9.4044
18.7148
18.2940
13.5432
9.7655
9.3364
17.7668
19.7451
7.2987
13.3887
19.7000
13.2379
20.7835
16.6863
12.2910
14.1604
19.1441
18.2930
9.8256
16.1309
11.9425
12.6867
22.3874
15.4047
13.2748
12.2134
11.8692
16.5734
16.1529
16.2235
14.0846
11.5783
13.4244
14.6247
11.0782
19.3889
5.0297
12.7393
16.9338
10.3240
15.7311
15.5128
22.4092
22.2125
13.3576
19.3170
20.2726
13.6191
17.8528
7.2135
12.1371
16.7204
12.7831
17.2709
15.3042
24.0987
13.1262
16.9939
11.2263
16.8046
15.6778
15.7437
14.8350
18.5729
17.2546
14.8865
21.8214
11.4703
12.2322
12.6344
17.2674
17.0305
20.3156
11.1440
13.2738
15.5826
16.4790
18.7342
13.4487
18.3638
11.3388
12.7260
10.0621
13.1268
9.7678
10.2077
14.5654
19.5519
14.5045
10.1616
18.2126
8.9505
12.3691
17.5716
11.7050
22.1828
10.3779
15.3703
17.1636
13.7278
19.5031
10.2272
12.6481
11.9668
15.2038
13.5644
17.4941
17.4186
11.8945
17.9131
16.2185
15.4254
12.2707
22.5504
14.3200
13.1640
10.2524
11.9099
11.3540
13.1790
11.8655
20.2753
18.6027
13.3288
13.3922
15.5139
22.1315
19.7899
12.1855
19.2630
16.4965
14.6296
16.7053
17.1745
8.4235
13.2941
14.3017
13.4563
12.5955
12.7009
13.0092
10.3461
12.5095
12.8377
13.2032
7.9080
9.8203
13.5545
16.0778
16.7899
15.6253
22.3234
8.4227
15.0615
12.6533
15.7708
11.0144
12.3346
13.7535
16.5171
15.9233
9.4478
12.7523
17.0607
13.9902
16.6721
14.9992
14.5033
10.2525
13.2460
21.4056
13.8512
10.5227
11.6757
16.7731
11.9330
9.7092
11.6426
10.8794
13.9125
10.8879
17.6140
7.0656
14.5239
14.4001
17.0372
14.3787
11.1670
21.7707
9.9708
22.5772
20.2211
16.1928
10.8287
22.4570
16.5419
13.6167
14.8391
11.9678
11.4652
12.5157
13.1769
13.4988
21.5540
10.9853
12.7142
12.2876
14.1947
17.7984
15.4382
16.8521
15.9614
15.3920
13.4733
17.1024
16.2221
14.7735
17.7990
9.4063
16.7331
22.4556
14.6651
12.5228
13.7093
16.4279
14.8507
14.4901
12.4820
16.1353
10.2271
11.7380
17.3897
9.3824
13.0762
11.5723
13.3352
11.1696
14.7837
16.9331
14.1490
13.7191
11.0424
17.2965
15.2715
7.0424
12.7941
22.2110
12.4825
21.5934
13.1399
13.0891
13.8840
18.4344
11.4112
15.6893
16.9434
13.4594
19.4798
12.4767
10.1077
14.0403
21.1969
16.7358
14.6211
15.0077
17.9532
20.0204
16.0635
16.6109
11.5737
12.4539
20.9185
19.2401
19.2040
22.4817
7.4192
12.2381
16.1803
12.3569
12.4908
15.2918
16.3876
20.9464
13.0828
15.8097
14.4270
16.1921
11.0528
11.0294
9.2514
13.7647
7.2855
20.2355
22.0017
10.4685
20.1574
22.9453
14.5505
23.9402
11.7230
10.5086
13.9643
7.3989
14.9368
12.9444
12.6973
11.3274
15.8015
10.4020
17.4619
11.0263
16.8248
18.7848
9.7056
19.0785
12.2381
12.3341
11.1773
20.4256
14.1961
21.8148
15.2275
21.1684
12.2252
15.6353
18.5443
10.4151
21.3881
21.0227
12.2411
16.6845
18.2071
15.1119
19.0291
7.9091
9.5533
12.3052
11.3411
14.9166
16.8850
18.8101
9.5704
13.0839
11.7252
12.0292
12.7883
13.7447
17.5801
11.1835
13.1672
18.4836
10.6398
13.9510
15.4369
12.7044
8.5876
15.6169
15.2470
16.1265
10.0497
16.2015
8.8956
17.1395
15.2876
9.0179
18.7701
20.0164
19.3112
16.2374
11.4810
19.2175
20.0066
10.4609
16.8168
10.9594
13.4716
10.1336
16.2990
11.4990
11.8500
11.8704
11.4899
12.2127
14.4997
13.4153
14.3429
11.1152
15.2893
18.7731
20.4218
20.3297
19.8501
14.9387
13.5157
17.5096
16.4829
17.3301
17.5926
13.0258
7.9889
12.6087
16.3056
13.7429
7.9959
12.3575
14.9732
7.1878
13.9312
24.1444
17.0857
13.5540
12.1570
15.5834
6.6130
14.3272
10.1618
11.3273
7.2698
10.4212
14.1681
10.1381
15.3672
15.0675
24.0691
13.9081
13.1309
11.1809
13.8762
10.3662
14.3975
19.4941
11.4257
18.3172
14.5772
14.8377
13.3153
12.2626
11.5170
11.2820
24.2459
12.4941
17.5285
17.8336
15.1555
7.9608
16.2901
21.9626
19.9044
16.9011
17.5609
20.2211
10.5070
15.2121
16.9880
18.2172
15.7551
18.3683
15.6316
12.3007
12.1484
10.4377
21.4422
13.2864
8.1691
9.2402
13.5742
16.4703
14.0646
7.9706
11.3948
13.0305
10.3016
11.2146
14.3127
11.4781
12.7298
16.6570
13.2377
13.6932
10.2580
11.2684
13.0217
16.1922
16.7702
8.9276
11.9270
12.9659
23.2242
10.3756
16.8779
16.6634
13.9872
15.5168
11.1317
14.8503
21.7699
16.7324
12.0783
13.6943
14.9116
8.0572
15.4639
17.6117
13.2560
15.7289
11.2071
12.2539
12.2611
17.2532
13.7637
11.2300
14.1083
14.9823
21.7497
16.5727
16.9995
19.2349
17.0686
16.6263
16.6016
10.8668
15.1801
19.3752
8.0124
15.5647
13.8571
11.5775
8.0614
11.0988
15.0298
10.9980
13.9107
16.7267
9.0164
10.3917
13.5012
16.8144
17.6436
10.5384
16.9668
7.6627
11.8010
17.1670
7.8948
23.0162
14.1815
15.3731
13.5603
10.1585
15.5290
13.6149
13.7677
12.3177
11.6480
15.6520
22.9587
16.3499
17.0994
17.6736
12.6361
16.8099
10.2683
9.3028
15.0175
12.4936
17.6990
12.6539
9.7169
21.6094
13.5728
16.4523
17.4649
13.5552
13.0078
18.8507
8.8388
12.2075
10.0246
17.7598
16.1205
19.9440
10.0475
17.8032
20.8824
20.3440
10.4918
13.6543
12.8307
16.2386
10.4737
17.3570
14.7664
16.3956
14.2199
10.3410
12.7969
22.4877
13.2818
9.4281
18.1812
18.5465
14.9851
11.5579
9.4300
15.6297
19.9329
16.5161
12.9865
16.3035
15.3072
20.0763
13.7889
19.7241
15.0552
20.0040
21.1745
11.4887
22.3178
14.1969
13.6561
12.6912
16.5861
20.5212
19.2044
7.9231
13.0371
16.8167
17.2021
10.1033
15.3996
10.8619
22.0063
16.8158
17.0918
15.4135
15.6232
17.8776
17.7799
10.5384
11.7193
10.9002
17.9740
11.7386
12.5921
13.5316
14.3916
15.1171
17.1001
15.2011
12.8649
19.7020
19.4159
15.5379
13.8436
15.6116
18.7062
13.5925
12.2463
11.9667
18.6151
22.3240
14.0721
16.5482
17.9329
16.3564
15.0365
17.6508
13.3984
8.5339
22.3002
11.1912
23.5703
14.3102
17.2310
13.0051
16.7711
18.4010
17.1619
12.8170
11.5005
20.8344
14.1896
15.2280
16.6755
17.4331
16.8470
17.4774
12.7545
9.4826
13.3491
12.9187
8.6911
16.6963
8.3744
13.3480
11.9211
13.8290
9.6962
11.1940
16.1276
16.6814
15.7953
13.5383
14.7609
15.1166
16.7384
8.4259
15.8902
23.2524
13.7536
16.6404
14.2099
19.2196
17.7133
10.4182
10.9715
12.2633
13.0063
14.2856
15.7745
16.5580
10.8520
12.9824
12.9475
24.3246
15.8661
15.3145
15.3650
14.0171
12.9478
13.0064
10.4813
14.7452
12.2982
13.8811
16.0477
14.6072
15.3624
15.5241
19.7446
12.4613
12.2624
13.9967
12.7609
12.2563
22.2365
13.3333
10.4607
16.7980
11.3666
13.9121
13.5246
6.2928
24.1608
13.1639
22.2494
17.5343
11.9600
10.4438
18.6091
11.7487
11.8097
18.5440
15.8564
10.2860
15.1786
14.1703
22.4871
13.0342
16.5849
11.2068
17.4266
19.5730
16.4838
16.3202
10.6946
9.5757
15.7263
20.8083
16.6941
13.7918
11.5662
9.8190
13.1769
12.5466
12.4589
19.4301
12.2952
16.1966
12.4904
20.4581
14.6048
16.8361
12.6232
12.1313
20.1803
15.7299
12.0195
8.7435
20.3468
17.8259
15.5108
16.0131
12.5817
11.6383
15.3927
19.6218
12.2477
14.7348
13.4563
16.5118
10.0033
15.6349
9.1737
15.0733
15.3620
17.4021
15.3788
12.9629
15.2568
12.5393
21.2672
9.7975
19.1775
15.5323
18.1457
12.2137
21.5182
13.0691
12.6592
12.5636
15.4067
13.3454
15.3903
21.4500
16.1450
9.7035
20.3973
7.5838
24.3804
15.1819
12.2940
12.6408
23.8414
18.3092
24.3797
18.9695
13.2192
13.5174
11.9352
18.0544
19.1935
8.3749
12.3491
15.1815
13.3802
19.6518
19.7961
16.9549
20.0644
10.7635
15.3882
20.8442
10.9723
9.9151
13.0065
16.7832
22.0868
10.2294
11.4876
9.2161
15.9165
15.1857
15.2467
8.8754
16.5566
13.4089
13.5545
13.6904
19.8088
13.1609
10.6250
12.9421
9.8245
13.8385
13.5722
14.5871
12.5578
19.3225
16.0154
16.0137
13.4636
11.0673
11.4521
12.0869
14.3445
12.2766
15.0600
18.5042
10.4935
12.0820
16.2372
16.4036
14.1930
15.7186
20.0157
7.1967
13.5292
11.0932
15.7015
12.4997
10.3674
21.4181
10.5705
17.5313
8.4972
13.0388
11.7403
15.4676
12.0166
14.4080
16.3229
13.1087
13.8248
20.4585
19.7278
13.3380
14.9110
11.0960
15.3750
13.1095
12.2897
19.6869
13.6434
13.6614
15.8586
16.9845
15.5749
11.4061
9.1384
19.7161
13.5214
13.4572
10.8750
10.8781
13.9345
17.3010
17.3002
7.5950
18.2942
12.9021
11.2660
14.9298
12.3848
13.3713
21.4748
17.2600
16.0974
12.0333
20.4777
11.6966
10.5794
17.6090
15.5178
21.3192
15.5936
19.5515
9.0380
8.9335
22.2388
12.4721
16.6893
9.4208
17.3890
20.2105
10.0187
21.8638
17.4201
13.1575
16.7490
14.5357
20.7635
14.0770
15.0916
22.9332
17.5399
10.8926
12.1604
18.9547
16.6003
9.5291
9.0846
14.8954
16.9081
7.9943
11.4491
12.8683
12.3461
14.5978
12.2865
11.2075
9.3266
6.8902
11.4624
11.2695
19.2387
18.2396
14.6662
13.5154
12.0035
19.0018
9.6536
14.8342
16.5567
20.5740
23.5420
12.3180
9.2706
14.1955
11.2230
13.1484
13.7029
19.4295
11.5639
11.6207
12.3261
18.5806
18.1769
12.2316
18.5317
11.2529
16.3990
12.0354
13.1426
11.9838
15.5198
10.0271
15.2281
17.6390
17.8570
7.7633
21.4015
17.4035
11.3722
21.9706
19.8979
19.4181
12.9222
15.5067
16.6413
16.5565
17.7432
20.9780
9.4564
13.9327
11.5623
16.0362
14.4498
9.8212
18.3896
11.4207
17.0469
10.0161
17.9570
16.6608
23.1873
11.4575
23.1199
12.0337
12.9310
10.0289
16.5727
19.6545
15.0802
12.2300
16.9291
12.2491
18.7502
13.3411
14.1959
21.7743
13.3989
17.1445
20.6027
15.2541
13.8626
11.4508
20.4336
16.9952
4.8814
11.5498
15.1967
21.9429
19.1292
5.2774
11.9762
15.4106
11.3486
12.1328
12.7643
14.3877
18.1668
18.3008
13.7956
22.9073
11.9025
17.2917
14.7255
21.4510
13.3952
11.4600
20.2813
21.5757
17.5778
19.1799
9.3557
16.9932
16.8686
21.3804
16.6343
13.3384
10.7366
13.1951
11.8409
16.7471
8.0053
12.4717
9.3459
14.8100
9.4865
19.4006
15.3174
7.4313
8.9422
5.9981
13.9413
17.9390
13.2886
15.2737
15.0141
16.3872
19.0855
12.2121
11.7632
12.9801
7.4642
9.8635
23.6268
12.0746
12.4989
7.1716
11.9897
10.3567
10.4224
16.3528
15.7698
13.7218
14.5334
10.2835
7.4990
16.0421
10.4134
20.8201
20.6915
12.3776
13.1082
19.2979
9.6258
20.7248
16.7163
16.9717
14.3975
17.4677
18.5902
17.1996
18.2785
16.7207
19.3882
15.4282
15.1498
9.0088
12.1158
7.8689
19.6052
13.6481
16.3187
10.6575
16.2577
14.8462
13.4911
24.2564
11.5517
12.6849
12.3691
17.9036
13.5726
19.3992
17.6482
9.4201
12.1642
21.3185
15.2621
22.0401
8.1246
17.5444
14.3629
11.8943
12.5281
12.3857
22.7383
12.2593
13.0323
15.3911
10.5955
9.9239
15.6906
11.3357
16.4599
12.0579
16.0800
9.8143
10.4734
16.7384
11.3486
20.9903
11.3735
11.9250
20.3539
19.8299
19.6119
15.2449
16.7254
12.5570
5.8078
20.9328
13.0836
14.9273
12.2574
14.6394
10.7763
11.6214
12.8986
12.0908
16.9184
15.4346
8.5805
15.1763
16.9693
9.7161
16.4021
14.3730
5.4130
16.7320
14.1557
12.4320
20.1946
15.4116
11.2090
10.5774
9.0697
15.4207
10.0356
15.8352
13.6815
13.6671
12.4588
13.6075
19.1105
13.6229
11.9934
21.4327
14.4411
16.8518
15.7335
10.6171
17.5934
20.7567
13.1979
24.3689
12.1013
16.3464
24.0057
12.2541
17.0635
15.1887
11.4348
15.5552
8.9153
18.0959
21.9107
9.8867
15.4401
16.3667
10.3341
13.9346
24.1395
11.4199
9.0895
12.8138
12.2957
8.3546
23.0283
12.0931
16.7281
12.0029
13.1149
13.5802
12.3498
12.7086
16.3789
15.4851
17.2093
17.5109
16.2093
16.6819
12.3374
13.5928
13.7658
13.1343
14.6943
17.3392
14.4539
10.9756
15.2773
15.2068
20.9811
13.3250
19.3026
9.1939
9.0753
14.0338
12.0303
9.1759
16.8254
10.4153
11.8274
9.9415
24.4029
23.3204
16.6541
11.2708
7.6040
15.9288
9.3704
12.2903
17.0804
10.0575
9.8608
12.4991
9.5073
14.5994
11.5684
15.6148
9.6170
16.9278
16.4410
12.4255
12.6018
15.1966
15.8794
11.5543
12.7496
16.9806
18.9717
16.4402
9.4682
17.7071
11.9992
12.2137
15.9311
13.2136
13.8752
13.7300
15.3700
15.4361
13.0580
9.0974
15.8015
13.7122
16.5584
10.3326
14.9029
13.6693
13.9699
15.6837
13.6717
11.3678
22.8440
14.8798
16.9354
15.3796
16.9290
17.0985
12.0916
13.0501
17.2481
12.4959
12.9623
13.1785
21.3526
14.4651
13.4916
13.1410
16.2629
12.1176
13.6439
13.3197
14.2921
12.4266
10.6825
11.6130
9.3828
14.6234
22.4077
5.4856
19.4367
14.8526
9.4317
19.1288
11.0873
12.6973
11.6006
12.7306
13.2335
12.9415
13.1344
9.4917
20.1259
14.3875
15.6663
12.2825
14.7154
16.7837
11.0363
18.9030
10.2077
15.7267
5.9175
12.0834
10.7823
15.7186
8.2174
12.6427
13.1720
13.5637
22.5838
17.6660
17.1217
13.2183
12.8139
9.1709
17.7101
14.3067
22.5456
8.4828
20.9472
19.2928
7.0656
17.2168
12.5580
9.2871
11.3872
14.9073
13.2057
12.3218
17.4702
16.5807
7.6153
6.4700
15.5201
14.9811
16.7375
18.5132
17.8335
14.2195
11.7109
17.1583
13.1156
17.3325
14.0134
13.8227
12.3440
12.9904
11.3612
12.7135
16.9639
23.9592
9.3017
11.8262
11.9755
11.8961
17.5231
9.1797
20.0090
11.8177
10.0444
11.1834
16.6288
15.0679
10.9921
19.7905
9.8093
8.0626
5.7231
11.8343
5.2908
18.3591
17.3650
9.2532
13.4658
16.6838
13.0089
20.6487
11.0823
13.3224
15.5357
11.5050
17.5914
15.2583
17.7866
15.9538
15.9724
13.0642
15.3383
15.8148
8.4843
16.5729
18.7469
12.4937
18.3658
12.5100
11.7644
12.6964
14.3823
14.8526
12.5161
9.2587
16.5199
13.3064
15.1225
14.0581
12.4764
13.0579
9.9892
18.8908
13.4265
9.6612
19.1622
22.4248
7.3487
14.4123
13.4511
12.5137
13.9005
13.0260
10.3572
14.0760
7.9716
22.4902
13.0160
16.7074
12.3940
11.9796
18.1621
21.8746
22.1818
12.0767
15.4264
11.5735
17.4308
24.1102
12.7417
15.2853
15.8319
18.8666
16.2254
23.5389
13.7154
14.6229
18.5695
7.1899
15.1754
14.0686
12.9820
10.6871
16.1996
13.3499
13.3394
14.2868
13.9202
18.0284
22.5695
19.9943
13.8690
13.0032
5.8184
14.7623
10.5526
15.8129
12.4894
9.5371
12.4241
13.2009
10.0599
15.9203
11.8835
7.4174
10.2164
10.2600
20.4509
7.0351
16.6652
8.9831
12.6775
12.0833
13.8583
16.6931
11.9345
15.0865
19.4595
14.5065
13.8715
19.2967
15.9995
15.5342
20.7443
13.5910
19.3115
22.2904
6.1319
15.7289
10.4680
21.1663
11.2158
11.4451
14.7679
11.3786
11.2482
15.1617
16.4412
16.6233
11.8375
19.1988
22.3337
19.9317
13.3961
12.3156
14.2299
19.2603
21.2122
17.2552
11.0914
22.4556
13.0029
19.0138
12.8681
15.6713
17.7603
7.3390
13.8938
19.1265
13.3772
13.5091
15.1825
11.4191
14.1888
14.9043
16.8856
11.3610
11.5500
11.0243
13.6898
10.5983
17.8692
14.3654
11.6184
13.4573
17.9483
14.0392
16.6845
16.8407
9.9015
12.7808
11.4535
15.3124
11.6891
9.1621
15.2283
21.6503
17.2560
14.2441
13.9195
14.2144
23.1531
12.6491
10.7321
12.3214
10.9222
8.8532
16.6248
10.4372
16.0943
14.0368
20.8464
13.2345
8.2598
17.1092
11.8166
14.6666
11.2187
11.1864
13.4378
16.0321
18.7403
10.3823
22.0334
15.2218
18.9884
7.2667
10.8380
15.3792
16.7065
16.7728
13.8243
24.0272
10.2392
13.6764
11.2325
10.8137
15.9748
15.8276
13.8183
7.4303
20.6918
13.6789
13.5303
7.9019
16.9102
11.4776
19.4929
11.6177
17.3351
18.9379
19.6346
12.7610
12.8715
8.2865
16.6591
13.9814
8.5874
21.3849
12.9851
11.4042
11.4195
19.2935
12.4297
18.0111
9.5010
15.0805
13.1409
13.6257
19.7879
18.3380
12.6417
9.9878
16.5511
13.8771
17.1636
10.6439
10.4946
14.7884
18.9191
10.4936
10.1435
13.8676
24.3218
9.7866
15.8332
16.2766
21.3886
21.2302
10.2356
15.6706
13.7731
15.2432
15.9852
14.6500
16.0017
18.8969
14.0067
13.9791
18.9608
16.3950
11.3846
15.6347
13.0613
22.8022
16.1304
15.3585
14.3622
13.6698
13.7561
15.8735
11.1832
22.5305
7.7820
13.5692
12.3645
13.0679
21.4808
17.2185
15.7847
19.6556
13.0623
7.1955
13.0508
23.0797
17.5111
13.7688
10.5123
14.9347
18.4765
12.6570
11.6844
15.0688
14.9299
11.5303
11.7160
10.3487
13.9766
11.4000
18.9778
12.8783
13.4269
12.6753
12.8747
18.1947
11.0782
11.3047
15.6020
13.5994
13.3223
14.8826
16.2456
24.4967
12.3231
13.0873
13.0865
9.7876
12.4572
7.0262
13.2309
14.7142
11.5549
18.2803
11.0518
15.5966
11.3251
12.9032
12.4714
12.2295
15.2677
9.4183
12.9970
12.9561
9.7047
10.3405
11.7471
13.0689
16.9853
5.1596
10.5813
21.1859
21.3893
13.6976
11.1836
12.7266
13.5713
13.2621
10.0132
13.4911
16.9311
13.8910
14.3470
21.2141
6.7696
11.7288
13.3244
21.8502
11.1036
17.7002
10.0703
10.5769
22.7467
16.8420
22.0893
15.2004
18.7834
12.0605
11.2571
15.9061
11.9390
11.7180
13.1916
11.4546
13.7471
14.8984
11.8130
13.6792
10.6658
11.5132
20.8673
16.4739
10.9794
15.2368
16.5382
17.3104
13.3898
12.6357
11.7115
19.4171
10.3981
15.0324
17.1919
21.3281
14.0162
12.7035
12.7675
7.2468
14.6712
21.5998
12.9166
8.2059
11.2690
12.1805
13.0916
16.2419
12.8835
13.5805
12.2277
11.4542
11.2558
11.2506
15.6928
21.7570
13.4878
13.0974
14.2139
17.1231
16.8821
13.4784
12.7413
17.3342
17.9284
13.2351
14.3597
18.8083
12.7656
11.3587
15.3491
9.9744
15.4975
19.8314
13.2590
17.6181
8.6875
17.6327
16.7979
10.9850
11.2067
16.5959
6.6573
12.2104
13.1239
21.5608
12.4752
10.1171
11.9061
18.0792
15.1525
15.2349
15.2135
13.7582
16.1663
13.3028
7.7612
12.4587
12.8709
14.2548
8.0560
14.8559
13.0802
13.0562
18.2505
12.7039
15.7687
7.4541
11.2114
11.8287
10.4194
10.5457
11.8721
12.3171
11.2213
12.5083
13.4755
20.2123
13.5472
15.3184
20.4119
13.6495
21.7615
15.9814
23.8279
22.4048
11.5407
14.4220
19.4212
14.6239
14.0634
24.0693
12.8462
16.7793
11.6631
19.9601
10.7520
12.5526
23.2387
13.6474
10.5834
19.0575
15.7644
7.9606
24.2393
16.9524
17.3976
18.7395
16.7869
10.5676
16.5725
14.4035
16.6620
16.9548
12.6274
8.3077
11.2366
8.9260
15.5823
13.4538
14.7436
13.1620
12.7620
8.8394
18.6660
8.3737
10.3750
11.4188
13.2703
15.2420
12.6310
10.4369
10.9784
16.8411
21.7123
19.6003
9.9327
14.1982
15.1689
19.2934
11.9059
13.1841
11.1689
19.3465
21.1033
18.5170
14.9382
10.4575
17.9886
15.9445
13.6501
15.3120
13.3355
10.6534
15.6323
13.0233
15.5486
12.8593
19.1217
15.0915
13.3493
13.7448
12.9093
10.7764
12.8398
10.7554
21.7225
12.0883
13.2617
14.9085
19.2022
16.6647
13.5101
17.7211
12.9527
11.6272
14.1739
11.1407
12.9303
15.5474
13.3878
12.5104
13.0170
14.9636
11.3797
19.7658
17.9584
12.1770
14.1205
12.5300
12.8147
12.4768
9.1699
16.8011
12.9210
13.4960
16.1235
12.9185
12.7054
13.4280
13.6682
16.8512
15.0799
13.3947
11.5597
16.7001
11.4613
16.8492
22.5534
15.0908
14.9332
15.9786
14.7480
13.1504
21.3187
15.1531
15.2447
12.4968
17.3167
11.9976
19.4271
15.3538
21.0649
13.7926
11.8001
12.4713
8.0465
8.9612
15.6776
16.0989
13.2059
21.5652
14.1328
17.8684
17.7631
22.2363
13.8899
14.2224
11.8992
14.1137
8.4917
5.5519
14.4658
21.2367
18.5598
8.3388
17.6321
15.2448
16.4910
12.3127
12.5153
14.4408
21.1468
16.8816
15.9211
12.2666
14.6851
16.6558
19.4202
12.6872
15.5927
10.7404
14.6198
22.0977
15.9622
16.0772
17.2187
15.3075
13.6809
21.0986
17.5822
5.5661
13.2299
9.4088
16.4862
15.9507
10.6246
12.7627
20.0945
14.9004
11.2116
12.8219
16.1706
17.2059
18.6168
16.2621
11.5652
11.4582
21.9770
20.2839
14.1909
14.3316
19.0293
19.2961
7.3432
22.5036
15.3950
12.6077
14.5607
16.5711
9.8427
14.0693
13.5666
20.9693
15.2760
19.3301
13.4441
14.7080
11.6389
16.9523
11.5812
15.7906
13.2801
11.9680
6.6306
10.7314
7.6899
9.9271
20.1016
16.9837
17.0751
16.7529
14.9728
7.6426
10.2909
12.9181
17.2724
14.7234
14.9175
14.6807
13.9020
11.4596
12.1880
13.3082
12.7170
7.3001
7.9240
16.1954
14.1929
13.5713
12.5504
21.3898
13.2887
7.8463
11.6819
13.0139
11.2858
12.7265
11.3515
11.9373
14.2886
22.8189
15.1424
17.1331
13.1811
13.7060
12.1682
14.1215
14.1935
15.6582
11.8774
14.6859
13.8396
16.2512
9.8276
19.0340
14.3836
12.2181
22.4232
12.2022
13.2760
5.5527
23.4783
11.7419
21.0074
13.0666
13.7158
12.6668
12.8845
16.3773
5.1314
12.4453
21.4875
22.0281
22.0726
19.2911
12.4630
8.9997
17.9165
10.2318
14.6838
21.4153
12.6965
9.8195
16.9561
13.9829
13.8076
23.4217
11.7999
15.0411
19.3810
11.5397
14.4575
21.7983
17.3647
22.4363
11.6169
14.0232
17.4547
19.0050
14.2659
13.3767
13.0445
15.1662
14.1279
13.1109
12.5280
15.6577
18.0028
16.4267
20.8372
20.7871
11.1519
12.3788
14.1926
8.7410
14.3812
16.8501
20.1426
14.8154
10.4944
16.6312
13.6054
10.1073
13.7456
21.8243
10.9992
13.2949
14.8686
14.1045
16.6155
21.7398
15.3212
21.4967
7.0560
17.4033
13.7333
13.7419
11.3609
16.2452
13.0857
10.6152
11.0889
19.7051
13.4929
11.5551
16.8288
11.8052
10.9883
9.7180
14.4002
10.5583
21.0686
9.8941
15.0000
19.2450
12.9782
11.1335
16.3289
9.5059
10.5872
17.3842
13.5882
11.4666
9.6274
12.8054
20.2538
22.7484
16.8980
16.7751
16.9098
23.8786
14.5702
13.1270
14.4455
11.1496
8.1937
13.5123
14.8703
13.4346
21.0499
17.6043
8.9640
14.4067
9.7158
15.1716
13.2627
13.7321
13.8851
12.5882
11.5319
16.3054
9.2380
18.9501
11.3225
13.1911
12.2998
13.3848
15.1620
10.1011
15.1701
16.8391
17.7295
11.9582
9.4860
10.2980
15.4455
11.1828
14.6064
22.4877
9.5999
15.6240
