3.9562
3.9265
3.5447
4.0199
3.7983
3.8093
3.9000
3.5546
3.1653
4.0102
3.9378
4.3606
4.3646
3.9967
4.0355
4.0047
3.7300
2.6317
3.7071
4.0511
4.1710
4.4171
4.2228
3.7452
3.6763
3.6273
3.7554
3.7147
3.6588
4.4260
3.7084
4.0452
3.6778
3.8679
4.0186
4.2021
4.2220
4.1836
4.1574
2.5089
2.7527
3.8316
3.8946
3.5961
3.6535
4.0069
3.9964
3.7162
3.4282
3.6086
3.6634
4.0436
3.8809
3.9737
4.2225
4.1221
3.7053
3.7978
3.2678
3.4476
4.0824
3.8179
3.7882
3.0502
3.4430
3.9210
3.9582
3.5385
3.8595
3.7297
2.9643
4.1060
3.7721
3.9634
3.9626
4.1209
3.5403
3.4359
3.3579
4.1577
3.7417
4.0117
3.9083
4.0732
3.7539
4.1062
3.8164
3.9211
3.9830
3.7784
3.8083
3.8435
3.5109
3.8967
3.7861
3.8204
3.9830
4.0477
4.8062
3.9331
4.1368
3.1258
3.8983
3.8561
3.7826
4.0893
3.9644
3.2764
4.1490
3.2295
3.8287
3.9413
3.1369
4.2524
3.8907
3.5431
4.0751
3.9992
3.9073
4.5837
3.8594
3.3546
3.8035
4.2740
4.2629
3.8567
3.7659
4.0889
3.8072
3.8892
3.6098
3.8647
2.9341
4.0697
3.7308
4.0596
4.0325
3.8994
4.8678
4.3275
3.8019
3.8724
3.7274
3.6850
4.2683
3.9726
3.8571
4.2412
4.2233
4.1984
5.0042
3.6981
3.9402
4.4437
3.5976
3.8730
3.9600
4.4874
3.7349
3.4057
3.8913
3.4896
3.6778
4.2478
3.9653
3.2030
4.1603
4.2048
4.2793
4.1544
4.0702
3.6686
3.7628
3.7222
4.0130
3.6710
3.2755
3.9732
3.9677
5.4071
4.1502
4.2097
3.5491
3.9612
4.1339
3.8542
3.9775
3.5817
3.8649
3.7810
3.4488
5.2287
3.6908
4.0041
3.7508
3.4924
4.1635
3.9755
4.1145
4.1350
4.4665
3.7625
4.0743
3.8769
4.1033
3.9053
5.1944
4.1084
4.0420
3.9934
3.5284
4.2037
3.9924
4.0660
4.2522
4.1123
3.9627
3.6356
4.7879
3.6109
3.9740
3.3605
4.1049
3.9029
3.8111
3.8907
3.6169
3.9541
2.6437
3.6357
3.9719
3.4362
3.9593
4.0567
4.8543
3.6846
3.7153
4.2650
3.9767
3.9056
4.1168
3.5882
3.6462
3.4231
3.5882
4.1037
4.5565
4.5192
3.7609
3.5080
3.6731
4.0300
3.8956
4.3254
4.0656
4.2439
3.8967
4.3669
4.5347
4.5144
3.8174
3.7528
4.0246
3.7425
3.5324
4.3284
4.1659
3.7050
3.7111
3.8587
3.4867
4.0262
3.4636
3.8434
3.8703
3.9983
4.4249
3.9077
3.8264
3.8413
3.9110
4.5542
4.1266
4.2907
3.5134
4.2212
3.9657
2.8598
3.8952
4.5532
4.0936
3.6576
3.5866
3.8445
4.0439
3.6584
3.3871
4.1966
3.7518
4.0489
3.6379
3.7601
3.9935
3.4017
4.0044
3.7965
3.8744
4.2589
3.7777
4.0458
4.3613
4.1240
4.1546
3.3151
4.4235
4.2729
3.6678
4.0515
2.3900
4.3742
4.1763
4.4613
3.7802
4.2152
4.4410
3.8811
4.0223
3.1632
4.1958
3.8839
4.0276
4.0966
4.0393
4.0638
3.9864
3.8335
3.7746
4.4090
3.9795
3.9316
3.6599
4.0004
4.1386
3.3887
4.1915
3.7233
3.6507
4.3062
4.1606
3.7431
3.7787
3.8736
3.9496
3.4127
3.3092
4.0986
4.8246
4.1124
3.9445
3.6224
3.9832
3.4739
3.9502
3.7747
4.1197
3.5481
3.8691
3.9378
4.1221
3.4918
4.0852
4.1367
3.8797
4.1909
4.1077
4.2152
3.9038
3.3991
3.9697
3.6369
4.0864
3.0081
4.1161
3.7713
4.1051
3.6532
3.9340
3.2564
3.1707
4.2012
4.2636
3.9877
3.6558
4.1185
3.5864
4.3659
3.7297
3.7336
3.9641
4.1562
4.0646
3.9671
4.1622
4.4958
3.3965
3.0856
3.6771
4.1083
5.2479
4.2781
3.0735
3.6172
3.5673
3.5558
3.5536
3.6842
3.4982
3.5724
4.0996
3.8879
4.4703
4.2554
4.0441
3.9729
3.2431
3.1134
3.4652
4.0631
3.4980
4.5474
3.8966
3.9303
4.1750
4.0520
3.9547
4.4369
3.6926
3.1181
3.8282
4.1314
3.7850
3.1159
3.8209
3.7785
4.0055
3.5289
3.9009
3.5191
3.8302
4.2400
3.8445
4.0674
3.4005
4.6197
3.8350
3.7346
3.9884
3.3899
3.9970
4.2216
4.0609
4.3361
3.8630
3.8261
1.8030
3.9340
4.1557
4.2833
3.4809
3.8600
3.2300
3.9134
4.0237
4.0284
3.8416
4.5509
3.1372
3.9745
3.7083
3.9266
3.8175
4.1192
3.8800
3.7750
4.2790
4.5710
4.1357
4.0276
4.4161
4.2699
3.6704
3.9869
4.0620
4.2266
4.0683
4.3779
4.0536
4.1482
3.8276
3.8900
3.7973
4.1428
4.0501
4.3955
4.0493
5.2410
5.0057
3.8821
3.8213
4.4926
3.9441
3.7394
3.9401
4.1372
3.0747
3.7287
2.6979
4.1582
4.2174
4.2518
3.5648
3.9378
3.4569
3.6043
3.8072
4.9493
3.7834
3.6389
3.3929
3.9802
3.9010
2.7369
3.9135
3.8159
3.7837
3.6443
3.8273
4.1220
3.8283
3.4447
3.1637
4.0604
3.6975
3.8976
4.1348
3.6992
3.4576
3.6500
3.9626
4.4330
4.3506
3.6232
3.9933
3.5471
3.9923
3.5249
4.2668
4.6443
3.5013
3.6175
3.3599
3.7261
3.7659
3.8288
4.2662
3.7899
3.6941
3.1455
3.8728
3.7232
4.0628
4.1394
4.1191
3.7456
4.3942
4.0989
4.2197
3.9758
3.9525
4.3528
4.2136
3.6912
3.6570
3.8985
3.8284
3.9518
3.8379
3.8754
3.9186
3.9462
3.9834
3.4904
3.8900
3.7592
4.4759
3.6724
3.3987
4.0341
3.9750
3.7607
4.0798
3.8813
3.6464
3.9722
3.6969
4.0338
3.5209
3.2597
4.1702
3.5671
3.6001
4.2004
4.4425
3.7220
3.9173
3.4432
2.9914
3.8803
5.2674
3.0937
4.0746
3.1784
3.5835
3.9105
4.1043
3.6786
3.5547
4.0467
4.9674
3.1989
3.5426
3.7942
3.5406
4.1024
3.9796
3.9792
3.9609
4.1594
2.9381
4.0983
3.7019
3.5907
4.2593
3.6617
4.0738
3.6388
4.0248
4.0845
4.1058
3.6842
3.4360
3.9523
3.8884
3.9341
3.4825
3.9010
4.0693
4.4663
3.9423
3.9923
3.5985
2.9701
3.8983
3.2220
4.0925
4.0360
3.9590
4.1846
4.0700
3.5467
4.0982
3.1899
4.0169
4.0525
4.0708
3.9731
4.0881
4.0081
4.5669
3.6387
3.5342
3.9037
3.6269
3.6220
4.0352
3.7856
3.8909
3.7816
4.0493
4.2287
3.7337
3.4153
3.7609
3.8256
4.2209
4.3607
4.0236
4.0327
4.1407
3.7287
4.4499
3.9703
4.1639
3.9420
4.1153
3.6160
3.6603
4.1018
3.7756
4.0696
4.1876
4.1297
4.1052
4.0478
4.0578
3.6731
3.9411
3.6779
3.3939
4.4071
3.8359
4.0109
3.4503
3.9100
3.7240
3.7365
4.5805
4.1465
5.2573
3.3084
4.4609
4.4939
3.9561
3.8426
3.9309
4.0313
4.0915
3.9837
4.0098
2.4731
3.6793
4.1237
3.8130
3.6547
3.8178
3.4826
4.2350
3.9598
3.9183
4.3955
3.9563
3.6009
4.4468
4.4775
4.2450
5.4512
4.0378
3.9480
4.1793
3.7327
4.2136
4.2494
3.0018
3.9928
3.7491
3.7247
3.1363
3.9060
4.0978
3.7060
4.1214
4.1477
4.7426
4.2390
3.6013
3.8018
5.1228
3.7343
3.8199
4.0487
3.3079
3.7238
3.9477
3.4692
4.1519
3.5076
3.7470
3.8879
4.2297
3.7644
3.5187
4.0247
3.7777
3.7656
3.7300
3.6673
4.0260
3.8006
4.5271
3.9370
3.9368
4.1155
3.8200
3.9210
4.5662
3.9251
3.9088
4.0543
2.9738
4.0273
4.1353
5.4733
3.7756
4.0847
3.6332
3.9982
4.0826
3.6722
4.2576
3.7463
4.2156
4.8266
4.5527
3.9284
4.3925
3.6262
4.0283
4.0453
3.1382
3.6781
3.8264
4.3318
4.5655
3.8589
3.6427
4.0144
3.2562
3.8825
4.6573
4.3764
4.0179
3.5843
3.9354
4.0237
4.2511
4.0959
4.2216
3.7807
4.0607
4.0400
3.4801
3.2066
3.7636
3.7139
3.8825
3.5260
3.9436
4.1392
4.0778
3.8343
3.7127
4.0683
3.1242
4.6601
4.1305
3.8806
4.4172
4.1039
3.7552
3.3668
3.6391
3.6716
3.8984
4.1403
4.2274
3.9282
3.9940
3.7891
4.0567
3.3211
3.9775
3.7393
4.0746
3.5313
4.2275
3.6723
4.4877
3.8952
3.5318
4.0284
4.0267
3.7438
3.4779
4.0478
4.2213
3.8640
4.2031
3.7632
3.6800
3.9793
4.2315
4.3302
3.6981
3.5079
3.9998
4.0428
4.3210
4.3437
3.4589
3.8793
3.6872
3.8832
3.8461
3.9874
3.2476
4.0547
3.9515
3.9052
3.2485
3.9938
4.1014
4.0425
4.2256
3.6905
3.5774
4.2146
4.3690
3.8184
3.9542
3.8273
3.4523
4.1615
4.0280
3.0203
3.6083
4.3806
4.0724
4.2955
4.0561
3.8603
3.9095
3.7633
3.5019
3.8531
4.3591
4.1061
4.0278
3.5956
3.4850
3.4491
3.5779
3.9554
3.7607
3.7776
3.4079
2.9602
3.6765
3.6012
4.2405
3.9247
4.3192
2.8115
3.7269
3.8209
3.5232
3.0225
4.1074
3.8385
4.1352
4.0909
4.0039
3.4327
3.9771
2.9825
3.9959
4.8098
4.3639
4.1427
4.5430
3.8868
4.7284
4.0129
3.9076
3.0258
2.8728
3.8211
4.4503
3.7907
3.6145
3.0888
4.1484
3.8675
4.3043
4.1421
3.5718
4.0105
3.9741
3.8076
3.8287
3.6300
4.2287
3.7153
4.1655
4.1381
3.7534
4.0517
3.4109
3.8565
4.1883
3.1462
3.8976
3.7755
3.8395
3.7123
4.0469
4.1004
4.0735
4.3792
3.6161
4.0711
3.6325
4.0460
4.5231
4.0787
3.9730
3.1058
2.1555
4.1595
3.9563
3.8552
3.8431
4.6456
3.9887
2.7518
3.5201
3.7269
4.4088
3.7339
4.0086
4.5294
3.6688
3.0992
4.0806
3.7482
3.7167
4.2691
4.0698
3.9503
3.9206
4.0522
4.2450
3.8931
4.1117
4.0759
4.1814
3.8678
3.9173
4.0110
3.8830
3.7317
3.5531
3.6778
3.4578
4.0932
3.9468
3.8476
4.9289
3.7676
4.2727
4.2752
3.7523
3.6666
3.6520
3.7401
3.4066
4.1373
3.8218
3.8820
3.6812
3.3714
3.9381
4.6248
3.6062
3.9045
3.9170
4.5713
4.0973
3.4508
3.9029
3.5375
3.9878
3.7031
3.8509
3.8365
3.9638
4.4532
3.4821
3.9212
3.7795
3.9648
4.0039
4.1201
3.9678
4.6478
3.9731
3.7522
3.6189
4.4119
4.2495
3.8530
5.1771
3.8138
3.7485
3.9425
4.1346
2.1258
3.4383
3.9730
3.8927
4.0576
3.5587
3.8855
3.1238
3.8958
3.6476
3.6070
4.0013
3.5538
3.1204
3.9984
3.8146
3.9121
4.0037
3.5600
4.0613
4.4104
4.2244
4.3213
4.1620
4.3879
3.9070
3.6466
4.1351
4.1088
3.0075
3.9033
5.4366
3.7443
3.9750
4.0266
4.6302
3.8891
3.9773
3.2673
3.5996
3.7941
3.8053
3.9511
4.2881
3.4151
4.0455
3.6519
3.4928
4.0316
4.2632
3.9149
3.6297
3.5698
3.1254
4.0261
3.8108
3.8522
3.7881
3.8234
3.2834
4.0342
3.5877
3.1869
3.9203
3.7884
4.0461
4.1108
3.4154
3.3223
3.8543
3.4263
3.4827
4.0313
3.9701
3.0413
3.1218
3.1573
3.8142
4.0710
4.3478
3.4517
3.8356
3.9500
3.9066
3.9853
3.8219
3.4992
3.9268
3.7006
4.0755
4.1599
4.1014
3.1303
3.8914
3.8287
4.0787
4.1654
3.6806
3.3819
4.0929
4.0601
4.0075
3.8367
4.3797
4.0198
3.4864
4.3379
4.0873
4.1012
3.9302
3.5997
3.7103
4.3762
5.2653
3.8061
4.0223
4.2143
3.6824
3.9687
4.2897
3.8607
3.3418
4.2545
3.7878
3.9459
4.0781
4.3090
3.9831
4.1245
3.9875
3.8006
3.8548
3.8214
3.5430
3.6099
3.7788
3.7972
4.0744
4.2694
3.9292
3.8165
3.6857
4.0435
3.5152
2.9173
4.1310
3.8677
3.9636
4.2886
4.2789
3.9773
3.5724
3.5098
4.1663
3.7812
3.0785
4.0455
3.5128
5.2187
4.1113
3.0623
3.9856
4.0514
3.9647
3.9779
3.6156
2.7471
3.4209
4.4369
4.0604
1.9632
4.0263
3.7517
3.7255
3.7199
3.6053
4.6833
4.0586
3.7902
3.7743
3.5830
4.0601
3.4226
4.0208
2.9833
4.1619
4.4534
4.4521
3.5071
4.0086
4.1556
3.9987
4.9565
4.1751
3.8886
3.8997
4.1900
3.3447
3.2736
2.9990
3.4799
4.4907
3.9651
3.8894
3.9503
3.9572
4.0108
4.4371
3.6058
3.5437
4.2101
3.8481
2.7029
4.0289
3.6701
3.9222
3.9044
3.4358
4.8130
4.4794
4.1686
4.1302
4.0068
3.8204
3.7052
3.6111
3.8224
3.8370
4.1323
5.0429
4.0071
3.7142
4.0898
3.4892
4.3500
4.0913
4.0589
3.7884
4.9328
3.7911
4.2769
4.0525
3.6027
3.8512
3.8248
3.8118
3.8813
5.2481
3.9970
4.2098
4.0139
3.7134
5.1578
3.4959
3.8535
3.3935
4.0504
3.1795
3.8676
4.0940
3.6259
4.3951
3.9083
3.8230
3.4741
4.1091
3.6860
3.9652
4.0092
3.9672
4.2357
4.1934
4.0609
3.9112
4.7550
4.1253
3.6641
3.4117
4.1164
4.0686
4.1666
3.7754
3.6631
1.9102
4.1364
4.0264
3.8280
4.0905
3.9260
4.1842
3.6719
3.2349
3.8575
4.0063
4.0183
3.8075
3.5421
4.1231
3.8792
3.5422
4.0822
3.7570
4.1682
4.0500
3.7715
3.3447
4.4268
3.9336
5.4711
3.1846
3.9691
3.5325
4.0963
4.0914
3.7483
3.0209
4.1294
4.0530
3.5060
3.7988
3.8594
5.5328
4.4301
4.1836
3.6664
4.6407
3.5174
3.7431
3.9484
3.8871
3.7352
4.0783
3.4664
3.6436
3.3333
3.7813
3.4603
4.1428
3.9861
4.1378
4.3192
3.7919
3.7220
3.1083
3.3687
3.8026
3.7352
4.1121
3.9275
3.9299
3.8589
4.0902
4.5631
3.5179
3.9472
3.6332
4.0651
3.8663
3.5517
3.8099
3.6814
3.9555
2.9828
3.6289
4.0509
3.8963
4.0570
4.3152
3.5167
3.6567
3.5938
3.8610
3.7107
3.7805
4.0486
4.2265
3.9277
4.1605
3.1185
3.9211
3.7540
3.8445
3.9202
3.9864
3.4474
4.0050
2.7108
4.2292
4.0405
2.6716
4.0141
3.6778
4.5191
3.7099
3.9446
3.1798
4.1469
3.6419
3.6917
3.3566
3.6857
3.7107
3.8630
3.7394
3.9802
3.8507
4.0206
3.8152
4.6071
3.7644
3.9629
4.5376
3.4826
4.6419
3.4600
3.9786
2.7242
4.0113
4.0744
4.0888
3.4625
3.9580
3.6173
5.4780
3.6762
3.4858
4.0353
3.7746
3.7894
3.0534
3.7853
5.5386
4.1567
4.0505
4.1843
3.9473
4.1578
4.0659
3.8912
4.0045
4.0025
3.9808
4.7060
3.8999
4.0132
3.6798
4.0720
4.1528
4.2033
3.7875
3.9415
3.5785
4.0034
3.8731
3.9350
3.6752
4.8446
4.1800
3.9844
3.9116
3.3074
3.9810
3.4076
3.4993
3.7052
2.9845
3.9974
5.3472
4.0592
4.2128
3.5939
3.9389
4.2503
4.1158
3.7042
3.6154
4.0206
4.0691
4.0749
3.6127
3.8592
3.5788
3.8480
3.9636
3.7416
4.5129
4.1027
3.6718
3.9201
3.4403
4.0947
4.2540
4.3929
3.2470
3.8807
3.9415
4.2398
2.5878
3.7199
4.0050
4.2238
3.9929
4.1454
3.8930
4.4575
3.8077
3.9488
4.0560
4.1931
3.8575
3.4887
4.2802
3.3511
4.1562
4.0367
3.5841
3.5807
3.9935
4.2457
4.2990
4.0157
4.1340
3.4752
4.3575
3.7311
4.1876
3.9813
3.4301
3.2500
3.6262
4.0865
3.8695
3.6197
4.0628
3.4832
4.1855
3.7760
3.5391
4.1286
3.6656
4.2575
3.5763
4.0339
3.5720
3.8353
3.9791
3.9298
4.3610
4.0581
4.0704
3.5909
3.9510
3.6108
3.5432
3.5342
3.9985
3.8940
3.9690
3.5965
3.5810
3.7136
4.1826
4.0640
4.0260
4.4606
4.0007
2.1118
4.1390
3.7452
3.6435
3.8204
3.8940
3.4377
4.2385
4.0524
3.6556
4.4305
3.7409
4.1030
3.8535
3.9050
3.9854
4.0245
3.6232
4.7208
4.1341
3.6958
3.9202
4.8371
5.5299
4.1532
3.7901
3.6414
4.1469
3.5446
4.2039
2.8226
3.7296
2.9487
3.7513
4.0356
3.6658
4.5682
3.8651
5.6045
1.9264
2.9903
4.0836
4.0968
3.7817
4.1674
3.8865
3.9199
3.9936
2.6391
2.1847
3.6506
3.7037
3.9659
3.8843
3.8204
3.7866
4.2668
3.7422
3.9891
3.8501
4.2226
2.6571
3.7043
3.7406
3.5107
4.0268
3.9095
4.0002
2.8449
3.7605
3.4400
4.0053
3.5895
4.0150
3.5873
3.9352
4.1321
4.1457
4.7100
4.2564
4.3675
4.1293
3.8217
3.9808
4.1093
3.9947
4.1062
4.3139
3.6526
3.8586
3.7106
3.1134
3.4566
3.4586
3.8569
3.6537
4.4165
3.3801
4.0829
3.8243
3.5644
4.0928
3.6052
3.8365
4.2362
4.4507
4.0160
3.7032
3.8454
3.8665
4.2125
4.1061
3.9685
3.7104
4.0259
3.9067
4.1647
4.0465
4.6382
4.0699
3.9557
3.6268
3.9100
4.0475
4.2435
3.8499
4.0162
3.6660
3.9267
3.9927
4.0477
4.0670
4.1670
3.4578
4.0535
4.0160
3.9111
3.7229
3.8696
3.6364
4.1444
4.0586
4.2853
3.9929
3.7877
3.9700
3.8934
3.8556
3.9568
5.6587
4.0459
4.0890
3.5734
2.2407
3.3409
3.8491
4.1830
3.4951
4.1987
3.7928
3.8336
4.2064
3.7289
3.9703
4.0026
3.8884
3.7433
3.8269
4.2358
4.1935
3.2011
3.9410
3.9296
3.8015
3.3634
3.6125
3.9686
1.8583
3.6708
3.6855
3.6709
4.0739
4.0259
3.7304
4.0438
4.2800
4.2586
4.1023
4.7021
3.5519
3.7830
4.1344
4.0800
3.8757
4.6565
4.2378
4.1431
3.3281
4.1782
3.9235
4.1297
4.0270
3.3144
3.6256
3.9251
3.2577
3.7931
3.9838
3.1943
4.6170
3.9214
3.9546
3.9730
4.2495
3.4885
3.6251
3.8189
4.2800
4.0266
3.4481
3.8901
4.6106
3.6568
4.0522
3.8008
3.8817
3.4384
3.7198
3.8883
3.9453
4.4834
3.7981
3.2523
3.7773
3.6809
4.1654
4.1899
3.4815
3.9880
4.2130
3.4262
4.0523
3.3364
4.0808
4.4352
4.2119
3.7831
3.7337
3.4763
4.0651
3.4928
3.7865
4.0943
3.9387
3.7113
4.2643
4.2402
3.8983
2.6358
3.5822
4.3911
3.6365
4.0812
3.8845
4.0580
4.3125
3.7498
3.8755
4.0212
3.9931
4.5258
3.7698
4.2420
3.6911
3.9632
3.3870
4.4309
3.8948
4.3065
3.1590
3.8029
3.9487
4.0556
4.4052
4.0751
3.4196
4.1063
4.0494
3.9690
4.1182
3.9684
3.8930
3.6811
3.9994
4.4210
3.7104
3.7100
3.5606
4.2606
4.0963
3.8800
3.8991
3.7809
3.5447
4.0041
4.0010
3.3063
3.9482
3.6230
3.9862
4.0011
3.8388
4.2864
3.9409
3.5502
4.1757
3.7235
4.0700
4.0464
3.7992
3.1382
4.5758
3.9692
5.0883
3.8362
3.8155
3.7754
3.8026
4.1228
4.0711
4.2316
4.1555
3.8773
4.3952
4.1085
3.8259
3.8271
4.1938
4.0538
4.0607
4.0172
3.6438
3.9200
3.4091
3.8640
4.1388
3.4719
4.2178
4.1711
5.3001
3.9296
3.9630
4.4887
4.2388
4.1291
3.7716
3.7580
4.0326
3.7856
3.9304
4.0220
3.4467
3.9674
3.1567
4.4813
3.3975
3.8945
4.8198
3.6251
4.2039
4.1613
3.4633
4.1631
4.2792
3.9529
3.9448
3.8564
4.0520
3.9026
4.0846
3.9878
3.8753
3.6410
3.5706
3.6217
3.5309
3.6371
3.7620
1.9686
3.9398
3.7756
3.8988
3.8685
3.8580
3.7148
4.3840
4.3475
4.6033
3.6052
4.0805
3.5994
3.0721
3.9341
4.0573
3.9218
3.5845
3.6427
2.9230
3.7602
4.0952
3.9025
5.5068
3.7240
3.6441
3.8711
3.8287
3.7479
3.5204
2.9699
4.5812
3.6019
4.0984
3.9252
2.3780
3.6451
3.9935
3.3910
3.7061
3.7893
3.5899
3.6709
4.2095
3.7251
4.2914
4.5059
4.2042
4.1415
3.9223
5.3228
4.0044
3.8146
3.8372
3.9854
3.9840
3.6385
3.6661
3.2020
3.8279
3.9462
3.7510
3.9472
4.2890
4.4686
4.0734
3.7887
4.0780
4.4580
3.5525
4.2444
3.9001
3.4521
3.8203
2.0096
3.2042
3.9406
3.6060
3.8919
4.2260
3.5609
3.9266
3.8653
3.7413
3.9535
2.4426
4.1074
3.9852
3.6207
4.0098
3.6439
5.5681
4.2728
4.0521
4.1001
4.1828
3.3099
4.0748
3.1965
4.4072
3.6332
4.2734
3.9843
4.6977
4.0834
3.6243
4.0628
3.9621
3.9159
4.2363
3.8949
4.3067
3.9708
3.7980
4.1967
3.8816
3.5711
4.0802
4.2778
3.9191
3.9968
4.6856
4.2133
3.2006
3.7824
4.1998
3.8067
3.1123
3.6361
3.9113
3.9953
4.2078
4.0236
3.9113
4.0229
3.8486
4.0197
2.6914
3.7703
3.9755
4.1583
3.9977
4.2119
3.9196
3.8432
3.4454
3.7537
1.9953
4.5205
4.2686
3.9412
3.8207
3.9198
4.3155
3.4400
3.8856
4.5660
4.1836
3.8706
3.2891
3.7984
4.4911
3.9727
3.7599
3.6433
4.3572
4.0481
3.6000
3.5970
3.8461
3.1935
3.7917
3.7752
4.0009
4.4117
4.1562
4.0149
3.1376
3.7922
3.2847
3.2938
4.0616
3.9819
4.3243
3.7533
4.0488
4.1618
3.9540
3.9615
4.2515
4.7659
4.0795
4.2694
4.3156
3.9761
4.2045
4.5585
4.0029
4.1436
2.9992
3.9563
4.4268
4.0603
4.0262
4.1107
4.6371
4.0343
3.6056
4.0177
5.5756
5.2464
4.4092
4.0163
3.9639
4.4762
3.7996
3.9092
3.6113
3.8359
4.1221
3.7313
3.6027
3.5243
3.9665
3.4532
4.2134
3.8545
3.7461
4.0736
3.6210
3.7560
4.3081
3.8237
4.0362
4.5100
3.7823
4.7763
3.4056
4.4302
3.6070
4.2107
4.1264
3.6492
4.1145
4.4124
3.5370
3.9396
3.6204
3.6725
4.2423
3.9712
4.2650
4.2665
4.1095
3.4297
3.7301
4.2193
3.7942
3.9034
3.6868
4.1622
3.8936
4.1945
3.0628
3.8461
4.5424
4.3484
4.0270
3.5119
4.2376
3.0061
4.3237
3.5490
3.2825
3.8476
3.8223
4.0582
3.8841
4.3264
3.5564
4.1065
3.7020
4.0729
4.1409
4.1111
5.4803
3.5280
3.8390
4.0194
3.5396
3.8460
4.2384
3.6232
3.4632
4.0316
3.6730
3.0772
3.9150
4.1438
5.3356
3.8791
4.1714
4.6245
3.9726
4.1065
3.7211
3.9448
3.1947
4.1312
3.8997
4.0042
3.8530
4.4663
3.8984
3.5568
3.7430
3.7412
3.3334
4.0402
3.6607
3.2289
3.5598
4.1027
3.6793
5.2514
3.7447
4.0620
3.9866
4.0916
4.1202
3.7774
4.0747
3.6497
3.6305
4.1479
4.6096
3.7508
3.9920
3.9513
4.4723
3.5215
3.7779
3.8782
3.6069
3.9508
3.5757
3.9797
3.0095
4.0128
3.5021
5.4525
3.3764
4.3378
4.0605
4.5562
4.0188
3.9684
4.0276
4.0823
3.8640
3.6501
3.9731
4.1968
3.7427
4.3410
2.2222
3.7241
3.9069
3.5251
4.0775
3.6946
3.2672
3.7246
3.8536
3.9144
4.2959
3.6420
4.0759
3.5253
4.1009
3.3899
4.8331
4.3290
3.8767
4.3062
4.2361
4.1439
4.0590
3.9414
4.0471
4.2275
2.9436
3.8661
4.3131
3.3313
4.0746
3.6945
4.3587
3.8871
3.5716
4.2122
3.9500
4.5953
2.6937
4.3612
4.1083
3.6379
3.7452
3.8785
4.1784
3.5225
4.3498
3.4760
4.2421
4.6621
3.5288
4.5908
3.4942
4.0064
4.2984
3.7920
4.4845
3.4189
4.0763
4.3692
4.5762
3.8456
4.0124
3.8198
3.9762
3.9457
4.3374
3.6440
4.0318
3.9080
3.6529
3.9737
4.2686
4.2902
3.9669
4.3544
4.2963
3.9878
4.1717
3.5855
3.7012
3.6905
3.8524
4.0034
4.1133
3.8376
3.0860
3.8971
4.0062
4.0357
3.8022
4.1786
5.0844
3.5193
3.7973
3.5897
3.9416
3.4346
4.0888
3.9161
3.9911
4.7259
3.9170
3.6002
3.8807
3.7050
4.2135
3.7064
4.1121
3.8673
3.9731
1.9074
4.0409
4.0098
4.3294
4.0877
3.8714
4.0457
3.6826
5.1995
4.5841
3.9369
4.0190
3.8470
4.0157
4.2276
3.2645
3.9243
4.1316
3.9566
3.6808
4.2400
3.7860
3.9761
4.0700
3.8808
3.7241
4.0689
3.8793
3.8722
4.6960
5.2830
3.9339
4.0610
3.9112
4.1193
3.7495
3.5764
4.3206
3.6530
4.1865
3.7302
3.7621
4.1552
3.5015
4.3619
3.6704
1.9165
4.0773
3.9836
4.4266
3.6930
4.1163
3.9558
3.7140
3.8993
4.2742
4.2824
3.6980
4.2642
3.7360
2.2455
4.2777
4.0409
4.1746
4.0666
3.9640
3.8682
3.8389
4.4430
4.0965
3.2687
4.0522
4.1768
4.0155
3.8907
3.8214
4.3424
5.1063
2.3950
4.1623
3.3887
4.1947
3.5862
3.9975
3.6140
3.1212
3.7041
4.3606
4.3519
3.9256
4.0461
3.8446
4.2903
4.1597
3.8975
3.8946
3.9571
3.7824
3.9481
3.6730
4.1885
4.5611
4.0543
4.6362
2.2593
3.8673
4.1069
3.8647
3.7995
3.8054
4.1626
3.9181
4.0525
3.9444
3.5241
4.0951
3.6176
4.4353
4.0740
4.0483
3.4845
3.7798
4.2262
3.5715
4.5909
4.1157
3.6282
4.3319
3.8786
3.5954
3.7438
4.0222
3.6100
3.3838
3.3228
4.0866
3.5538
3.9813
4.1408
3.7994
4.0869
3.6630
4.1785
3.5987
3.5154
3.4036
4.0142
2.9076
3.4273
4.8752
4.7347
4.0316
3.4671
4.0058
4.0816
3.7388
4.1272
3.7167
3.7960
3.8371
3.2898
4.0036
4.0137
3.8102
4.2347
4.0302
3.3553
3.7360
3.5777
3.5687
3.4445
3.9527
4.1843
3.9659
3.0124
3.8608
4.2249
4.1700
4.3815
3.6386
4.4036
4.3614
3.5021
4.1115
4.3762
3.7205
3.9501
4.9296
4.2136
2.0185
5.5308
3.9966
4.1883
3.9172
4.3879
4.1276
3.7388
3.8629
4.3791
3.5979
3.9016
3.5840
4.1089
4.0492
3.6461
4.5112
4.1503
3.9777
3.6882
4.4274
4.7797
3.7282
3.9366
4.2690
5.3925
3.5092
4.0014
3.7671
4.0117
3.7505
3.7872
4.0694
3.9003
4.3180
4.1067
3.8558
3.6709
5.2217
4.1210
3.6149
4.4299
3.6844
3.4336
3.5883
3.7478
4.1029
4.0006
3.9186
4.0543
4.1445
2.6905
3.8940
3.8074
4.0156
4.0812
3.6728
3.9499
3.9940
4.4959
4.0056
3.3014
4.5356
4.0022
3.7537
3.2274
3.9621
3.9223
4.0809
3.7077
3.4518
2.9623
4.0948
3.7872
3.6602
4.2432
4.3887
3.7375
3.5718
4.3812
4.0456
3.5540
3.4378
3.2452
4.3140
3.6704
4.0900
3.7699
3.5868
3.7348
3.5905
3.6898
3.9328
3.8114
4.1229
3.5765
4.0578
3.9989
3.9194
3.4915
3.8607
3.7161
3.4050
4.4236
3.7368
4.4252
3.7491
3.5036
3.9260
4.3633
3.7235
4.1458
4.1021
4.2039
3.7541
2.9543
3.9282
3.7247
3.6292
4.2778
4.2200
3.6251
3.8551
3.6819
3.8348
4.2037
3.8478
3.8210
4.4400
3.7584
4.4785
3.4865
3.9957
3.5735
3.8827
3.7800
4.9925
3.7200
4.0184
3.7752
4.1097
3.4006
3.1411
3.5562
3.9808
3.7000
4.1713
3.2009
3.7298
3.8831
3.7004
3.9495
3.6230
4.4215
3.5497
3.7928
4.1495
3.6914
4.0402
4.2992
3.8563
3.5926
4.1133
4.1447
3.2972
2.5884
4.0209
4.1886
4.4849
3.4541
3.9475
3.5582
4.0796
4.2083
4.1187
3.5318
3.9096
3.0441
4.0167
4.1487
3.1487
3.6542
4.0951
4.0496
3.8244
3.9899
3.7479
4.1257
3.9337
4.4288
4.9260
3.6194
3.5214
4.6179
4.2287
4.0912
3.5113
3.7943
3.8635
4.0486
3.7469
4.0624
4.0710
4.2246
4.0812
3.7047
3.8320
4.0322
4.4393
3.9162
3.7410
3.8198
3.9736
4.1582
3.0863
3.9035
2.9670
3.1559
4.2349
3.9468
4.2112
3.9823
4.4183
4.0045
4.1161
3.8284
3.8189
3.8288
3.3917
3.9009
4.9187
3.5303
3.3854
4.1310
3.8375
4.2931
4.0652
3.8248
4.1815
4.6844
3.1542
3.7808
4.2665
3.3061
3.6796
4.7425
3.9482
3.6990
5.1518
3.5880
3.8651
4.0476
3.5172
3.5825
4.0841
4.3368
4.0147
3.7006
4.0959
3.6910
3.9870
3.9911
3.9955
4.5037
4.0481
3.8331
4.3221
4.0851
4.0497
4.3369
4.0238
4.1695
3.1060
3.7678
4.3044
3.9468
3.6328
3.4009
4.2295
3.6983
3.6584
3.5463
3.8183
3.7471
3.7396
4.3374
4.2383
3.8068
3.8056
3.4673
3.1369
3.2854
3.8365
3.8973
4.1528
3.7066
3.9396
3.8205
4.0330
4.2036
4.2461
3.7846
4.2420
4.1808
3.9558
3.4584
3.6588
3.5555
4.1300
3.5949
4.0915
4.3081
4.6770
4.2168
4.8699
4.0738
1.9301
3.8540
4.1459
4.0413
3.9681
4.2310
4.0824
2.8238
4.3940
3.7197
3.7299
3.6638
3.0157
3.9540
3.7868
3.9346
3.9658
4.6223
3.7169
3.0204
3.9010
1.8298
2.8717
3.7372
2.9754
3.5639
3.5981
4.2572
3.9897
3.5544
3.9216
4.3065
3.7086
4.2919
4.1014
4.0897
4.2394
2.7292
3.6160
3.9549
4.4951
3.6595
4.0673
3.7812
4.4879
4.0975
4.1384
4.2240
4.0095
2.7724
4.0310
3.0511
4.3133
4.0405
3.5782
3.5296
4.1486
4.1060
4.0119
3.0177
4.0171
3.5717
4.0366
3.3707
4.2710
3.6106
3.5179
3.5944
3.6557
3.7949
3.7281
3.7096
3.9255
4.1881
3.6345
3.0964
3.9922
3.9624
3.7943
3.9444
4.0155
3.3802
3.5745
4.0477
3.5761
3.8073
3.7458
4.1245
4.4117
3.9792
3.8285
3.9809
3.8862
4.2590
4.0808
2.4182
3.5549
3.7884
3.8983
3.6862
3.5436
3.8478
3.9923
3.7490
4.0392
3.8631
3.8760
4.1143
5.6006
4.0318
3.9655
4.1519
1.9893
5.1239
3.9444
4.0207
2.3619
3.3286
3.6735
4.1053
5.4680
4.0972
4.0851
3.6979
3.9404
3.0851
4.0451
4.4477
4.1147
3.7836
4.0837
3.2271
3.0413
3.4918
3.2999
4.1419
4.4251
3.1105
3.5391
4.7161
3.5864
3.8384
4.5375
3.5560
3.5204
3.3027
4.1372
3.2907
3.3154
3.9608
4.1424
5.2404
4.1116
3.5386
4.0495
3.5032
3.9856
3.8362
3.5390
4.0538
3.9807
3.8565
3.4679
4.0137
4.3720
1.9425
3.6378
4.0806
4.3496
3.5171
3.1844
4.6890
4.5316
3.6161
3.5824
3.9222
3.8967
3.6224
2.7950
3.9485
3.7200
3.9274
4.2413
3.6496
5.4390
3.9318
4.0405
4.3902
3.8732
3.6736
3.6650
4.3999
3.6514
4.0297
4.2378
4.6197
3.4769
3.7027
3.9266
4.0927
3.8641
3.9258
3.7651
3.9790
4.1646
4.0543
3.9669
4.0905
3.3831
3.8415
3.5175
3.9773
4.1793
3.6280
3.6542
4.2320
4.7346
3.5548
4.0701
3.5097
3.3548
4.0482
3.6471
4.2718
5.1711
3.2841
3.5819
3.6717
2.9581
3.5928
3.8712
4.0856
3.6807
4.1812
4.0538
3.0115
3.7508
3.5816
4.0601
3.7870
3.3567
3.7926
5.4677
4.0178
3.9253
4.1006
3.7004
4.2669
3.9577
3.9549
4.5161
3.6012
4.0379
3.7510
3.5855
5.0326
3.8200
3.9897
3.6759
3.8532
4.2314
3.8456
3.9570
3.3331
4.1907
4.1716
3.7191
4.1476
4.0310
3.7752
3.8006
3.7797
4.1599
4.0013
2.7837
3.8265
3.9909
3.6254
3.5591
4.2097
5.1432
3.3377
4.0699
3.9742
3.9887
3.6802
3.9532
4.0386
4.0900
3.2780
2.8510
4.1643
3.6258
4.3528
3.6465
3.6903
3.8434
4.1933
4.1653
3.7789
3.5968
4.2701
3.8917
3.6051
4.0096
3.5260
3.6526
3.9442
4.0207
3.5581
4.1772
2.6581
3.5752
4.4599
3.6151
4.2658
3.8819
4.1212
3.9846
5.1712
4.2884
4.1165
3.2385
5.1551
4.0589
3.9052
3.4770
3.5993
3.5196
3.9094
3.9838
3.6311
4.1463
3.9605
4.0871
3.9110
3.6607
3.2210
3.6534
3.7365
3.7837
3.4307
3.8131
3.8902
4.0627
4.4213
3.7433
3.8204
3.8273
5.1731
3.7651
3.5066
3.9258
3.1598
3.6422
3.4438
3.7606
4.1513
4.0805
3.8125
3.6515
3.4465
3.6124
3.7691
3.2247
4.1439
3.4295
3.7333
3.6618
3.9580
4.0222
3.4634
3.8680
2.7546
3.9202
5.1511
4.2009
3.9554
3.9496
3.9130
4.0281
3.5887
3.9101
3.5999
3.9053
3.7340
3.3945
3.9981
3.7703
3.6208
5.3077
4.1960
3.5413
3.7385
3.7961
4.1740
4.2944
3.7374
4.0689
4.1713
3.5217
3.1984
4.1313
5.1524
2.7186
4.0975
3.8674
4.0119
4.1676
3.4895
3.8410
5.2016
4.0257
3.2040
4.1424
3.7806
3.9324
3.2642
3.6847
3.8138
2.6492
4.8207
4.2332
4.3819
4.9264
4.5182
3.6075
4.0673
3.5969
3.8193
4.3601
2.7072
3.4505
4.1070
3.9517
4.2744
3.5379
4.3168
4.0272
4.0916
4.2158
4.3009
3.8558
3.1591
3.5067
4.0873
4.3148
3.3682
3.8635
5.2586
3.5360
4.7873
4.1182
3.7817
3.3162
3.6248
3.8967
3.8758
3.9270
3.7383
3.6974
4.1842
3.2845
3.1977
3.5838
3.9521
4.3442
3.8688
4.1826
3.9848
3.7099
3.9360
3.1180
4.0319
4.0726
4.3515
4.0077
3.9415
4.2791
3.6841
3.4051
4.0006
3.2571
3.8709
4.2034
3.7728
3.7690
3.9310
3.6525
3.9359
3.7916
4.2113
3.7618
3.1190
3.6948
4.6535
4.1945
3.1911
4.1260
3.6426
3.3824
3.3913
3.8921
4.0225
3.9122
3.6847
3.7747
3.9801
3.8718
3.5846
3.6182
3.8198
3.5594
3.8709
3.9933
3.3039
4.1855
3.7382
3.8503
3.9845
4.7543
3.6034
3.9526
3.9936
4.0335
4.2770
3.9794
3.5298
2.7321
3.9236
4.1218
3.8140
2.8467
4.2883
3.7812
2.7028
3.5933
4.0531
3.9645
4.0671
4.1030
3.6439
2.1927
3.7732
3.3662
3.9992
2.7431
4.6376
4.1860
3.1962
3.7065
4.3244
4.0149
3.8124
3.5212
3.7824
3.4548
3.8052
3.6313
3.8088
3.7070
3.3726
4.2898
4.2764
4.2275
4.1341
3.9331
4.2769
3.9896
4.0519
3.6493
4.1832
4.2265
2.7692
3.9303
4.3020
4.9972
3.8473
3.6039
3.3079
4.4936
3.7055
4.0070
3.7943
3.7601
3.6498
3.0690
3.9784
4.0377
4.2826
5.2094
3.1866
2.9982
3.8309
3.8129
3.8891
4.3824
2.8816
3.4962
3.8913
4.4247
4.3118
3.8379
3.7097
3.0672
3.8999
3.5045
4.0215
3.3305
4.0120
4.3728
3.9335
4.2052
3.2700
4.0501
4.1362
5.7202
3.1177
3.8555
4.0753
3.5819
3.3792
4.2929
3.4754
3.9275
4.0443
4.0153
3.7745
4.1429
2.8618
3.3941
3.6425
2.9778
4.1739
3.7703
3.6093
4.0006
4.1864
3.9966
4.1057
3.9923
3.6760
4.6675
3.6434
4.0458
4.4097
4.0207
4.5486
3.8921
4.0368
3.6602
3.2087
2.9639
3.5860
3.7182
3.7462
2.9007
4.2552
3.8968
4.0664
3.8225
4.0066
2.9932
4.4365
4.1433
4.0266
3.7103
4.3506
4.5138
3.0680
4.3081
3.7366
2.8118
5.3290
3.7840
3.6834
3.8867
3.8641
4.1022
3.7587
3.6877
4.1632
3.7810
4.1140
4.5351
3.8578
3.4541
3.0529
4.1359
3.8599
3.8992
3.4006
4.4397
4.0473
3.1739
3.5903
3.2635
5.2373
4.0132
3.8019
3.7666
3.9813
4.0129
3.1152
3.3082
4.2267
3.6138
4.0189
3.8051
3.5719
3.6976
3.7162
3.9313
4.0383
4.3562
4.0444
3.8865
3.8004
3.8502
3.9120
3.7268
3.8197
3.6606
3.2788
4.0833
5.1888
4.1965
3.9221
3.5422
3.4884
4.1838
4.0707
3.4416
4.3490
4.6037
3.3904
4.0499
2.9694
3.9161
4.7866
3.9391
3.2161
3.8845
3.6594
3.5171
4.1895
5.1350
3.7337
4.0248
3.8261
3.9767
3.8430
3.2389
3.0310
3.6731
3.9728
4.6561
4.0255
4.2219
4.0043
5.1887
3.6187
4.1637
3.1919
3.8585
3.8064
4.1203
3.7778
3.8631
3.1888
3.3510
3.7150
4.0617
4.0775
3.8815
4.1032
3.0607
3.6062
3.1581
3.8344
4.1224
3.6960
3.9829
4.1553
3.4647
4.0835
3.9958
3.9747
3.1163
5.0722
4.2397
3.0887
3.6154
3.7352
4.1589
3.4638
4.0882
2.9715
4.1801
4.2209
4.9031
3.5820
3.7664
4.3326
3.8742
3.6089
3.8717
4.0761
4.1640
3.5303
4.0292
3.3421
3.9476
3.8176
4.0104
4.0664
4.1708
3.6839
3.3589
3.9917
3.6789
3.6282
3.1356
4.1932
3.7838
3.8159
3.6714
4.1265
3.9073
3.8113
3.0991
4.0531
3.5724
3.2049
4.0061
3.2044
4.2361
5.2053
4.2406
4.0056
4.0134
3.1426
3.5181
4.3128
4.0959
4.0318
3.7102
3.5106
3.0425
3.6777
3.7562
4.2356
4.0320
3.9833
3.5397
3.9057
4.1849
4.3848
4.2081
3.4835
3.7230
3.8526
3.8170
4.0159
3.8643
4.1988
3.5657
3.9946
5.1139
3.9008
4.0481
4.2603
3.9020
3.0314
5.1782
3.7167
3.3833
3.7522
3.6771
4.0161
3.7724
2.5200
5.5957
3.5788
4.9270
3.0080
3.9037
4.1666
3.4331
3.3957
3.7202
3.5557
3.7278
3.8631
4.2260
3.8148
5.2394
3.8112
3.5904
3.9103
4.1135
3.3693
3.5998
3.8995
3.9226
4.0367
3.9908
4.1772
3.8587
3.8947
3.7472
3.6625
3.0677
3.6613
4.0201
4.5720
3.9273
2.9561
4.0095
5.1356
3.9135
4.1449
4.0928
4.2539
3.9230
4.2110
3.7135
3.3795
4.0154
3.2805
3.9807
3.9858
4.2508
4.1586
4.0749
3.7745
4.0451
3.5653
3.5848
3.9465
3.9763
3.8502
3.4744
3.8702
3.5222
3.9364
3.9098
4.0359
4.0798
4.0998
4.0876
3.7175
4.3975
4.0071
3.1995
4.1303
5.4866
3.9176
4.1761
4.0721
4.2329
3.7109
3.8729
3.8788
3.6336
3.6875
3.8339
2.5496
4.0105
3.9207
4.0046
4.0595
4.0749
3.3713
3.9804
4.0664
3.4892
4.1235
3.8602
3.8069
3.7370
3.0950
3.7375
3.7937
3.8201
3.8796
4.9055
4.5862
4.4708
3.6871
4.0998
4.0209
3.8614
3.1037
3.9977
3.8439
5.2171
3.9204
4.0625
3.1278
3.9191
3.7952
4.1360
2.6794
4.0557
3.9392
3.6664
4.0166
3.3383
4.4318
3.9099
4.3321
4.1892
3.9806
3.9792
4.2580
4.0486
4.1047
3.9587
4.5273
3.0382
3.6477
4.1759
3.8915
4.0991
3.9367
3.6666
3.7010
4.5094
3.7727
3.8389
3.9210
4.4561
4.0915
3.8257
2.6348
3.9665
4.0035
3.9481
3.7016
3.7479
4.0822
3.7156
3.6100
3.4070
3.5542
4.1937
3.8019
3.9375
3.8463
3.9365
3.9184
4.1644
3.5270
3.3591
3.7839
3.8568
4.2485
4.1887
3.7649
3.9965
4.0036
3.5000
3.4689
3.7186
3.5409
3.7865
3.7226
3.4648
3.7791
3.9989
3.5755
3.7605
3.8056
3.6257
4.2151
3.0690
2.8329
3.5620
4.0494
4.2373
3.7829
4.0252
3.7944
3.8724
3.0457
3.8892
3.9419
3.7515
3.7156
3.2395
3.4534
3.8491
4.9523
3.5593
3.6765
3.4330
3.3713
5.1816
4.0997
4.1428
3.8342
4.0069
5.0942
3.8922
4.1030
4.0214
3.7347
3.9000
3.6470
4.2136
3.0343
4.1670
5.3421
4.0414
3.8437
3.9680
4.1540
3.8012
4.0911
3.7087
3.3581
3.8624
2.7944
3.9627
4.1783
3.9310
4.2800
3.7040
3.8958
3.3822
2.6009
4.0863
3.6002
3.2162
3.8594
4.1532
4.0444
3.8907
3.7655
3.2894
4.0321
4.0469
4.4411
4.0315
4.1899
3.2309
4.4349
3.8576
4.0422
3.9856
4.7310
3.8821
3.7535
3.8470
3.1624
4.0357
4.0349
3.8542
3.9869
3.9873
3.9814
3.9641
3.9969
3.6088
4.1133
4.1142
3.1762
4.0399
2.8271
4.1705
4.0213
4.0291
5.1379
3.3063
5.0491
4.0840
3.6424
2.9609
3.9038
3.1348
4.6538
3.9804
3.3992
4.1886
3.7876
3.4879
3.6495
3.4331
4.0444
4.6107
3.4379
3.2309
3.6483
4.6817
3.3987
5.1531
3.8357
4.0179
3.7184
3.8864
3.5144
3.2548
3.6699
4.0334
3.6934
3.3017
3.1832
3.9380
3.9811
3.7713
3.7672
3.5610
3.5611
4.0331
4.0682
4.0735
4.1783
1.9775
4.0889
3.8017
5.2493
3.2861
2.1869
3.0482
3.7858
3.5817
3.6575
4.1503
3.8931
3.4319
3.6408
4.0182
5.0239
3.6827
3.9366
3.5375
4.0976
3.9618
3.4729
4.2549
4.3011
3.6381
3.8766
3.4131
4.1974
3.9404
3.7400
4.1157
4.1711
3.7474
4.2045
3.6932
3.4565
2.6449
4.2141
3.3885
3.8096
3.8318
4.4473
3.6476
2.6874
4.0303
2.1274
3.1277
4.2998
3.9977
3.7542
3.4870
3.7230
3.6036
3.9170
3.8009
3.9709
2.6725
3.9397
5.0718
3.8340
4.0592
2.7403
3.5376
4.5115
3.2710
4.0937
4.2143
3.9409
4.3476
4.4402
2.6755
3.0619
4.2603
3.5369
3.3962
4.1170
3.5691
3.7752
2.8974
5.0338
3.8485
4.0584
4.2941
4.0390
3.6586
4.1739
3.3910
3.8830
4.6868
3.9912
3.7103
3.3337
3.7287
2.9125
4.3884
4.2866
3.0012
3.3900
3.3631
4.0105
4.0809
4.0571
3.3331
3.6464
4.0672
3.6466
3.9981
4.1211
3.5513
3.1513
3.8305
4.2015
3.6840
5.2189
3.1835
4.0661
3.3606
3.7028
4.0386
3.9564
5.1856
4.0011
3.9166
4.3403
3.2362
3.6908
3.7788
4.1061
3.5994
3.9302
4.0523
3.8169
3.8264
3.9961
3.6364
3.7796
3.8323
3.7973
3.8766
4.1818
4.6679
3.7419
3.8626
4.1149
2.0023
4.2503
3.8723
3.6369
3.9811
4.0183
3.6279
3.8640
3.9219
3.7749
3.5989
4.0737
3.2680
4.2844
4.0981
3.1688
4.0817
3.7110
2.0003
3.5686
3.4641
4.1151
3.6849
4.3807
4.1584
3.7800
3.6197
3.8173
3.7938
3.1586
4.0014
4.2000
3.9991
3.0455
3.2977
2.9275
4.1403
4.8588
4.1287
4.0412
3.3742
4.3460
4.0488
4.2864
4.1237
4.0883
3.5144
4.1570
5.5031
3.4725
3.7327
4.4137
3.9751
3.6528
3.5048
4.1614
5.3627
3.5274
4.1030
3.9312
3.7625
3.7816
4.0242
3.7733
3.7307
4.1370
3.5872
3.0440
5.6285
3.0093
3.9081
3.5492
3.6457
2.9311
3.7803
3.0498
3.8173
4.0865
3.4755
4.1137
3.7222
3.9230
3.6807
4.2497
3.8711
4.0929
3.8199
4.1492
3.4946
3.6061
3.9190
4.3862
3.7859
4.1369
3.1981
3.7201
3.4829
3.7141
4.1379
3.4634
2.9827
3.8504
3.9224
3.4442
4.0789
4.6839
4.0432
3.4380
2.8261
3.2959
3.5223
4.0907
3.9969
3.6920
3.3339
3.8880
3.9053
3.4518
3.9143
4.0728
3.4025
3.9475
4.4052
3.9841
3.6001
3.6588
4.3923
3.4533
4.1603
4.1041
3.1900
3.0700
3.7739
3.7927
3.7187
4.0099
3.5112
3.8525
3.8620
3.7572
3.8967
3.5685
3.7467
3.9949
4.0912
3.8664
3.9750
3.4080
3.2941
3.9752
3.9937
3.5526
3.8649
3.5883
4.8130
3.9991
3.8220
4.1305
3.3250
4.1240
3.7785
4.0073
4.2156
4.0883
4.0175
3.6693
4.2501
3.6021
4.1515
3.5813
3.9156
4.0012
3.2203
3.4775
4.2803
3.8622
3.5002
3.8943
3.7722
4.1019
5.1585
1.9790
3.9465
4.4841
3.2260
3.6771
4.0976
4.1258
3.7974
4.0925
3.9268
3.7903
4.3410
3.7023
3.7357
3.5771
3.7549
3.0555
3.8276
3.8535
4.0031
3.0845
3.2712
4.1018
2.3383
3.9773
3.7787
3.6392
3.1357
3.7901
4.0385
3.6259
4.3443
3.1438
3.9297
3.9241
3.4771
3.4505
3.4394
4.2123
5.2601
3.2365
5.0272
4.6316
4.3424
4.0877
3.7358
3.5800
3.7086
3.7839
3.9640
4.0663
3.8354
3.0746
2.8851
2.4721
4.0719
4.0776
3.5930
3.5481
3.8196
4.1059
3.7334
2.9846
3.6182
3.9863
3.5997
3.3771
3.7256
4.1137
3.5294
4.1244
3.6618
4.0203
3.3050
3.1987
4.1649
3.0551
4.0789
3.6909
3.3461
3.7346
3.5594
4.0806
4.0184
4.0924
4.0634
4.1411
3.6972
2.9138
1.8509
4.0024
1.9136
3.4631
3.9653
3.5371
3.9059
3.7537
4.1381
4.1166
3.5948
3.9510
4.0684
4.1609
3.5142
3.4146
3.5873
4.4836
4.1587
3.5257
3.7952
4.3859
3.3446
3.9330
3.9501
3.9690
3.9964
4.2247
3.9215
4.1163
4.3175
3.8275
4.0078
3.6948
3.9274
3.8148
3.5511
3.7819
4.0344
3.6918
3.6231
3.7069
4.0599
3.7694
3.6599
4.2010
2.8227
3.6219
3.9504
4.0451
4.0469
3.0964
3.2292
3.5135
2.9510
5.1632
4.0256
3.8996
3.6770
3.8124
3.5440
5.5568
4.2692
3.6987
4.0748
3.3681
3.0387
4.0030
4.1030
3.7352
3.7532
3.6195
4.1698
4.0785
3.9941
3.5076
3.6202
2.6992
3.7947
3.8686
4.1038
3.7677
4.1209
3.7223
3.7706
3.8546
3.9285
4.1635
5.1664
4.6559
4.2575
3.5362
2.0216
3.4719
3.6876
3.9232
3.6983
3.7225
3.9755
4.1940
3.7776
3.0807
3.8970
2.6928
3.4169
3.7800
4.8553
2.8092
3.5577
3.1489
3.5520
3.9695
4.0187
3.7791
3.5526
3.7998
3.4652
4.1012
3.7353
3.9262
3.8985
4.2447
3.9590
3.9828
3.7978
5.1548
2.1551
4.0049
3.8341
3.3402
3.9505
3.8937
3.8019
4.2191
3.6786
4.2908
3.5613
3.8554
3.7232
4.6168
4.1293
3.7896
4.1997
4.1300
3.8110
4.4026
3.9869
3.1925
3.9393
4.5460
3.9216
3.6752
3.8745
3.9064
3.6060
3.0368
3.6605
4.3012
3.7449
3.8787
4.1789
3.6231
4.2803
3.7538
3.8370
3.6026
4.0989
3.5579
4.0406
4.4961
3.2253
3.7631
3.7991
3.6219
3.8048
4.3510
4.1021
3.8752
3.6936
3.6045
3.8817
4.1326
4.1575
3.5074
3.5773
4.3399
3.7946
3.9622
3.9874
4.4640
4.6689
4.0920
3.7147
4.0004
3.5366
4.1319
3.9673
3.4389
3.8984
4.0885
3.8947
3.6789
3.0056
4.1459
3.8560
4.2429
4.0200
4.1619
4.0431
3.9522
3.3437
3.3187
4.9854
4.0684
3.4571
2.6481
3.6633
4.0292
3.9313
3.9419
4.0313
5.5292
3.1800
3.9699
4.0799
3.8089
3.8899
4.0937
3.5586
2.6847
5.1807
4.0035
3.7992
2.9589
4.1059
3.7115
4.6833
3.8374
3.7509
3.7815
3.8208
3.9323
3.4977
3.3134
3.8524
3.6237
3.6173
3.9091
3.4425
3.6424
3.9540
4.0138
4.0918
3.4940
3.3965
3.7637
3.7889
2.9908
4.5651
4.1280
4.1369
4.0798
3.8436
3.7743
3.8542
3.7330
4.2246
3.5340
3.8472
3.3822
4.0381
3.6627
4.0705
3.7272
3.3198
4.1664
4.2234
4.0789
3.2292
3.8967
4.0012
3.6942
4.0758
3.5950
4.0591
3.2204
3.1186
3.7636
3.1769
3.2839
3.5289
3.8047
4.2070
5.3004
3.7326
3.6157
3.5656
3.6167
3.9991
3.8451
3.8737
5.1519
2.8284
3.9597
3.9941
4.1357
4.3764
3.7554
4.2107
4.6425
3.7720
3.0690
4.1093
4.8459
3.7795
4.0813
3.3178
3.8430
3.8861
4.1096
3.3643
3.5942
4.2690
3.3781
3.7606
3.8927
3.9108
3.8612
3.6026
3.5968
3.2698
4.2544
3.0653
3.3734
3.7082
4.1530
2.8874
3.8297
3.8044
3.8044
3.8019
4.0348
4.0488
4.0135
4.0694
3.7516
4.2860
2.5469
2.9067
4.1229
4.1214
4.0724
3.9109
3.6944
4.2445
3.9034
3.8290
4.0123
4.1334
4.0353
4.0358
4.1700
3.9462
4.2275
4.1218
4.0403
3.9897
1.9911
4.1200
3.7104
4.0494
3.5851
3.8714
3.6861
3.5141
3.7685
3.9631
4.1655
3.9807
2.9849
4.0924
4.1416
2.1987
3.6662
3.7165
4.0691
3.9767
3.1554
3.9073
4.2828
5.4157
3.6079
4.7082
3.7183
3.5746
3.6105
4.0968
4.2364
4.0117
3.7082
3.9073
4.0352
3.4521
4.1418
4.1168
3.9147
3.9168
3.6615
4.8348
3.9674
4.0319
3.5362
3.8744
3.6434
3.7889
4.0220
4.2078
4.8055
4.4632
4.2641
3.1017
5.0777
3.9631
3.7045
4.1670
2.6681
3.6735
5.6287
3.9509
3.1353
4.2126
3.9345
4.1383
4.0200
3.6713
4.1119
3.8986
4.1487
3.9710
3.4944
3.9858
5.2520
4.0847
4.2113
4.0072
4.2296
3.7206
3.9472
3.9074
3.3815
3.5505
4.0071
4.3505
4.2285
3.9735
4.0473
3.5111
3.6276
3.9907
3.4318
4.1007
3.9990
3.2360
3.1009
3.1703
3.7735
3.5974
3.8793
2.2832
3.8386
4.0382
4.2282
3.8128
3.6922
3.9244
4.0336
4.1593
3.6384
3.6222
4.0103
3.9267
4.1404
2.7599
3.8195
3.1761
3.7507
2.9733
3.9980
4.0971
4.0305
4.0505
4.1773
3.7729
2.7437
4.1223
3.9899
3.8444
3.5781
3.1066
3.7533
4.0402
4.2652
3.9759
3.7743
4.0207
4.1670
5.0543
3.9746
4.8612
4.1294
5.6251
4.7976
4.2020
3.7158
3.6783
4.5151
4.0534
5.3571
3.4507
3.8809
4.2254
3.3168
4.3129
4.1048
5.6039
3.0351
3.7070
3.5236
4.0623
2.7896
4.0469
3.5579
3.9586
3.8074
4.0224
4.1676
3.8206
4.5092
3.6031
3.7691
4.0385
3.0342
4.1212
3.3998
4.0146
3.7743
3.7560
3.9297
4.1963
2.8062
3.3835
3.4331
3.2833
3.8149
3.9968
3.5973
3.4332
3.4702
3.8977
3.7327
4.2268
4.1514
3.5190
3.7715
3.8029
4.0561
4.0499
3.8502
4.0706
3.6036
4.1595
3.2361
3.8079
3.9207
3.1468
4.2593
3.7195
3.8222
3.7574
3.6308
3.8448
3.8091
4.1241
4.2321
3.7519
3.5075
4.0714
4.0154
4.2305
3.4839
4.0639
3.2803
4.0626
3.9826
4.0815
3.6241
3.7493
4.2695
4.1129
4.1612
4.1695
3.7653
3.4852
4.3924
4.2976
3.7300
3.9106
3.6754
4.1591
4.1359
4.0553
3.9680
3.4094
3.7492
3.5448
3.9446
4.1246
3.9921
3.6562
4.1807
3.9427
4.0192
4.1052
3.6788
3.5015
2.9397
3.7244
3.6196
4.1847
4.1355
3.8570
4.1843
3.8177
3.7481
5.1838
3.7619
3.8881
3.9157
4.1885
4.0042
4.1075
3.5183
4.2686
3.9543
3.6899
3.9873
3.5712
3.8041
5.1247
3.9557
3.8920
4.0452
3.1838
4.1982
3.3577
3.7088
4.1588
5.3160
3.7576
3.6752
3.3404
5.6198
4.1126
3.7353
3.0940
4.1392
2.8879
2.1202
4.1447
4.1738
3.5995
3.1259
3.6730
4.2801
3.8748
4.0185
3.9506
3.9700
4.2278
4.0147
4.0238
4.0837
4.2329
3.9518
4.1340
4.0986
4.1650
3.8702
3.7637
5.1600
4.0679
3.2108
4.6265
4.3146
3.6763
4.2577
3.4572
1.9405
4.0685
3.9543
3.8243
3.7562
3.8584
4.0334
4.7306
4.3868
4.2722
3.9827
3.8332
4.2772
4.2476
3.0134
4.2981
4.1316
4.2826
4.4246
3.3075
4.3844
3.2379
4.6911
2.6527
5.1562
3.8306
4.1419
3.8315
3.8866
3.1672
3.6395
3.9266
4.1526
4.1544
3.9231
4.3230
3.5966
3.9877
4.2006
4.2871
3.9037
3.8889
3.7048
2.6375
3.7711
3.2850
3.8158
4.4532
3.9631
3.1549
3.4225
3.9240
2.9008
4.0073
3.8550
4.1963
3.8403
3.8652
3.5844
3.7470
4.0098
3.4221
3.9002
4.2174
2.7034
2.9010
4.0636
4.1875
3.9234
3.6070
3.8194
4.0579
2.7806
4.1079
3.2130
3.4609
3.0055
3.7474
3.8569
3.6565
5.5031
3.8765
4.1031
3.1228
4.0710
3.5956
3.5918
3.6809
3.3446
4.0421
3.7499
4.0192
3.5631
3.7704
3.2876
4.1458
3.6616
4.3126
3.5755
4.4458
1.9443
4.7965
3.9413
3.7763
3.7264
3.9353
3.5543
4.0479
3.8406
2.0005
4.2223
4.4231
4.4425
5.4359
4.2691
4.1168
3.4793
3.6520
4.0948
3.7887
4.0466
4.2701
3.5568
4.1967
3.7701
3.8070
5.4960
4.2544
3.8211
4.6959
3.8534
3.9686
4.7008
4.0856
5.1491
3.8377
4.2029
3.8407
3.9582
3.5205
4.2508
4.4331
3.4576
3.6383
3.7566
4.0026
3.5343
3.3579
3.8638
3.8919
3.3642
3.9594
4.0830
3.7919
3.3590
4.4035
3.6640
3.7012
3.6087
3.8131
4.1008
4.1008
3.8636
4.0143
5.4404
3.7226
4.0890
4.2668
3.5569
3.8948
3.8756
4.0214
5.2257
2.5037
3.5853
3.9371
4.0563
4.2904
3.1528
4.0473
3.7861
3.7659
3.3794
4.0652
3.9256
3.8992
3.7552
4.0728
4.0211
3.4545
4.1788
3.9512
2.9331
4.1406
4.5108
4.1280
3.5386
4.0165
3.7423
4.0423
4.0448
3.0740
4.1742
3.5076
4.3075
4.4977
5.1843
3.6208
3.4468
3.9824
4.0387
3.5896
4.0359
4.1011
4.1966
2.8732
4.0935
4.3403
3.8714
3.9706
3.3610
3.7759
3.8529
3.2719
3.7858
3.9114
4.0046
3.9934
3.4697
4.3053
4.2544
3.3675
3.1077
3.9027
3.7964
4.0840
4.1930
4.0535
3.7540
3.5777
3.9775
4.2484
3.9966
3.9902
3.9129
3.9573
4.0812
4.0853
4.3361
3.3973
4.4867
